trade_date,ts_code,open,high,low,close,pre_close,change,pct_change,vol,amount
20100520,300081.SZ,42.01,45.0,38.82,39.28,38.78,0.5,1.29,83985.1,339262.1181
20100521,300081.SZ,35.4,38.76,35.35,38.18,39.28,-1.1,-2.8,47501.15,174308.047
20100524,300081.SZ,37.58,39.99,37.5,39.19,38.18,1.01,2.65,41661.17,162446.3578
20100525,300081.SZ,38.5,38.65,36.8,37.85,39.19,-1.34,-3.42,34226.45,128460.9433
20100526,300081.SZ,39.5,41.39,38.83,39.07,37.85,1.22,3.22,45537.91,181722.0065
20100527,300081.SZ,38.5,40.98,37.99,40.5,39.07,1.43,3.66,33607.32,133686.6246
20100528,300081.SZ,40.86,41.5,39.8,40.37,40.5,-0.13,-0.32,27867.38,112843.9571
20100531,300081.SZ,39.99,39.99,37.55,37.56,40.37,-2.81,-6.96,26123.95,101502.6533
20100601,300081.SZ,36.7,37.07,34.39,35.08,37.56,-2.48,-6.6,22644.61,80711.3821
20100602,300081.SZ,34.84,35.59,34.04,35.51,35.08,0.43,1.23,11037.92,38367.0212
20100603,300081.SZ,35.49,35.88,34.5,34.52,35.51,-0.99,-2.79,18389.18,65058.474
20100604,300081.SZ,34.05,35.16,34.05,35.08,34.52,0.56,1.62,10334.69,35767.8878
20100607,300081.SZ,34.33,36.25,34.05,36.03,35.08,0.95,2.71,18970.07,67468.4124
20100608,300081.SZ,35.88,36.46,35.51,36.41,36.03,0.38,1.05,16383.9,59180.586
20100609,300081.SZ,36.58,37.48,36.41,36.78,36.41,0.37,1.02,17904.31,66110.2251
20100610,300081.SZ,36.62,37.97,36.61,37.8,36.78,1.02,2.77,14430.89,54060.2588
20100611,300081.SZ,37.8,38.89,37.6,38.66,37.8,0.86,2.28,21766.27,83134.2188
20100617,300081.SZ,38.78,39.0,36.28,36.31,38.66,-2.35,-6.08,17592.97,66158.066
20100618,300081.SZ,36.2,36.38,34.8,34.99,36.31,-1.32,-3.64,11154.06,39460.4894
20100621,300081.SZ,35.0,36.48,34.61,36.45,34.99,1.46,4.17,8367.91,29843.327
20100622,300081.SZ,36.4,37.28,36.0,36.71,36.45,0.26,0.71,10839.23,39966.4887
20100623,300081.SZ,36.5,37.18,36.01,36.78,36.71,0.07,0.19,8934.9,32640.1924
20100624,300081.SZ,36.7,37.18,36.36,36.8,36.78,0.02,0.05,7551.69,27775.9713
20100625,300081.SZ,36.45,36.66,35.11,35.38,36.8,-1.42,-3.86,7866.35,28144.6508
20100628,300081.SZ,35.38,35.95,35.0,35.29,35.38,-0.09,-0.25,4627.93,16318.6168
20100629,300081.SZ,35.32,35.5,32.48,32.49,35.29,-2.8,-7.93,8468.58,28480.5531
20100630,300081.SZ,32.45,32.9,31.72,32.64,32.49,0.15,0.46,5599.13,18042.7382
20100701,300081.SZ,32.48,32.8,31.8,31.85,32.64,-0.79,-2.42,3574.34,11508.4396
20100702,300081.SZ,32.02,32.26,30.61,32.12,31.85,0.27,0.85,7570.63,23979.427
20100705,300081.SZ,31.7,31.85,30.66,31.5,32.12,-0.62,-1.93,4124.61,12909.6082
20100706,300081.SZ,31.26,32.37,31.26,32.13,31.5,0.63,2.0,4523.82,14495.5416
20100707,300081.SZ,32.14,32.37,31.75,32.17,32.13,0.04,0.12,5940.25,18981.9476
20100708,300081.SZ,32.22,32.28,31.56,32.16,32.17,-0.01,-0.03,5984.29,19150.368
20100709,300081.SZ,32.28,33.25,31.83,32.98,32.16,0.82,2.55,7284.4,23837.602
20100712,300081.SZ,32.65,33.16,32.65,32.95,32.98,-0.03,-0.09,5157.69,16977.675
20100713,300081.SZ,32.64,32.79,31.81,32.32,32.95,-0.63,-1.91,4708.53,15196.6424
20100714,300081.SZ,32.1,32.98,32.1,32.32,32.32,0.0,0.0,3972.47,12919.5291
20100715,300081.SZ,32.34,32.7,31.6,31.6,32.32,-0.72,-2.23,3425.56,11028.3674
20100716,300081.SZ,31.5,31.8,31.02,31.6,31.6,0.0,0.0,3820.16,11970.9549
20100719,300081.SZ,31.11,32.13,31.1,32.1,31.6,0.5,1.58,2803.11,8893.1966
20100720,300081.SZ,32.1,32.98,32.1,32.85,32.1,0.75,2.34,5784.24,18906.3644
20100721,300081.SZ,32.86,33.76,32.86,33.07,32.85,0.22,0.67,6155.63,20517.785
20100722,300081.SZ,32.95,33.35,32.71,33.29,33.07,0.22,0.67,3839.27,12691.7204
20100723,300081.SZ,33.19,33.7,32.97,33.34,33.29,0.05,0.15,5508.19,18315.5556
20100726,300081.SZ,33.4,33.77,33.15,33.6,33.34,0.26,0.78,4596.08,15354.8888
20100727,300081.SZ,33.59,33.59,33.03,33.04,33.6,-0.56,-1.67,4602.22,15289.3241
20100728,300081.SZ,33.09,33.57,33.04,33.55,33.04,0.51,1.54,6169.81,20596.8429
20100729,300081.SZ,33.6,34.15,33.48,33.88,33.55,0.33,0.98,9597.24,32419.2036
20100730,300081.SZ,33.89,34.25,33.62,34.01,33.88,0.13,0.38,5829.88,19769.4257
20100802,300081.SZ,34.02,34.48,33.89,34.47,34.01,0.46,1.35,6383.58,21846.3255
20100803,300081.SZ,34.47,34.5,33.6,33.6,34.47,-0.87,-2.52,6006.42,20511.2466
20100804,300081.SZ,33.71,33.8,33.02,33.61,33.6,0.01,0.03,4539.06,15113.2688
20100805,300081.SZ,33.65,34.47,33.3,33.66,33.61,0.05,0.15,5795.67,19721.5048
20100806,300081.SZ,33.8,34.7,33.46,34.67,33.66,1.01,3.0,8298.05,28473.98
20100809,300081.SZ,34.5,35.4,34.37,35.32,34.67,0.65,1.87,9749.65,34222.4978
20100810,300081.SZ,35.35,35.68,34.01,34.01,35.32,-1.31,-3.71,8766.62,30615.9218
20100811,300081.SZ,34.02,34.48,34.0,34.37,34.01,0.36,1.06,4711.07,16120.6583
20100812,300081.SZ,34.2,34.6,33.92,34.04,34.37,-0.33,-0.96,4532.69,15517.7645
20100813,300081.SZ,34.02,34.39,33.53,34.32,34.04,0.28,0.82,6794.71,23088.5684
20100816,300081.SZ,34.15,34.87,34.15,34.74,34.32,0.42,1.22,7889.32,27280.0391
20100817,300081.SZ,34.9,35.0,34.45,34.89,34.74,0.15,0.43,6992.74,24274.645
20100818,300081.SZ,34.99,35.06,34.43,34.57,34.89,-0.32,-0.92,6246.84,21662.4554
20100819,300081.SZ,34.58,34.85,34.48,34.74,34.57,0.17,0.49,5775.8,20033.3715
20100820,300081.SZ,34.6,34.6,33.13,33.4,34.74,-1.34,-3.86,15391.92,52135.3064
20100823,300081.SZ,33.4,33.5,32.21,32.48,33.4,-0.92,-2.75,17579.37,57509.5533
20100824,300081.SZ,32.47,32.88,32.06,32.78,32.48,0.3,0.92,7193.86,23454.5884
20100825,300081.SZ,31.7,31.94,31.2,31.26,32.78,-1.52,-4.64,22193.85,70181.4372
20100826,300081.SZ,31.19,31.55,31.19,31.5,31.26,0.24,0.77,6647.59,20848.1779
20100827,300081.SZ,31.54,31.82,31.3,31.8,31.5,0.3,0.95,7703.83,24330.0431
20100830,300081.SZ,31.91,32.48,31.81,32.42,31.8,0.62,1.95,10845.3,34932.0118
20100831,300081.SZ,32.29,32.5,32.11,32.34,32.42,-0.08,-0.25,8730.63,28153.773
20100901,300081.SZ,32.29,32.57,31.35,31.61,32.34,-0.73,-2.26,10008.41,32054.4018
20100902,300081.SZ,31.88,33.0,31.66,32.66,31.61,1.05,3.32,13921.37,44924.6852
20100903,300081.SZ,32.69,33.15,32.6,32.9,32.66,0.24,0.73,11287.26,37122.3581
20100906,300081.SZ,32.9,32.9,32.2,32.34,32.9,-0.56,-1.7,8226.41,26688.5639
20100907,300081.SZ,32.29,32.68,32.29,32.68,32.34,0.34,1.05,7987.17,25935.117
20100908,300081.SZ,32.67,32.67,32.29,32.6,32.68,-0.08,-0.24,6762.12,21971.8984
20100909,300081.SZ,32.65,32.86,32.01,32.07,32.6,-0.53,-1.63,7547.9,24533.1776
20100910,300081.SZ,32.1,32.38,31.82,32.23,32.07,0.16,0.5,5372.88,17264.7609
20100913,300081.SZ,32.18,32.65,32.1,32.52,32.23,0.29,0.9,6156.32,19976.3228
20100914,300081.SZ,32.79,32.79,32.19,32.25,32.52,-0.27,-0.83,5024.58,16260.9013
20100915,300081.SZ,32.21,32.25,30.65,31.2,32.25,-1.05,-3.26,10883.34,34058.2686
20100916,300081.SZ,31.1,31.27,30.09,30.35,31.2,-0.85,-2.72,6937.77,21236.8884
20100917,300081.SZ,30.36,30.58,30.24,30.29,30.35,-0.06,-0.2,3303.08,10031.7287
20100920,300081.SZ,30.1,30.48,29.66,29.68,30.29,-0.61,-2.01,3678.91,11019.4272
20100921,300081.SZ,29.7,29.88,29.41,29.45,29.68,-0.23,-0.77,3805.82,11231.6142
20100927,300081.SZ,29.58,29.86,29.49,29.83,29.45,0.38,1.29,2702.21,8031.3745
20100928,300081.SZ,29.9,29.9,29.32,29.34,29.83,-0.49,-1.64,3431.0,10160.999
20100929,300081.SZ,29.55,29.55,29.0,29.0,29.34,-0.34,-1.16,3381.05,9896.8392
20100930,300081.SZ,28.99,29.41,28.85,29.41,29.0,0.41,1.41,3849.25,11228.0596
20101008,300081.SZ,29.36,30.15,29.36,30.0,29.41,0.59,2.01,4476.27,13371.2863
20101011,300081.SZ,29.98,30.07,29.73,29.94,30.0,-0.06,-0.2,4755.32,14213.4981
20101012,300081.SZ,29.94,30.59,29.92,30.19,29.94,0.25,0.84,3245.98,9809.0764
20101013,300081.SZ,30.21,30.37,29.0,30.27,30.19,0.08,0.27,4851.52,14525.8749
20101014,300081.SZ,30.27,30.43,29.74,29.8,30.27,-0.47,-1.55,4875.16,14647.6643
20101015,300081.SZ,29.55,29.86,29.26,29.3,29.8,-0.5,-1.68,4512.03,13313.2098
20101018,300081.SZ,29.27,29.27,28.6,28.92,29.3,-0.38,-1.3,5460.56,15750.822
20101019,300081.SZ,28.8,30.92,28.8,30.55,28.92,1.63,5.64,11881.73,35986.7576
20101020,300081.SZ,29.98,30.9,29.83,30.38,30.55,-0.17,-0.56,8950.38,27240.6129
20101021,300081.SZ,30.2,30.4,29.88,30.07,30.38,-0.31,-1.02,5284.84,15918.7984
20101022,300081.SZ,30.31,30.69,30.06,30.57,30.07,0.5,1.66,7119.13,21714.1479
20101025,300081.SZ,30.7,31.26,30.7,31.1,30.57,0.53,1.73,9511.98,29440.7781
20101026,300081.SZ,31.1,31.12,30.5,30.86,31.1,-0.24,-0.77,5391.65,16569.27
20101027,300081.SZ,30.88,31.2,30.67,30.8,30.86,-0.06,-0.19,6281.35,19419.5992
20101028,300081.SZ,30.05,30.48,29.39,29.73,30.8,-1.07,-3.47,12073.84,36012.5091
20101029,300081.SZ,29.75,30.27,29.7,30.01,29.73,0.28,0.94,8904.49,26725.3309
20101101,300081.SZ,30.13,31.1,30.13,30.86,30.01,0.85,2.83,15329.55,47083.6145
20101102,300081.SZ,31.24,31.28,30.41,30.48,30.86,-0.38,-1.23,9373.33,28827.6506
20101103,300081.SZ,30.48,30.55,29.88,30.0,30.48,-0.48,-1.57,5430.34,16402.0542
20101104,300081.SZ,30.16,30.46,30.0,30.3,30.0,0.3,1.0,6676.9,20198.0673
20101105,300081.SZ,30.47,30.86,30.24,30.74,30.3,0.44,1.45,7248.45,22161.3981
20101108,300081.SZ,30.82,31.59,30.69,31.49,30.74,0.75,2.44,13377.94,41802.3723
20101109,300081.SZ,31.53,31.54,31.06,31.2,31.49,-0.29,-0.92,10007.13,31269.2391
20101110,300081.SZ,31.2,32.0,31.2,31.8,31.2,0.6,1.92,13007.45,41272.3621
20101111,300081.SZ,31.76,32.3,31.38,31.38,31.8,-0.42,-1.32,14689.18,47055.6834
20101115,300081.SZ,30.0,31.85,29.81,31.8,31.38,0.42,1.34,15185.87,46745.6464
20101116,300081.SZ,31.6,32.58,30.8,31.2,31.8,-0.6,-1.89,16584.44,52925.4399
20101117,300081.SZ,31.13,31.87,30.9,31.02,31.2,-0.18,-0.58,9982.16,31343.6238
20101118,300081.SZ,31.22,31.59,30.8,31.33,31.02,0.31,1.0,6323.39,19727.8806
20101119,300081.SZ,31.57,32.75,31.01,32.68,31.33,1.35,4.31,16094.36,51641.1508
20101122,300081.SZ,32.58,33.66,32.36,32.73,32.68,0.05,0.15,24091.07,79358.7555
20101123,300081.SZ,32.7,32.7,31.97,32.58,32.73,-0.15,-0.46,10413.72,33625.6666
20101124,300081.SZ,32.34,33.33,32.28,32.99,32.58,0.41,1.26,10494.87,34606.5478
20101125,300081.SZ,33.06,33.6,32.35,32.65,32.99,-0.34,-1.03,11337.18,37305.0436
20101126,300081.SZ,32.42,32.9,32.4,32.83,32.65,0.18,0.55,7432.31,24296.5474
20101129,300081.SZ,32.8,33.57,32.51,33.5,32.83,0.67,2.04,10941.1,36268.7215
20101130,300081.SZ,33.5,33.78,31.84,32.8,33.5,-0.7,-2.09,14812.43,48515.8465
20101201,300081.SZ,32.61,34.55,32.5,34.0,32.8,1.2,3.66,22497.75,76029.578
20101202,300081.SZ,34.32,34.37,33.62,34.16,34.0,0.16,0.47,16002.96,54383.501
20101203,300081.SZ,34.38,34.38,33.34,33.73,34.16,-0.43,-1.26,9480.31,31944.1047
20101206,300081.SZ,33.52,33.68,32.01,32.1,33.73,-1.63,-4.83,9889.95,32305.5355
20101207,300081.SZ,32.1,32.39,31.41,32.36,32.1,0.26,0.81,5504.67,17621.7993
20101208,300081.SZ,32.2,32.7,31.8,32.01,32.36,-0.35,-1.08,5354.07,17207.1344
20101209,300081.SZ,31.8,32.0,31.4,31.4,32.01,-0.61,-1.91,6034.56,19074.0087
20101210,300081.SZ,31.57,31.85,31.33,31.84,31.4,0.44,1.4,3435.96,10879.7273
20101213,300081.SZ,31.99,33.22,31.87,32.87,31.84,1.03,3.23,7860.25,25754.4713
20101214,300081.SZ,32.78,33.14,32.57,32.88,32.87,0.01,0.03,7705.34,25318.7768
20101215,300081.SZ,32.8,33.58,32.64,32.65,32.88,-0.23,-0.7,6892.45,22779.5131
20101216,300081.SZ,32.66,33.35,32.66,32.78,32.65,0.13,0.4,5893.54,19459.0564
20101217,300081.SZ,32.99,33.55,32.7,33.53,32.78,0.75,2.29,7800.25,25890.7677
20101220,300081.SZ,33.6,34.18,32.23,33.0,33.53,-0.53,-1.58,9567.18,31875.3929
20101221,300081.SZ,33.0,33.27,32.6,33.26,33.0,0.26,0.79,4436.37,14636.3133
20101222,300081.SZ,33.3,33.92,33.0,33.65,33.26,0.39,1.17,7914.8,26622.9734
20101223,300081.SZ,33.26,33.76,32.31,32.44,33.65,-1.21,-3.6,6745.56,22189.5831
20101224,300081.SZ,32.4,32.61,31.47,31.8,32.44,-0.64,-1.97,7112.79,22656.268
20101227,300081.SZ,31.7,32.17,30.65,30.66,31.8,-1.14,-3.58,4874.65,15351.5392
20101228,300081.SZ,30.28,30.66,29.91,30.27,30.66,-0.39,-1.27,3844.06,11628.0336
20101229,300081.SZ,30.16,30.69,29.96,30.69,30.27,0.42,1.39,4180.85,12651.5904
20101230,300081.SZ,30.62,31.49,30.51,30.8,30.69,0.11,0.36,2995.88,9257.0234
20101231,300081.SZ,30.91,31.19,30.85,31.06,30.8,0.26,0.84,3290.77,10190.3963
20110104,300081.SZ,31.27,31.39,30.91,31.19,31.06,0.13,0.42,3771.55,11721.9238
20110105,300081.SZ,30.98,31.15,30.61,30.73,31.19,-0.46,-1.47,3598.69,11111.2502
20110106,300081.SZ,30.7,31.05,30.5,30.75,30.73,0.02,0.07,2898.28,8904.1648
20110107,300081.SZ,30.51,30.98,30.45,30.58,30.75,-0.17,-0.55,3225.06,9900.9652
20110110,300081.SZ,31.25,31.25,29.8,30.03,30.58,-0.55,-1.8,4838.5,14860.1698
20110111,300081.SZ,29.78,29.81,29.18,29.39,30.03,-0.64,-2.13,3589.36,10579.5814
20110113,300081.SZ,29.6,29.71,29.28,29.63,29.39,0.24,0.82,4994.46,14712.4079
20110114,300081.SZ,29.4,29.64,28.89,28.92,29.63,-0.71,-2.4,2961.6,8633.7229
20110117,300081.SZ,28.91,29.05,27.81,27.89,28.92,-1.03,-3.56,3854.82,10886.7131
20110118,300081.SZ,27.68,28.05,27.4,27.81,27.89,-0.08,-0.29,2145.98,5979.5897
20110119,300081.SZ,27.9,28.15,27.8,28.13,27.81,0.32,1.15,3131.11,8750.058
20110120,300081.SZ,28.1,28.13,26.8,26.8,28.13,-1.33,-4.73,3169.0,8669.4079
20110121,300081.SZ,26.51,27.1,26.25,26.73,26.8,-0.07,-0.26,2439.52,6541.8709
20110124,300081.SZ,26.88,26.88,26.4,26.4,26.73,-0.33,-1.23,1646.91,4386.6126
20110125,300081.SZ,26.4,26.62,26.32,26.51,26.4,0.11,0.42,1835.8,4855.4311
20110126,300081.SZ,26.72,27.3,26.69,27.11,26.51,0.6,2.26,2060.45,5560.1329
20110127,300081.SZ,26.91,27.33,26.8,27.24,27.11,0.13,0.48,2966.2,8037.6603
20110128,300081.SZ,27.22,27.57,27.2,27.5,27.24,0.26,0.95,2337.47,6395.425
20110131,300081.SZ,27.11,27.45,27.08,27.37,27.5,-0.13,-0.47,1820.83,4976.4722
20110201,300081.SZ,27.39,27.7,27.32,27.58,27.37,0.21,0.77,1674.11,4593.6509
20110209,300081.SZ,27.45,27.69,27.0,27.12,27.58,-0.46,-1.67,1609.01,4404.0581
20110210,300081.SZ,27.28,28.17,27.1,28.17,27.12,1.05,3.87,4457.2,12385.0744
20110211,300081.SZ,28.1,28.3,28.0,28.23,28.17,0.06,0.21,2657.71,7488.313
20110214,300081.SZ,28.25,28.98,27.98,28.9,28.23,0.67,2.37,4362.33,12456.1874
20110215,300081.SZ,28.88,29.11,28.62,28.83,28.9,-0.07,-0.24,4038.72,11687.4006
20110216,300081.SZ,28.83,29.0,28.51,28.97,28.83,0.14,0.49,2692.34,7755.6334
20110217,300081.SZ,29.09,29.22,28.6,28.82,28.97,-0.15,-0.52,2536.94,7318.9214
20110218,300081.SZ,28.73,29.21,28.22,28.96,28.82,0.14,0.49,6237.75,17990.1836
20110221,300081.SZ,28.78,29.2,28.53,29.18,28.96,0.22,0.76,2483.27,7199.076
20110222,300081.SZ,29.2,29.24,28.23,28.24,29.18,-0.94,-3.22,3342.96,9580.7444
20110223,300081.SZ,27.92,28.59,27.92,28.39,28.24,0.15,0.53,2357.69,6691.0357
20110224,300081.SZ,28.35,28.7,28.35,28.69,28.39,0.3,1.06,1695.78,4847.2531
20110225,300081.SZ,28.69,28.72,28.43,28.54,28.69,-0.15,-0.52,1968.41,5617.8983
20110228,300081.SZ,28.1,28.62,28.1,28.62,28.54,0.08,0.28,4353.64,12359.71
20110301,300081.SZ,28.6,28.85,28.5,28.71,28.62,0.09,0.31,2524.98,7231.1153
20110302,300081.SZ,28.55,28.64,28.17,28.4,28.71,-0.31,-1.08,4189.96,11850.7052
20110303,300081.SZ,28.34,28.52,27.65,27.72,28.4,-0.68,-2.39,3092.69,8693.5826
20110304,300081.SZ,27.8,27.8,27.31,27.65,27.72,-0.07,-0.25,4120.03,11348.5112
20110307,300081.SZ,27.8,27.93,27.62,27.8,27.65,0.15,0.54,4337.36,12026.1754
20110308,300081.SZ,27.8,28.18,27.66,27.86,27.8,0.06,0.22,3625.97,10097.6171
20110309,300081.SZ,27.99,28.08,27.82,27.93,27.86,0.07,0.25,2684.08,7487.5477
20110310,300081.SZ,27.86,28.17,27.86,27.97,27.93,0.04,0.14,2960.8,8302.1208
20110311,300081.SZ,27.91,28.3,27.82,28.2,27.97,0.23,0.82,4604.14,12932.4068
20110314,300081.SZ,28.1,28.77,28.02,28.73,28.2,0.53,1.88,7076.63,20174.9443
20110315,300081.SZ,28.75,28.75,27.8,28.3,28.73,-0.43,-1.5,4855.81,13749.3304
20110316,300081.SZ,28.1,28.49,28.01,28.4,28.3,0.1,0.35,2826.28,8015.1606
20110317,300081.SZ,28.33,28.33,27.85,27.9,28.4,-0.5,-1.76,3030.62,8486.615
20110318,300081.SZ,28.15,28.15,27.92,27.98,27.9,0.08,0.29,1411.83,3948.597
20110321,300081.SZ,27.88,28.06,27.66,27.72,27.98,-0.26,-0.93,1823.08,5062.3726
20110322,300081.SZ,27.79,27.85,27.55,27.8,27.72,0.08,0.29,2168.61,6000.3692
20110323,300081.SZ,27.77,27.93,27.56,27.82,27.8,0.02,0.07,1988.19,5530.8512
20110324,300081.SZ,27.94,27.94,27.71,27.78,27.82,-0.04,-0.14,1977.65,5495.9113
20110325,300081.SZ,27.78,27.91,27.7,27.86,27.78,0.08,0.29,2007.22,5589.2766
20110328,300081.SZ,27.85,27.86,27.62,27.63,27.86,-0.23,-0.83,3232.9,8977.0692
20110329,300081.SZ,27.52,27.63,26.7,26.75,27.63,-0.88,-3.18,6551.07,17679.2254
20110330,300081.SZ,26.73,26.98,26.31,26.54,26.75,-0.21,-0.79,2270.98,6034.0711
20110331,300081.SZ,26.61,26.92,26.59,26.61,26.54,0.07,0.26,1575.51,4205.6565
20110401,300081.SZ,26.7,26.93,26.7,26.92,26.61,0.31,1.17,1358.51,3647.7293
20110406,300081.SZ,27.01,27.07,26.76,26.77,26.92,-0.15,-0.56,1233.92,3310.5263
20110407,300081.SZ,26.95,26.95,26.75,26.85,26.77,0.08,0.3,957.0,2567.854
20110408,300081.SZ,26.85,27.14,26.8,27.04,26.85,0.19,0.71,1782.06,4801.092
20110411,300081.SZ,27.04,27.2,26.6,26.68,27.04,-0.36,-1.33,2413.62,6471.513
20110412,300081.SZ,26.6,26.84,26.53,26.67,26.68,-0.01,-0.04,1608.49,4285.3161
20110413,300081.SZ,26.61,26.98,26.61,26.94,26.67,0.27,1.01,1439.89,3869.7099
20110414,300081.SZ,27.0,27.0,26.78,26.81,26.94,-0.13,-0.48,1404.7,3771.4174
20110415,300081.SZ,26.95,26.95,26.68,26.73,26.81,-0.08,-0.3,922.0,2466.058
20110418,300081.SZ,26.74,26.88,26.61,26.85,26.73,0.12,0.45,1432.77,3832.4097
20110421,300081.SZ,26.0,26.27,25.75,25.84,26.85,-1.01,-3.76,8401.44,21722.1001
20110422,300081.SZ,25.84,25.86,25.55,25.66,25.84,-0.18,-0.7,3147.08,8064.5478
20110425,300081.SZ,25.61,25.61,25.0,25.0,25.66,-0.66,-2.57,2969.68,7493.3397
20110426,300081.SZ,24.91,24.91,24.22,24.27,25.0,-0.73,-2.92,3273.34,7998.6488
20110427,300081.SZ,24.28,24.45,23.89,24.0,24.27,-0.27,-1.11,2037.79,4938.1566
20110428,300081.SZ,24.1,24.27,23.3,23.31,24.0,-0.69,-2.88,1459.43,3469.6021
20110429,300081.SZ,23.48,23.7,23.09,23.61,23.31,0.3,1.29,1043.69,2450.4287
20110503,300081.SZ,23.67,23.94,23.18,23.75,23.61,0.14,0.59,1966.29,4632.8629
20110504,300081.SZ,23.74,23.93,23.37,23.47,23.75,-0.28,-1.18,1296.51,3069.5215
20110505,300081.SZ,23.38,23.7,23.3,23.49,23.47,0.02,0.09,1031.12,2427.0871
20110506,300081.SZ,23.5,23.55,23.28,23.4,23.49,-0.09,-0.38,1215.5,2844.8785
20110509,300081.SZ,23.49,23.69,23.46,23.57,23.4,0.17,0.73,1291.58,3045.4854
20110510,300081.SZ,23.51,23.63,23.33,23.56,23.57,-0.01,-0.04,1181.09,2773.1741
20110511,300081.SZ,23.43,23.69,23.34,23.64,23.56,0.08,0.34,1453.61,3424.4358
20110512,300081.SZ,23.63,23.69,23.23,23.25,23.64,-0.39,-1.65,1807.96,4254.6407
20110513,300081.SZ,23.25,23.38,22.7,23.01,23.25,-0.24,-1.03,2143.48,4921.449
20110517,300081.SZ,22.9,22.99,22.42,22.77,23.01,-0.24,-1.04,1962.92,4450.4683
20110518,300081.SZ,22.51,22.68,22.37,22.6,22.77,-0.17,-0.75,1659.83,3750.9814
20110519,300081.SZ,22.65,22.83,22.53,22.53,22.6,-0.07,-0.31,1806.43,4094.4692
20110520,300081.SZ,21.05,21.82,21.0,21.39,22.53,-1.14,-5.06,10813.84,23138.697
20110523,300081.SZ,20.91,21.24,20.34,20.34,21.39,-1.05,-4.91,7827.59,16253.9852
20110524,300081.SZ,20.18,21.24,20.09,20.92,20.34,0.58,2.85,6943.96,14375.2909
20110525,300081.SZ,20.81,20.9,20.1,20.21,20.92,-0.71,-3.39,8262.68,16840.0585
20110526,300081.SZ,20.2,20.4,19.81,19.85,20.21,-0.36,-1.78,4926.86,9869.8475
20110527,300081.SZ,19.8,20.3,19.62,20.02,19.85,0.17,0.86,7631.75,15291.7992
20110530,300081.SZ,20.0,20.79,19.93,20.35,20.02,0.33,1.65,7463.92,15236.8761
20110531,300081.SZ,20.35,20.72,20.12,20.69,20.35,0.34,1.67,6766.77,13829.1703
20110601,300081.SZ,20.69,20.87,20.53,20.67,20.69,-0.02,-0.1,4444.52,9180.2014
20110602,300081.SZ,20.5,20.5,19.99,20.18,20.67,-0.49,-2.37,3833.74,7728.3467
20110603,300081.SZ,20.15,20.56,20.15,20.55,20.18,0.37,1.83,3568.49,7285.3067
20110607,300081.SZ,20.42,20.57,20.3,20.33,20.55,-0.22,-1.07,4825.65,9839.7983
20110608,300081.SZ,20.43,20.46,19.89,20.2,20.33,-0.13,-0.64,5221.37,10500.5601
20110609,300081.SZ,20.21,20.21,19.79,19.84,20.2,-0.36,-1.78,3514.0,6993.8154
20110610,300081.SZ,19.83,19.9,19.33,19.61,19.84,-0.23,-1.16,4809.88,9437.707
20110613,300081.SZ,19.41,19.88,19.26,19.67,19.61,0.06,0.31,3574.54,7033.1732
20110614,300081.SZ,19.62,19.91,19.6,19.88,19.67,0.21,1.07,3697.4,7334.004
20110615,300081.SZ,19.89,19.95,19.53,19.58,19.88,-0.3,-1.51,2898.0,5738.4768
20110616,300081.SZ,19.64,19.64,19.11,19.16,19.58,-0.42,-2.15,3075.0,5944.4745
20110617,300081.SZ,19.26,19.28,18.71,18.81,19.16,-0.35,-1.83,3698.48,7057.0975
20110620,300081.SZ,18.96,18.96,18.38,18.5,18.81,-0.31,-1.65,5989.8,11125.3606
20110621,300081.SZ,18.66,18.74,18.46,18.74,18.5,0.24,1.3,2680.99,4986.2324
20110622,300081.SZ,18.75,18.87,18.53,18.62,18.74,-0.12,-0.64,1921.82,3586.9676
20110623,300081.SZ,18.65,19.37,18.44,19.22,18.62,0.6,3.22,7001.86,13345.4214
20110624,300081.SZ,19.02,19.68,19.02,19.62,19.22,0.4,2.08,7501.31,14585.6134
20110627,300081.SZ,19.6,20.08,19.48,19.76,19.62,0.14,0.71,6334.1,12524.9832
20110628,300081.SZ,19.6,19.87,19.59,19.8,19.76,0.04,0.2,3151.21,6216.8572
20110629,300081.SZ,19.66,19.94,19.63,19.65,19.8,-0.15,-0.76,5687.89,11276.299
20110630,300081.SZ,19.7,19.96,19.56,19.82,19.65,0.17,0.87,3986.88,7883.9245
20110701,300081.SZ,19.8,20.17,19.75,19.95,19.82,0.13,0.66,5849.49,11707.636
20110704,300081.SZ,20.12,20.27,20.0,20.27,19.95,0.32,1.6,5632.76,11370.2183
20110705,300081.SZ,20.25,20.39,20.15,20.24,20.27,-0.03,-0.15,5021.95,10165.4155
20110706,300081.SZ,20.22,20.4,19.93,20.38,20.24,0.14,0.69,6802.03,13714.618
20110707,300081.SZ,20.22,20.97,20.16,20.45,20.38,0.07,0.34,10711.22,22099.1963
20110708,300081.SZ,20.44,20.47,20.13,20.2,20.45,-0.25,-1.22,4648.83,9429.5563
20110711,300081.SZ,20.18,20.33,20.06,20.28,20.2,0.08,0.4,4092.42,8269.9652
20110712,300081.SZ,20.22,20.22,19.64,19.68,20.28,-0.6,-2.96,5170.25,10270.6142
20110713,300081.SZ,19.72,20.17,19.69,20.16,19.68,0.48,2.44,5236.36,10464.7725
20110714,300081.SZ,20.25,20.95,20.18,20.87,20.16,0.71,3.52,14133.86,29177.6096
20110715,300081.SZ,20.28,21.2,20.0,21.19,20.87,0.32,1.53,30785.26,63592.0656
20110718,300081.SZ,21.01,21.4,20.7,20.9,21.19,-0.29,-1.37,14209.02,29849.3588
20110719,300081.SZ,20.65,20.78,20.26,20.43,20.9,-0.47,-2.25,7481.0,15292.9372
20110720,300081.SZ,20.42,20.65,20.3,20.54,20.43,0.11,0.54,5155.71,10548.4639
20110721,300081.SZ,20.54,20.57,19.95,20.06,20.54,-0.48,-2.34,6679.0,13484.0528
20110722,300081.SZ,20.06,20.36,20.04,20.18,20.06,0.12,0.6,4699.03,9487.3022
20110725,300081.SZ,20.18,20.24,18.88,18.96,20.18,-1.22,-6.05,9308.11,18062.328
20110726,300081.SZ,18.96,19.22,18.65,19.13,18.96,0.17,0.9,5428.61,10360.9246
20110727,300081.SZ,19.09,19.35,18.91,19.3,19.13,0.17,0.89,3883.58,7444.9922
20110728,300081.SZ,19.14,19.28,18.81,19.04,19.3,-0.26,-1.35,4646.52,8811.2131
20110729,300081.SZ,18.95,19.12,18.82,18.86,19.04,-0.18,-0.95,3257.97,6174.5978
20110801,300081.SZ,18.87,19.14,18.79,19.0,18.86,0.14,0.74,3681.48,6987.6062
20110802,300081.SZ,19.0,19.42,18.22,19.42,19.0,0.42,2.21,9579.29,18240.364
20110803,300081.SZ,19.19,20.15,19.16,19.85,19.42,0.43,2.21,12448.45,24682.0649
20110804,300081.SZ,19.87,20.0,19.6,19.67,19.85,-0.18,-0.91,6828.34,13491.0417
20110805,300081.SZ,18.97,19.25,18.8,18.91,19.67,-0.76,-3.86,5509.08,10492.79
20110808,300081.SZ,18.5,18.66,17.04,17.28,18.91,-1.63,-8.62,9533.77,16979.264
20110809,300081.SZ,16.9,17.18,16.2,16.98,17.28,-0.3,-1.74,7197.72,12066.6835
20110810,300081.SZ,17.15,17.46,17.15,17.16,16.98,0.18,1.06,5202.31,8987.7193
20110811,300081.SZ,16.87,17.55,16.55,17.4,17.16,0.24,1.4,6115.27,10507.0915
20110812,300081.SZ,17.5,17.96,17.42,17.68,17.4,0.28,1.61,5313.44,9429.341
20110815,300081.SZ,17.8,18.17,17.6,18.0,17.68,0.32,1.81,4776.94,8591.5582
20110816,300081.SZ,18.0,18.32,17.93,18.05,18.0,0.05,0.28,5809.28,10527.407
20110817,300081.SZ,17.93,18.25,17.61,17.95,18.05,-0.1,-0.55,6218.87,11183.1987
20110818,300081.SZ,18.08,18.3,17.89,17.89,17.95,-0.06,-0.33,9514.39,17227.9946
20110819,300081.SZ,17.39,17.6,17.25,17.59,17.89,-0.3,-1.68,4235.8,7383.8791
20110822,300081.SZ,17.61,18.24,17.52,18.13,17.59,0.54,3.07,6367.59,11442.6614
20110823,300081.SZ,18.19,19.9,18.05,18.76,18.13,0.63,3.47,14273.52,26595.9266
20110824,300081.SZ,18.83,19.0,18.48,18.5,18.76,-0.26,-1.39,9904.06,18533.7101
20110825,300081.SZ,18.51,18.77,18.28,18.75,18.5,0.25,1.35,6846.0,12718.05
20110826,300081.SZ,18.55,19.08,18.52,18.95,18.75,0.2,1.07,7017.85,13250.346
20110829,300081.SZ,18.93,18.98,18.7,18.78,18.95,-0.17,-0.9,4256.39,8028.2579
20110830,300081.SZ,18.85,18.99,18.34,18.35,18.78,-0.43,-2.29,5488.4,10270.7698
20110831,300081.SZ,18.35,18.58,18.1,18.39,18.35,0.04,0.22,4614.9,8432.4854
20110901,300081.SZ,18.32,18.66,18.11,18.27,18.39,-0.12,-0.65,3991.0,7367.4043
20110902,300081.SZ,18.1,18.39,18.01,18.15,18.27,-0.12,-0.66,3206.81,5820.3293
20110905,300081.SZ,17.82,18.18,17.3,17.31,18.15,-0.84,-4.63,2367.0,4170.517
20110906,300081.SZ,17.01,17.29,16.88,17.04,17.31,-0.27,-1.56,2832.0,4821.566
20110907,300081.SZ,17.14,17.46,17.1,17.42,17.04,0.38,2.23,3915.12,6770.9977
20110908,300081.SZ,17.5,17.55,17.14,17.15,17.42,-0.27,-1.55,2681.06,4669.0539
20110909,300081.SZ,17.15,17.38,17.01,17.1,17.15,-0.05,-0.29,2058.32,3534.7937
20110913,300081.SZ,17.01,17.01,16.74,16.89,17.1,-0.21,-1.23,1552.21,2615.4506
20110914,300081.SZ,16.89,17.36,16.78,17.36,16.89,0.47,2.78,4114.46,7040.289
20110915,300081.SZ,17.37,17.47,17.25,17.3,17.36,-0.06,-0.35,2014.07,3503.2874
20110916,300081.SZ,17.45,17.57,17.3,17.38,17.3,0.08,0.46,2648.34,4620.8617
20110919,300081.SZ,17.3,17.3,16.79,16.79,17.38,-0.59,-3.39,1735.79,2949.4367
20110920,300081.SZ,16.8,17.01,16.74,16.96,16.79,0.17,1.01,1208.21,2038.6189
20110921,300081.SZ,17.0,17.56,16.93,17.48,16.96,0.52,3.07,2512.22,4353.0758
20110922,300081.SZ,17.3,17.48,17.01,17.05,17.48,-0.43,-2.46,2294.09,3955.2984
20110923,300081.SZ,16.9,17.18,16.69,16.84,17.05,-0.21,-1.23,2001.45,3364.78
20110926,300081.SZ,16.84,16.94,16.7,16.7,16.84,-0.14,-0.83,1418.48,2385.6474
20110927,300081.SZ,16.81,16.97,16.74,16.88,16.7,0.18,1.08,1661.55,2803.8553
20110928,300081.SZ,16.93,17.1,16.58,16.64,16.88,-0.24,-1.42,2529.28,4270.2607
20110929,300081.SZ,16.98,16.98,16.3,16.32,16.64,-0.32,-1.92,2112.52,3483.3363
20110930,300081.SZ,16.32,16.5,16.12,16.33,16.32,0.01,0.06,1523.02,2480.7221
20111010,300081.SZ,16.58,16.59,16.29,16.33,16.33,0.0,0.0,1160.51,1897.3498
20111011,300081.SZ,16.52,16.95,16.38,16.59,16.33,0.26,1.59,3183.39,5304.7345
20111012,300081.SZ,16.54,17.19,16.3,17.19,16.59,0.6,3.62,3326.3,5643.8323
20111013,300081.SZ,17.2,17.78,17.05,17.5,17.19,0.31,1.8,5673.41,9937.5931
20111014,300081.SZ,17.5,17.66,17.29,17.52,17.5,0.02,0.11,3218.24,5628.6668
20111017,300081.SZ,17.58,17.71,17.41,17.6,17.52,0.08,0.46,2500.75,4404.7161
20111018,300081.SZ,17.55,17.59,16.93,16.95,17.6,-0.65,-3.69,3113.4,5363.497
20111019,300081.SZ,17.19,17.29,16.94,17.15,16.95,0.2,1.18,2706.16,4626.2771
20111020,300081.SZ,16.99,17.13,16.41,16.79,17.15,-0.36,-2.1,2939.01,4917.1213
20111021,300081.SZ,16.64,16.71,16.37,16.46,16.79,-0.33,-1.97,1624.84,2686.0679
20111024,300081.SZ,16.58,16.68,15.84,16.6,16.46,0.14,0.85,3391.24,5507.4956
20111025,300081.SZ,16.53,17.1,16.53,16.99,16.6,0.39,2.35,3857.28,6502.2396
20111026,300081.SZ,16.62,18.05,16.62,17.68,16.99,0.69,4.06,11120.19,19592.2073
20111027,300081.SZ,17.6,17.87,17.4,17.62,17.68,-0.06,-0.34,5433.03,9558.0598
20111028,300081.SZ,17.7,17.99,17.63,17.92,17.62,0.3,1.7,6319.88,11257.4699
20111031,300081.SZ,17.92,18.18,17.65,18.03,17.92,0.11,0.61,7537.01,13565.5065
20111101,300081.SZ,17.7,18.17,17.7,17.99,18.03,-0.04,-0.22,6303.86,11300.141
20111102,300081.SZ,17.78,18.76,17.51,18.48,17.99,0.49,2.72,11417.95,20888.2296
20111103,300081.SZ,18.53,19.14,18.38,18.4,18.48,-0.08,-0.43,14665.96,27567.665
20111104,300081.SZ,18.51,18.78,18.33,18.53,18.4,0.13,0.71,6480.01,11976.294
20111107,300081.SZ,18.45,18.64,18.32,18.36,18.53,-0.17,-0.92,4539.49,8379.2843
20111108,300081.SZ,18.35,18.55,18.04,18.09,18.36,-0.27,-1.47,4267.51,7809.7012
20111109,300081.SZ,18.17,18.6,18.02,18.58,18.09,0.49,2.71,7400.6,13567.5203
20111110,300081.SZ,18.4,19.48,18.38,18.85,18.58,0.27,1.45,19359.56,36835.7641
20111111,300081.SZ,18.81,19.54,18.65,19.35,18.85,0.5,2.65,14287.39,27349.3876
20111114,300081.SZ,19.52,19.63,19.08,19.43,19.35,0.08,0.41,31467.08,60625.5577
20111115,300081.SZ,19.2,19.28,18.95,19.15,19.43,-0.28,-1.44,15199.8,29048.015
20111116,300081.SZ,19.11,19.27,18.14,18.24,19.15,-0.91,-4.75,16250.49,30223.9976
20111117,300081.SZ,18.25,18.52,18.16,18.34,18.24,0.1,0.55,9388.76,17198.4825
20111118,300081.SZ,18.28,18.28,17.71,17.73,18.34,-0.61,-3.33,10967.71,19602.8986
20111121,300081.SZ,17.73,17.93,17.48,17.71,17.73,-0.02,-0.11,3809.3,6730.0444
20111122,300081.SZ,17.54,17.84,17.48,17.84,17.71,0.13,0.73,3563.8,6283.9093
20111123,300081.SZ,17.85,18.05,17.71,17.79,17.84,-0.05,-0.28,4248.33,7594.493
20111124,300081.SZ,17.51,17.75,17.31,17.6,17.79,-0.19,-1.07,4781.95,8353.8911
20111125,300081.SZ,17.41,17.6,16.9,16.97,17.6,-0.63,-3.58,7820.37,13515.841
20111128,300081.SZ,16.85,17.12,16.72,16.96,16.97,-0.01,-0.06,3303.61,5577.7043
20111129,300081.SZ,17.07,17.12,16.6,16.93,16.96,-0.03,-0.18,8993.95,15114.4379
20111130,300081.SZ,16.9,16.99,15.7,15.9,16.93,-1.03,-6.08,8567.66,13931.1051
20111201,300081.SZ,17.49,17.49,17.49,17.49,15.9,1.59,10.0,10150.45,17753.1371
20111202,300081.SZ,17.96,18.57,17.59,17.62,17.49,0.13,0.74,44888.48,81076.6478
20111205,300081.SZ,16.7,17.17,16.0,16.15,17.62,-1.47,-8.34,22562.29,37149.4647
20111206,300081.SZ,16.09,16.45,15.81,16.35,16.15,0.2,1.24,10098.15,16234.6145
20111207,300081.SZ,16.05,16.75,16.03,16.48,16.35,0.13,0.8,8895.39,14582.6862
20111208,300081.SZ,16.2,18.13,16.0,18.13,16.48,1.65,10.01,23908.19,41706.0726
20111209,300081.SZ,18.41,19.94,18.32,19.94,18.13,1.81,9.98,78885.73,153245.3655
20111212,300081.SZ,20.2,21.25,19.88,20.74,19.94,0.8,4.01,86638.58,176937.2849
20111213,300081.SZ,20.4,21.4,19.71,21.31,20.74,0.57,2.75,73715.34,150214.6789
20111214,300081.SZ,20.7,21.09,20.1,20.4,21.31,-0.91,-4.27,52692.75,108474.089
20111215,300081.SZ,20.13,21.96,19.6,19.71,20.4,-0.69,-3.38,80150.54,166795.2816
20111216,300081.SZ,19.21,21.68,19.2,21.68,19.71,1.97,9.99,94005.13,197399.4275
20111219,300081.SZ,22.5,23.85,22.33,23.85,21.68,2.17,10.01,94831.51,218048.3126
20111229,300081.SZ,22.5,22.84,21.47,21.6,23.85,-2.25,-9.43,83171.81,181666.6719
20111230,300081.SZ,21.86,22.57,21.33,21.68,21.6,0.08,0.37,57506.14,126027.1891
20120104,300081.SZ,21.87,22.35,21.38,21.66,21.68,-0.02,-0.09,45519.4,99111.5844
20120105,300081.SZ,21.0,21.0,19.49,19.49,21.66,-2.17,-10.02,62923.21,126288.1238
20120106,300081.SZ,18.94,19.31,18.5,19.2,19.49,-0.29,-1.49,43364.43,82189.8552
20120109,300081.SZ,19.0,20.13,18.91,19.9,19.2,0.7,3.65,58243.15,114023.3643
20120110,300081.SZ,19.68,21.89,19.55,21.89,19.9,1.99,10.0,52404.25,108447.9986
20120111,300081.SZ,23.0,24.08,22.81,24.08,21.89,2.19,10.0,97752.33,231479.3481
20120112,300081.SZ,23.8,24.58,23.15,23.44,24.08,-0.64,-2.66,77551.04,184504.2859
20120116,300081.SZ,21.95,23.3,21.5,22.18,23.44,-1.26,-5.38,52142.01,116617.9735
20120117,300081.SZ,21.88,23.48,20.51,22.98,22.18,0.8,3.61,67379.28,148041.9391
20120118,300081.SZ,22.99,24.3,20.68,20.68,22.98,-2.3,-10.01,70236.71,159854.0086
20120119,300081.SZ,19.21,20.2,18.9,19.58,20.68,-1.1,-5.32,48307.47,94269.4845
20120120,300081.SZ,19.45,20.49,19.41,19.56,19.58,-0.02,-0.1,33870.04,67215.7207
20120130,300081.SZ,19.83,20.5,19.58,19.76,19.56,0.2,1.02,34732.74,69596.3038
20120131,300081.SZ,19.7,19.9,18.21,19.3,19.76,-0.46,-2.33,37683.23,71150.0195
20120201,300081.SZ,19.0,19.55,18.5,18.7,19.3,-0.6,-3.11,35850.99,68122.9224
20120202,300081.SZ,18.69,19.53,18.6,19.53,18.7,0.83,4.44,40001.87,76502.8557
20120203,300081.SZ,19.32,20.26,19.08,20.1,19.53,0.57,2.92,46009.48,90529.2272
20120206,300081.SZ,19.99,20.01,19.5,19.7,20.1,-0.4,-1.99,35083.03,69296.3953
20120207,300081.SZ,19.67,20.51,19.48,19.75,19.7,0.05,0.25,44817.37,89497.704
20120208,300081.SZ,19.45,20.4,19.22,20.19,19.75,0.44,2.23,38458.1,76435.3307
20120209,300081.SZ,20.09,22.21,20.0,22.21,20.19,2.02,10.01,43548.14,93640.0181
20120210,300081.SZ,22.93,24.2,21.52,23.0,22.21,0.79,3.56,91632.54,206331.6487
20120213,300081.SZ,22.02,23.1,22.01,22.5,23.0,-0.5,-2.17,50430.79,113575.3807
20120214,300081.SZ,22.5,23.64,22.2,22.3,22.5,-0.2,-0.89,40637.25,92539.5312
20120215,300081.SZ,22.14,24.53,22.0,24.16,22.3,1.86,8.34,104283.12,248935.6059
20120216,300081.SZ,23.8,23.99,23.23,23.58,24.16,-0.58,-2.4,53145.77,125379.6772
20120217,300081.SZ,23.62,23.92,22.65,23.27,23.58,-0.31,-1.31,43776.58,102070.5493
20120220,300081.SZ,23.55,24.38,23.01,23.33,23.27,0.06,0.26,46129.94,109596.0469
20120221,300081.SZ,23.1,25.28,22.91,24.35,23.33,1.02,4.37,72710.88,176137.3959
20120222,300081.SZ,24.08,25.0,23.75,24.95,24.35,0.6,2.46,54662.77,132983.6713
20120223,300081.SZ,24.8,24.8,23.8,24.07,24.95,-0.88,-3.53,48769.97,118189.0542
20120224,300081.SZ,23.8,24.27,23.46,23.95,24.07,-0.12,-0.5,37166.85,88620.7707
20120227,300081.SZ,23.85,24.48,23.51,23.74,23.95,-0.21,-0.88,41507.39,99534.6828
20120228,300081.SZ,23.5,24.26,23.04,23.8,23.74,0.06,0.25,39146.93,92647.3086
20120229,300081.SZ,23.79,23.87,21.42,21.9,23.8,-1.9,-7.98,41271.8,92694.3208
20120301,300081.SZ,21.89,22.61,21.75,22.19,21.9,0.29,1.32,31519.32,70220.9436
20120302,300081.SZ,22.35,24.0,22.2,23.46,22.19,1.27,5.72,53964.79,125373.3213
20120305,300081.SZ,23.22,24.35,23.22,23.97,23.46,0.51,2.17,52659.99,125535.2883
20120306,300081.SZ,23.81,24.35,23.1,23.48,23.97,-0.49,-2.04,34201.94,80923.2713
20120307,300081.SZ,23.2,25.83,22.81,25.76,23.48,2.28,9.71,106678.43,268811.456
20120308,300081.SZ,25.3,25.67,24.94,25.34,25.76,-0.42,-1.63,57055.65,144023.8518
20120309,300081.SZ,25.52,25.84,24.92,25.36,25.34,0.02,0.08,41286.61,104719.4236
20120312,300081.SZ,25.5,25.78,24.68,25.5,25.36,0.14,0.55,44683.7,113007.2184
20120313,300081.SZ,25.85,25.85,24.7,24.93,25.5,-0.57,-2.24,37486.2,94006.543
20120314,300081.SZ,24.9,26.4,23.22,23.9,24.93,-1.03,-4.13,68131.56,171102.9978
20120315,300081.SZ,23.7,24.77,23.37,24.5,23.9,0.6,2.51,47137.87,114010.3218
20120316,300081.SZ,24.5,24.78,23.78,24.71,24.5,0.21,0.86,34491.54,84030.0698
20120320,300081.SZ,24.65,24.65,23.0,23.07,24.71,-1.64,-6.64,33124.49,78274.3913
20120321,300081.SZ,23.2,23.75,22.6,23.74,23.07,0.67,2.9,30640.38,71449.2773
20120322,300081.SZ,23.72,23.89,23.29,23.4,23.74,-0.34,-1.43,16775.99,39585.8107
20120323,300081.SZ,23.12,24.28,22.8,23.6,23.4,0.2,0.85,24457.51,57609.6253
20120326,300081.SZ,23.3,24.89,23.2,24.4,23.6,0.8,3.39,34500.5,83535.8067
20120327,300081.SZ,24.38,25.8,24.16,25.05,24.4,0.65,2.66,44001.45,109899.0828
20120328,300081.SZ,24.88,25.35,23.4,23.5,25.05,-1.55,-6.19,35303.36,86116.7423
20120329,300081.SZ,23.19,23.19,21.15,21.18,23.5,-2.32,-9.87,41266.1,89992.7126
20120330,300081.SZ,21.1,21.6,20.54,20.79,21.18,-0.39,-1.84,24048.53,50403.5045
20120405,300081.SZ,20.79,21.69,20.62,21.66,20.79,0.87,4.18,21897.21,46778.8778
20120406,300081.SZ,21.7,22.7,21.58,22.28,21.66,0.62,2.86,30922.87,68439.5964
20120409,300081.SZ,21.99,22.19,21.03,21.03,22.28,-1.25,-5.61,22302.14,48087.5456
20120410,300081.SZ,20.9,22.34,20.66,22.29,21.03,1.26,5.99,29741.83,64030.9575
20120411,300081.SZ,21.97,22.45,21.6,22.42,22.29,0.13,0.58,28852.26,63590.2693
20120412,300081.SZ,22.29,22.58,21.93,22.41,22.42,-0.01,-0.04,19834.8,44247.7335
20120413,300081.SZ,22.4,22.94,22.19,22.68,22.41,0.27,1.2,23959.45,54203.3362
20120416,300081.SZ,22.37,22.39,21.91,22.19,22.68,-0.49,-2.16,17060.76,37732.8918
20120417,300081.SZ,22.1,22.28,21.4,21.4,22.19,-0.79,-3.56,13457.76,29259.7563
20120418,300081.SZ,21.45,21.96,21.45,21.81,21.4,0.41,1.92,12106.36,26375.3377
20120419,300081.SZ,22.0,22.01,20.7,21.2,21.81,-0.61,-2.8,20275.99,43644.0961
20120420,300081.SZ,21.0,21.64,20.7,21.38,21.2,0.18,0.85,19080.99,40410.7288
20120423,300081.SZ,20.8,20.8,19.24,19.24,21.38,-2.14,-10.01,30832.52,60104.8131
20120424,300081.SZ,17.5,18.5,17.5,17.9,19.24,-1.34,-6.96,32813.3,58889.3469
20120425,300081.SZ,18.03,18.35,17.73,18.06,17.9,0.16,0.89,17493.49,31490.1909
20120426,300081.SZ,18.19,18.22,17.12,17.38,18.06,-0.68,-3.77,22775.44,40093.0809
20120427,300081.SZ,17.21,18.01,17.21,17.91,17.38,0.53,3.05,18536.74,32944.8618
20120502,300081.SZ,18.0,18.15,17.68,18.02,17.91,0.11,0.61,16799.21,30085.237
20120503,300081.SZ,18.12,18.76,17.83,18.5,18.02,0.48,2.66,20812.62,38197.8182
20120504,300081.SZ,18.38,18.95,18.32,18.6,18.5,0.1,0.54,18112.54,33838.2175
20120507,300081.SZ,18.48,18.98,18.4,18.89,18.6,0.29,1.56,15778.1,29516.338
20120508,300081.SZ,18.71,20.69,18.71,19.54,18.89,0.65,3.44,36175.63,71267.4905
20120509,300081.SZ,19.11,19.29,18.61,18.76,19.54,-0.78,-3.99,20832.35,39377.412
20120510,300081.SZ,18.74,19.19,18.73,18.83,18.76,0.07,0.37,12307.78,23343.1281
20120511,300081.SZ,18.95,19.25,18.6,18.63,18.83,-0.2,-1.06,9187.48,17324.3334
20120514,300081.SZ,18.77,18.91,18.16,18.27,18.63,-0.36,-1.93,11805.1,21868.9097
20120515,300081.SZ,17.86,18.25,17.73,17.94,18.27,-0.33,-1.81,8407.26,15060.1265
20120516,300081.SZ,17.94,18.2,17.87,17.95,17.94,0.01,0.06,7947.23,14329.7241
20120517,300081.SZ,17.96,18.32,17.56,18.22,17.95,0.27,1.5,10644.57,19197.5209
20120518,300081.SZ,18.06,19.25,18.02,18.58,18.22,0.36,1.98,21159.01,39673.0217
20120521,300081.SZ,18.49,19.13,18.22,19.13,18.58,0.55,2.96,18245.42,34497.7763
20120522,300081.SZ,19.3,19.49,18.79,19.02,19.13,-0.11,-0.58,15907.59,30285.174
20120523,300081.SZ,18.84,19.08,18.32,18.38,19.02,-0.64,-3.36,13109.66,24407.4919
20120524,300081.SZ,18.25,18.49,18.0,18.08,18.38,-0.3,-1.63,7871.1,14340.3258
20120525,300081.SZ,18.13,18.33,17.59,17.91,18.08,-0.17,-0.94,7128.6,12803.0937
20120528,300081.SZ,17.86,17.92,17.15,17.65,17.91,-0.26,-1.45,9861.08,17292.5559
20120529,300081.SZ,17.83,18.23,17.7,18.13,17.65,0.48,2.72,10007.68,18030.3004
20120530,300081.SZ,18.07,18.48,18.01,18.37,18.13,0.24,1.32,9058.63,16549.2389
20120531,300081.SZ,18.28,18.97,18.07,18.6,18.37,0.23,1.25,13646.27,25401.1383
20120601,300081.SZ,18.51,18.7,18.26,18.33,18.6,-0.27,-1.45,8232.04,15201.944
20120604,300081.SZ,18.05,18.05,17.06,17.07,18.33,-1.26,-6.87,12953.22,22648.2168
20120605,300081.SZ,16.99,17.28,16.99,17.1,17.07,0.03,0.18,6945.4,11924.7242
20120606,300081.SZ,17.14,17.68,17.11,17.25,17.1,0.15,0.88,8702.28,15184.9496
20120607,300081.SZ,17.5,17.58,16.8,16.99,17.25,-0.26,-1.51,7447.54,12832.2804
20120608,300081.SZ,17.11,18.49,17.01,17.87,16.99,0.88,5.18,20403.02,36261.0777
20120611,300081.SZ,17.78,18.22,17.6,18.22,17.87,0.35,1.96,14080.99,25372.0668
20120612,300081.SZ,18.05,18.09,17.68,17.75,18.22,-0.47,-2.58,10592.32,18919.9107
20120613,300081.SZ,17.92,18.18,17.83,18.13,17.75,0.38,2.14,10647.59,19181.7044
20120614,300081.SZ,18.1,18.44,17.72,17.8,18.13,-0.33,-1.82,11338.94,20503.317
20120615,300081.SZ,17.75,17.91,17.51,17.83,17.8,0.03,0.17,6420.1,11391.2963
20120618,300081.SZ,17.84,18.68,17.84,18.22,17.83,0.39,2.19,15895.37,29154.9085
20120619,300081.SZ,18.15,18.96,18.02,18.6,18.22,0.38,2.09,22965.91,42661.7876
20120620,300081.SZ,18.6,19.4,18.48,18.66,18.6,0.06,0.32,19162.82,36246.7713
20120621,300081.SZ,18.51,19.19,18.4,18.93,18.66,0.27,1.45,24876.8,46961.7062
20120625,300081.SZ,18.64,18.78,18.16,18.2,18.93,-0.73,-3.86,13015.7,23996.9319
20120626,300081.SZ,17.91,18.15,17.31,17.71,18.2,-0.49,-2.69,11785.71,20793.8486
20120627,300081.SZ,17.53,18.13,17.53,17.64,17.71,-0.07,-0.4,8860.55,15763.9986
20120628,300081.SZ,17.64,17.9,17.38,17.58,17.64,-0.06,-0.34,8984.36,15870.6423
20120629,300081.SZ,17.35,17.8,17.05,17.8,17.58,0.22,1.25,9731.49,17030.3423
20120702,300081.SZ,17.95,18.14,17.72,18.09,17.8,0.29,1.63,10733.09,19315.3744
20120703,300081.SZ,18.17,18.67,17.97,18.4,18.09,0.31,1.71,14894.27,27373.6935
20120704,300081.SZ,18.25,18.77,18.18,18.44,18.4,0.04,0.22,9220.47,17001.7717
20120705,300081.SZ,18.29,18.29,17.65,17.69,18.44,-0.75,-4.07,9475.07,16862.7072
20120706,300081.SZ,17.92,18.3,17.27,18.24,17.69,0.55,3.11,14485.65,25846.8204
20120709,300081.SZ,18.08,18.54,17.51,17.86,18.24,-0.38,-2.08,16139.04,29250.4295
20120710,300081.SZ,17.55,18.06,17.42,17.87,17.86,0.01,0.06,9316.22,16502.9241
20120711,300081.SZ,17.8,17.8,17.4,17.71,17.87,-0.16,-0.9,7066.11,12439.5477
20120712,300081.SZ,17.61,18.18,17.45,18.17,17.71,0.46,2.6,11649.41,20855.7413
20120713,300081.SZ,18.03,18.99,18.03,18.44,18.17,0.27,1.49,27654.52,51285.7689
20120716,300081.SZ,16.6,16.6,16.6,16.6,18.44,-1.84,-9.98,2417.0,4012.22
20120717,300081.SZ,14.94,15.55,14.94,15.02,16.6,-1.58,-9.52,35881.28,53963.2474
20120718,300081.SZ,14.81,15.04,14.72,15.04,15.02,0.02,0.13,19151.97,28520.7293
20120719,300081.SZ,14.98,15.47,14.84,15.18,15.04,0.14,0.93,16080.21,24370.4462
20120720,300081.SZ,15.08,15.4,15.0,15.02,15.18,-0.16,-1.05,12692.99,19292.3633
20120723,300081.SZ,14.75,14.9,14.44,14.46,15.02,-0.56,-3.73,13338.65,19484.9474
20120724,300081.SZ,14.3,14.64,14.2,14.54,14.46,0.08,0.55,6308.94,9144.5771
20120725,300081.SZ,14.4,14.74,14.4,14.52,14.54,-0.02,-0.14,6662.01,9710.08
20120726,300081.SZ,14.55,14.69,14.34,14.41,14.52,-0.11,-0.76,6713.37,9755.7616
20120727,300081.SZ,14.46,15.28,14.3,14.97,14.41,0.56,3.89,16604.24,24593.1067
20120730,300081.SZ,14.71,14.8,13.96,13.99,14.97,-0.98,-6.55,13395.5,19193.5821
20120731,300081.SZ,14.02,14.15,13.42,13.5,13.99,-0.49,-3.5,9615.79,13136.5163
20120801,300081.SZ,13.43,13.88,13.43,13.69,13.5,0.19,1.41,5950.43,8140.2733
20120802,300081.SZ,13.65,13.82,13.5,13.68,13.69,-0.01,-0.07,5744.84,7835.2911
20120803,300081.SZ,13.61,14.49,13.61,14.14,13.68,0.46,3.36,10927.41,15407.1824
20120806,300081.SZ,13.93,14.98,13.93,14.78,14.14,0.64,4.53,18440.96,26930.9684
20120807,300081.SZ,14.55,14.9,14.55,14.8,14.78,0.02,0.14,9484.4,13945.3441
20120808,300081.SZ,14.81,14.97,14.48,14.57,14.8,-0.23,-1.55,10624.99,15614.9427
20120809,300081.SZ,14.41,14.7,14.25,14.65,14.57,0.08,0.55,12768.8,18499.6278
20120810,300081.SZ,14.55,14.66,14.48,14.51,14.65,-0.14,-0.96,6136.13,8929.1215
20120813,300081.SZ,14.49,14.59,14.03,14.08,14.51,-0.43,-2.96,4762.57,6836.2514
20120814,300081.SZ,14.09,14.24,13.83,14.21,14.08,0.13,0.92,7205.76,10139.0288
20120815,300081.SZ,14.15,14.26,14.01,14.03,14.21,-0.18,-1.27,5151.07,7267.8142
20120816,300081.SZ,14.03,14.18,13.85,13.85,14.03,-0.18,-1.28,3727.1,5223.7016
20120817,300081.SZ,13.86,14.1,13.81,14.06,13.85,0.21,1.52,3829.91,5356.4537
20120820,300081.SZ,13.97,14.22,13.93,14.21,14.06,0.15,1.07,2905.14,4105.4236
20120821,300081.SZ,14.21,15.38,14.14,14.86,14.21,0.65,4.57,21685.47,32204.0241
20120822,300081.SZ,14.73,14.88,14.55,14.66,14.86,-0.2,-1.35,9099.13,13381.6783
20120823,300081.SZ,14.67,15.15,14.6,15.05,14.66,0.39,2.66,13150.81,19526.5059
20120824,300081.SZ,15.0,15.02,14.4,14.45,15.05,-0.6,-3.99,11360.04,16691.73
20120827,300081.SZ,14.21,14.45,13.71,13.94,14.45,-0.51,-3.53,6796.19,9490.7266
20120828,300081.SZ,13.8,14.35,13.8,14.11,13.94,0.17,1.22,4991.47,7033.3983
20120829,300081.SZ,14.11,14.54,14.0,14.25,14.11,0.14,0.99,7438.15,10661.8444
20120830,300081.SZ,14.14,14.32,13.59,13.83,14.25,-0.42,-2.95,8544.97,11935.5789
20120831,300081.SZ,13.72,14.05,13.72,14.0,13.83,0.17,1.23,4553.28,6344.2025
20120903,300081.SZ,14.0,14.28,13.86,14.21,14.0,0.21,1.5,4010.99,5680.5541
20120904,300081.SZ,14.22,14.67,14.16,14.36,14.21,0.15,1.06,7451.34,10764.2055
20120905,300081.SZ,14.22,15.09,14.16,14.79,14.36,0.43,2.99,16133.95,23818.3013
20120906,300081.SZ,14.71,15.45,14.6,15.26,14.79,0.47,3.18,20363.69,30659.52
20120907,300081.SZ,15.35,15.59,15.05,15.39,15.26,0.13,0.85,20167.67,30904.8593
20120910,300081.SZ,15.45,15.69,15.16,15.51,15.39,0.12,0.78,14607.91,22545.7441
20120911,300081.SZ,15.4,15.51,15.21,15.35,15.51,-0.16,-1.03,8066.26,12395.2892
20120912,300081.SZ,15.4,15.47,14.94,15.16,15.35,-0.19,-1.24,12078.11,18319.2654
20120913,300081.SZ,15.2,15.32,14.85,14.86,15.16,-0.3,-1.98,9186.5,13905.9863
20120914,300081.SZ,14.98,15.05,14.76,14.98,14.86,0.12,0.81,6137.5,9152.3788
20120917,300081.SZ,14.91,14.95,14.09,14.09,14.98,-0.89,-5.94,12552.16,18012.7104
20120918,300081.SZ,13.9,14.25,13.9,14.08,14.09,-0.01,-0.07,6735.96,9465.4436
20120919,300081.SZ,14.08,14.46,14.01,14.22,14.08,0.14,0.99,6844.37,9775.0757
20120920,300081.SZ,14.22,14.22,13.63,13.64,14.22,-0.58,-4.08,7479.48,10353.744
20120921,300081.SZ,13.66,13.77,13.45,13.46,13.64,-0.18,-1.32,5152.32,7016.2931
20120924,300081.SZ,13.4,13.47,13.15,13.38,13.46,-0.08,-0.59,4351.62,5797.8651
20120925,300081.SZ,13.37,13.43,13.15,13.21,13.38,-0.17,-1.27,2824.18,3746.8919
20120926,300081.SZ,13.27,14.53,13.23,14.53,13.21,1.32,9.99,20098.03,28891.6896
20120927,300081.SZ,15.19,15.19,13.87,14.32,14.53,-0.21,-1.45,38688.65,55992.5991
20120928,300081.SZ,13.89,14.42,13.89,14.26,14.32,-0.06,-0.42,20234.63,28663.9403
20121008,300081.SZ,14.2,14.66,14.1,14.36,14.26,0.1,0.7,14788.45,21277.1555
20121009,300081.SZ,14.31,14.66,14.25,14.59,14.36,0.23,1.6,18138.17,26335.9553
20121010,300081.SZ,14.56,14.8,14.46,14.64,14.59,0.05,0.34,15661.17,22889.2874
20121011,300081.SZ,14.6,14.63,14.15,14.16,14.64,-0.48,-3.28,12141.71,17478.3599
20121012,300081.SZ,14.09,14.36,13.77,13.84,14.16,-0.32,-2.26,11702.28,16367.9891
20121015,300081.SZ,13.84,13.84,13.31,13.51,13.84,-0.33,-2.38,11985.77,16170.0661
20121016,300081.SZ,13.54,13.76,13.49,13.65,13.51,0.14,1.04,5714.09,7803.3633
20121017,300081.SZ,13.74,13.79,13.51,13.67,13.65,0.02,0.15,5886.14,8026.2758
20121018,300081.SZ,13.75,13.96,13.67,13.9,13.67,0.23,1.68,7096.18,9854.4011
20121019,300081.SZ,13.92,14.27,13.85,14.09,13.9,0.19,1.37,8231.33,11607.4311
20121022,300081.SZ,14.03,14.23,13.82,14.08,14.09,-0.01,-0.07,6064.24,8499.6166
20121023,300081.SZ,14.16,14.23,13.83,13.88,14.08,-0.2,-1.42,5337.02,7509.1257
20121024,300081.SZ,13.72,13.94,13.72,13.77,13.88,-0.11,-0.79,3842.45,5304.8644
20121025,300081.SZ,13.89,14.07,13.76,14.04,13.77,0.27,1.96,9759.92,13598.1635
20121026,300081.SZ,14.07,14.08,13.5,13.76,14.04,-0.28,-1.99,7790.09,10730.2902
20121029,300081.SZ,13.61,13.8,13.6,13.67,13.76,-0.09,-0.65,2280.64,3126.1376
20121030,300081.SZ,13.6,13.83,13.6,13.75,13.67,0.08,0.59,2649.29,3638.3953
20121031,300081.SZ,13.75,13.83,13.66,13.71,13.75,-0.04,-0.29,4284.31,5881.8424
20121101,300081.SZ,13.77,13.99,13.73,13.98,13.71,0.27,1.97,5273.05,7340.9515
20121102,300081.SZ,14.07,14.29,13.9,14.17,13.98,0.19,1.36,7734.42,10912.3571
20121105,300081.SZ,14.2,14.27,14.04,14.08,14.17,-0.09,-0.64,5171.09,7308.2624
20121106,300081.SZ,14.11,14.11,13.72,13.9,14.08,-0.18,-1.28,4229.84,5860.5598
20121107,300081.SZ,13.82,14.13,13.82,13.88,13.9,-0.02,-0.14,3103.03,4338.7587
20121108,300081.SZ,13.63,13.77,13.53,13.55,13.88,-0.33,-2.38,4381.17,5972.4542
20121109,300081.SZ,13.63,13.64,13.4,13.52,13.55,-0.03,-0.22,2058.91,2787.4247
20121112,300081.SZ,13.6,13.72,13.53,13.72,13.52,0.2,1.48,2274.99,3102.8544
20121113,300081.SZ,13.68,13.71,13.52,13.52,13.72,-0.2,-1.46,3151.98,4286.6352
20121114,300081.SZ,13.58,13.61,13.47,13.53,13.52,0.01,0.07,2449.62,3317.5843
20121115,300081.SZ,13.52,13.55,13.2,13.21,13.53,-0.32,-2.37,2843.48,3814.4561
20121116,300081.SZ,13.2,13.28,13.07,13.2,13.21,-0.01,-0.08,3446.24,4550.9011
20121119,300081.SZ,13.26,13.37,13.14,13.29,13.2,0.09,0.68,2252.36,2986.492
20121120,300081.SZ,13.4,13.4,13.25,13.27,13.29,-0.02,-0.15,2770.49,3687.4032
20121121,300081.SZ,13.61,14.6,13.6,14.6,13.27,1.33,10.02,24105.73,34905.387
20121122,300081.SZ,14.63,15.08,14.5,14.58,14.6,-0.02,-0.14,48101.85,71138.2587
20121123,300081.SZ,14.4,14.58,14.21,14.58,14.58,0.0,0.0,20830.27,30026.677
20121126,300081.SZ,14.59,14.59,13.9,14.0,14.58,-0.58,-3.98,17241.64,24441.1047
20121127,300081.SZ,13.98,13.99,13.3,13.5,14.0,-0.5,-3.57,11155.01,15075.1004
20121128,300081.SZ,13.34,13.73,13.15,13.7,13.5,0.2,1.48,10121.62,13599.1936
20121129,300081.SZ,13.58,13.7,12.8,12.84,13.7,-0.86,-6.28,13022.28,17404.3564
20121130,300081.SZ,12.77,12.9,12.56,12.79,12.84,-0.05,-0.39,10684.15,13587.711
20121203,300081.SZ,12.78,12.82,12.0,12.22,12.79,-0.57,-4.46,9513.99,11853.1568
20121204,300081.SZ,12.05,12.35,11.87,12.3,12.22,0.08,0.65,7470.02,9027.6131
20121205,300081.SZ,12.3,12.89,12.18,12.71,12.3,0.41,3.33,9765.29,12344.9785
20121206,300081.SZ,12.69,13.45,12.62,12.82,12.71,0.11,0.87,12853.22,16742.7859
20121207,300081.SZ,12.91,13.25,12.56,13.08,12.82,0.26,2.03,9329.12,12099.1833
20121210,300081.SZ,12.96,13.35,12.88,13.26,13.08,0.18,1.38,16397.58,21468.3019
20121211,300081.SZ,13.25,13.29,13.04,13.17,13.26,-0.09,-0.68,7278.5,9583.2295
20121212,300081.SZ,13.12,13.26,12.95,13.15,13.17,-0.02,-0.15,7704.07,10078.2209
20121213,300081.SZ,13.18,13.45,12.98,13.03,13.15,-0.12,-0.91,6518.96,8607.2649
20121214,300081.SZ,13.05,13.55,12.96,13.5,13.03,0.47,3.61,10664.44,14237.9324
20121217,300081.SZ,13.5,13.74,13.31,13.57,13.5,0.07,0.52,9276.03,12551.7812
20121218,300081.SZ,13.53,13.69,13.36,13.42,13.57,-0.15,-1.11,6868.43,9266.801
20121219,300081.SZ,13.39,13.79,13.33,13.52,13.42,0.1,0.75,9071.45,12324.5955
20121220,300081.SZ,13.41,13.68,13.36,13.58,13.52,0.06,0.44,7628.64,10330.752
20121221,300081.SZ,13.53,14.1,13.41,13.75,13.58,0.17,1.25,13620.69,18659.8171
20121224,300081.SZ,13.76,14.3,13.76,14.11,13.75,0.36,2.62,13805.03,19406.3112
20121225,300081.SZ,14.08,14.34,14.01,14.28,14.11,0.17,1.2,13831.85,19663.2211
20121226,300081.SZ,14.26,14.88,14.22,14.63,14.28,0.35,2.45,15737.43,22866.5697
20121227,300081.SZ,14.7,14.75,14.24,14.25,14.63,-0.38,-2.6,11072.29,15974.7204
20121228,300081.SZ,14.2,14.5,14.1,14.36,14.25,0.11,0.77,9039.23,12910.5174
20121231,300081.SZ,14.47,14.47,14.18,14.28,14.36,-0.08,-0.56,9133.47,13023.3222
20130104,300081.SZ,14.33,14.39,13.91,14.12,14.28,-0.16,-1.12,7923.54,11216.4444
20130107,300081.SZ,14.05,14.7,14.02,14.54,14.12,0.42,2.97,15852.67,22891.0364
20130108,300081.SZ,14.46,15.66,14.4,15.1,14.54,0.56,3.85,24194.63,36450.7851
20130109,300081.SZ,15.01,15.39,14.85,15.1,15.1,0.0,0.0,17502.42,26509.7681
20130110,300081.SZ,15.31,15.65,15.11,15.27,15.1,0.17,1.13,18490.28,28368.218
20130111,300081.SZ,15.44,16.8,15.42,15.93,15.27,0.66,4.32,45065.16,73536.9216
20130114,300081.SZ,15.7,16.31,15.53,16.16,15.93,0.23,1.44,25718.47,40979.6083
20130115,300081.SZ,16.05,16.9,15.84,16.49,16.16,0.33,2.04,25401.99,41423.6865
20130116,300081.SZ,17.15,17.58,16.55,16.69,16.49,0.2,1.21,46346.9,79199.6883
20130117,300081.SZ,16.57,16.57,15.78,15.81,16.69,-0.88,-5.27,25948.57,41556.6678
20130118,300081.SZ,15.86,16.1,15.75,16.05,15.81,0.24,1.52,12426.08,19804.4024
20130121,300081.SZ,16.0,16.05,15.67,15.84,16.05,-0.21,-1.31,11913.48,18871.1228
20130122,300081.SZ,15.88,15.96,15.17,15.21,15.84,-0.63,-3.98,15350.81,23857.2486
20130123,300081.SZ,15.19,15.55,15.05,15.5,15.21,0.29,1.91,14875.81,22781.7692
20130124,300081.SZ,15.41,15.58,14.81,14.85,15.5,-0.65,-4.19,11467.29,17506.5533
20130125,300081.SZ,14.88,15.05,14.75,14.98,14.85,0.13,0.88,7564.1,11272.6795
20130128,300081.SZ,15.13,15.5,14.96,15.43,14.98,0.45,3.0,6916.19,10583.0464
20130129,300081.SZ,15.39,15.8,15.39,15.68,15.43,0.25,1.62,8916.75,13954.3093
20130130,300081.SZ,15.67,15.78,15.27,15.44,15.68,-0.24,-1.53,7258.11,11229.316
20130131,300081.SZ,15.79,15.79,15.18,15.28,15.44,-0.16,-1.04,6153.12,9463.5565
20130201,300081.SZ,15.24,15.5,15.0,15.46,15.28,0.18,1.18,5895.84,9046.9858
20130204,300081.SZ,15.52,15.57,14.91,15.17,15.46,-0.29,-1.88,5935.19,9023.3816
20130205,300081.SZ,15.17,15.5,15.07,15.5,15.17,0.33,2.18,4824.48,7402.6955
20130206,300081.SZ,15.7,15.97,15.6,15.7,15.5,0.2,1.29,9209.36,14520.1257
20130207,300081.SZ,15.79,16.15,15.73,15.93,15.7,0.23,1.47,9706.2,15443.3217
20130208,300081.SZ,15.9,16.27,15.89,16.1,15.93,0.17,1.07,11367.02,18272.5108
20130218,300081.SZ,16.1,16.18,15.93,16.09,16.1,-0.01,-0.06,7284.67,11722.6436
20130219,300081.SZ,16.08,16.09,15.48,15.6,16.09,-0.49,-3.05,11390.57,17835.3634
20130220,300081.SZ,15.55,16.12,15.55,16.09,15.6,0.49,3.14,12025.91,19153.0252
20130221,300081.SZ,15.99,16.02,15.59,15.68,16.09,-0.41,-2.55,9934.74,15720.021
20130222,300081.SZ,15.75,16.3,15.69,16.05,15.68,0.37,2.36,10910.11,17463.2184
20130225,300081.SZ,16.2,16.45,16.06,16.3,16.05,0.25,1.56,9968.81,16195.2849
20130226,300081.SZ,16.3,16.31,15.86,15.9,16.3,-0.4,-2.45,10036.2,16164.7416
20130227,300081.SZ,15.93,16.36,15.93,16.07,15.9,0.17,1.07,9291.66,15020.6599
20130228,300081.SZ,17.49,17.64,16.32,16.88,16.07,0.81,5.04,45357.04,76834.7537
20130301,300081.SZ,16.88,17.45,16.76,17.11,16.88,0.23,1.36,27847.9,47437.4018
20130304,300081.SZ,16.85,16.95,15.92,16.19,17.11,-0.92,-5.38,23624.7,39100.3599
20130305,300081.SZ,16.19,16.66,16.13,16.56,16.19,0.37,2.29,12641.13,20831.7529
20130306,300081.SZ,16.68,17.2,16.5,16.98,16.56,0.42,2.54,19115.33,32370.7144
20130307,300081.SZ,17.03,17.29,16.37,16.6,16.98,-0.38,-2.24,19944.82,33725.3624
20130308,300081.SZ,16.59,16.7,16.35,16.38,16.6,-0.22,-1.33,8770.05,14518.7704
20130311,300081.SZ,16.45,16.57,16.31,16.4,16.38,0.02,0.12,5918.64,9718.8726
20130312,300081.SZ,16.35,16.58,15.66,15.9,16.4,-0.5,-3.05,11753.26,18892.1068
20130313,300081.SZ,15.85,15.95,15.6,15.76,15.9,-0.14,-0.88,5236.77,8244.209
20130314,300081.SZ,15.8,15.93,15.74,15.84,15.76,0.08,0.51,4944.32,7827.7663
20130315,300081.SZ,16.0,16.29,15.91,16.07,15.84,0.23,1.45,9296.76,15017.3306
20130318,300081.SZ,16.03,16.22,15.63,15.63,16.07,-0.44,-2.74,7040.04,11204.2021
20130319,300081.SZ,15.61,15.8,15.23,15.6,15.63,-0.03,-0.19,5414.48,8410.9552
20130320,300081.SZ,15.56,16.07,15.56,16.07,15.6,0.47,3.01,7204.82,11408.507
20130321,300081.SZ,16.04,16.34,15.99,16.14,16.07,0.07,0.44,7707.77,12459.6308
20130322,300081.SZ,16.14,16.2,15.9,16.11,16.14,-0.03,-0.19,5502.28,8834.6707
20130325,300081.SZ,16.03,16.22,16.03,16.09,16.11,-0.02,-0.12,4921.13,7941.8114
20130326,300081.SZ,16.03,16.73,15.85,16.6,16.09,0.51,3.17,14899.22,24337.6534
20130327,300081.SZ,16.4,16.59,16.3,16.49,16.6,-0.11,-0.66,9159.58,15050.7104
20130328,300081.SZ,16.45,17.04,15.85,16.58,16.49,0.09,0.55,26218.48,43359.8459
20130329,300081.SZ,16.46,16.51,16.04,16.16,16.58,-0.42,-2.53,12328.52,20050.2496
20130401,300081.SZ,16.16,16.82,16.05,16.66,16.16,0.5,3.09,12299.91,20395.2618
20130402,300081.SZ,17.44,17.93,16.88,16.95,16.66,0.29,1.74,39382.07,68228.6572
20130403,300081.SZ,16.64,17.62,16.56,17.58,16.95,0.63,3.72,35047.85,60374.1608
20130408,300081.SZ,17.2,19.25,16.93,18.62,17.58,1.04,5.92,41759.46,75206.4565
20130409,300081.SZ,18.36,19.78,18.16,19.3,18.62,0.68,3.65,46828.61,88713.5968
20130410,300081.SZ,19.01,19.29,18.61,18.71,19.3,-0.59,-3.06,27510.36,51820.1142
20130411,300081.SZ,18.8,19.38,18.45,18.67,18.71,-0.04,-0.21,24894.86,47015.4822
20130412,300081.SZ,18.41,18.73,17.91,18.16,18.67,-0.51,-2.73,18225.32,33396.9521
20130415,300081.SZ,18.09,18.38,17.91,18.3,18.16,0.14,0.77,11986.91,21823.2806
20130416,300081.SZ,17.92,18.18,17.5,18.09,18.3,-0.21,-1.15,18697.88,33408.4157
20130417,300081.SZ,18.1,18.85,17.92,18.85,18.09,0.76,4.2,25980.28,47858.6427
20130418,300081.SZ,18.7,19.45,18.55,19.0,18.85,0.15,0.8,32823.33,62743.0518
20130419,300081.SZ,18.93,19.5,18.81,19.25,19.0,0.25,1.32,24130.32,46271.624
20130422,300081.SZ,19.15,20.39,19.02,20.04,19.25,0.79,4.1,26704.41,53011.6456
20130423,300081.SZ,20.05,20.26,19.08,19.46,20.04,-0.58,-2.89,28303.14,55341.1422
20130424,300081.SZ,19.5,20.81,19.1,20.61,19.46,1.15,5.91,43999.26,88497.6681
20130425,300081.SZ,20.58,20.6,19.32,19.36,20.61,-1.25,-6.07,32906.63,66034.9909
20130426,300081.SZ,19.3,19.86,19.1,19.15,19.36,-0.21,-1.08,18962.91,36908.1887
20130502,300081.SZ,18.9,19.65,18.6,19.39,19.15,0.24,1.25,15258.63,29431.8237
20130503,300081.SZ,19.93,21.33,19.93,21.33,19.39,1.94,10.01,27153.69,56949.6191
20130506,300081.SZ,23.0,23.46,22.65,23.46,21.33,2.13,9.99,35407.38,81926.0867
20130507,300081.SZ,25.5,25.81,24.72,25.81,23.46,2.35,10.02,104492.35,265384.4082
20130508,300081.SZ,25.61,28.39,25.55,28.39,25.81,2.58,10.0,81922.01,219624.0951
20130509,300081.SZ,14.2,15.51,14.14,15.51,14.1,1.41,10.0,189031.28,281970.7726
20130510,300081.SZ,15.8,16.0,14.5,14.9,15.51,-0.61,-3.93,194693.51,290970.5251
20130513,300081.SZ,14.48,14.76,14.1,14.61,14.9,-0.29,-1.95,150521.4,216688.8621
20130514,300081.SZ,14.2,14.38,13.35,13.63,14.61,-0.98,-6.71,166497.91,229425.6192
20130515,300081.SZ,13.65,14.06,13.54,13.96,13.63,0.33,2.42,137254.11,189386.1869
20130516,300081.SZ,13.78,14.15,13.3,13.54,13.96,-0.42,-3.01,160449.25,221107.4712
20130517,300081.SZ,13.41,13.96,13.31,13.92,13.54,0.38,2.81,120542.61,165231.0776
20130520,300081.SZ,13.8,14.67,13.7,14.4,13.92,0.48,3.45,173393.04,246588.9847
20130521,300081.SZ,14.11,15.8,13.85,15.24,14.4,0.84,5.83,197838.27,288721.3377
20130522,300081.SZ,14.5,14.7,13.72,13.82,15.24,-1.42,-9.32,140801.15,199512.8419
20130523,300081.SZ,13.78,14.24,13.65,13.83,13.82,0.01,0.07,71819.6,100137.7443
20130524,300081.SZ,14.05,14.43,13.86,14.17,13.83,0.34,2.46,72133.68,102376.4303
20130527,300081.SZ,13.9,14.42,13.81,14.03,14.17,-0.14,-0.99,76558.32,107818.172
20130528,300081.SZ,13.72,13.95,12.95,13.08,14.03,-0.95,-6.77,90829.54,120615.7386
20130529,300081.SZ,13.08,13.28,13.04,13.2,13.08,0.12,0.92,36493.45,48099.2065
20130530,300081.SZ,13.15,13.46,13.08,13.28,13.2,0.08,0.61,38838.14,51570.9485
20130531,300081.SZ,13.23,13.63,13.18,13.26,13.28,-0.02,-0.15,46261.75,61867.9991
20130603,300081.SZ,13.1,13.78,12.94,13.55,13.26,0.29,2.19,64761.09,86949.6123
20130604,300081.SZ,13.41,13.5,12.9,13.4,13.55,-0.15,-1.11,43877.65,57970.6509
20130605,300081.SZ,13.4,13.88,13.1,13.81,13.4,0.41,3.06,74319.93,100679.633
20130606,300081.SZ,13.59,14.09,13.31,13.6,13.81,-0.21,-1.52,70478.42,96563.5837
20130607,300081.SZ,13.36,13.77,13.1,13.1,13.6,-0.5,-3.68,42828.97,57570.2226
20130613,300081.SZ,12.6,12.63,11.79,12.0,13.1,-1.1,-8.4,38658.4,46767.8457
20130614,300081.SZ,12.07,12.74,12.07,12.41,12.0,0.41,3.42,50294.1,62936.8302
20130617,300081.SZ,12.77,13.11,12.55,12.66,12.41,0.25,2.01,44056.9,56566.1158
20130618,300081.SZ,12.4,13.35,12.03,13.35,12.66,0.69,5.45,75042.35,96202.6074
20130619,300081.SZ,13.15,13.3,12.75,13.14,13.35,-0.21,-1.57,42736.98,55896.0168
20130620,300081.SZ,12.88,13.46,12.2,12.31,13.14,-0.83,-6.32,44470.25,57526.2717
20130621,300081.SZ,12.1,13.15,11.62,12.83,12.31,0.52,4.22,49881.79,61525.422
20130624,300081.SZ,12.78,12.9,11.7,12.0,12.83,-0.83,-6.47,44421.91,54883.5485
20130625,300081.SZ,11.94,12.58,10.91,12.46,12.0,0.46,3.83,55760.83,66900.1508
20130626,300081.SZ,12.44,13.71,12.18,13.63,12.46,1.17,9.39,110719.36,145667.844
20130627,300081.SZ,13.45,14.17,13.07,13.91,13.63,0.28,2.05,133166.1,181721.2943
20130628,300081.SZ,13.64,14.39,13.41,13.81,13.91,-0.1,-0.72,96487.91,134384.842
20130701,300081.SZ,13.56,14.18,13.45,14.1,13.81,0.29,2.1,84188.6,116561.5718
20130702,300081.SZ,13.94,14.88,13.83,14.43,14.1,0.33,2.34,117226.11,168645.7302
20130703,300081.SZ,14.13,14.91,13.51,14.75,14.43,0.32,2.22,136033.55,195645.0185
20130704,300081.SZ,14.5,14.65,13.78,13.9,14.75,-0.85,-5.76,97881.56,139191.9736
20130705,300081.SZ,13.8,14.36,13.36,13.38,13.9,-0.52,-3.74,85371.08,118500.9951
20130708,300081.SZ,13.0,13.05,12.06,12.08,13.38,-1.3,-9.72,70597.36,87676.3727
20130709,300081.SZ,12.01,12.6,11.8,12.52,12.08,0.44,3.64,49618.19,60702.1133
20130710,300081.SZ,12.5,12.86,12.3,12.55,12.52,0.03,0.24,58497.34,73771.3911
20130711,300081.SZ,12.66,12.94,12.15,12.84,12.55,0.29,2.31,79531.01,100212.3318
20130712,300081.SZ,12.68,14.12,12.65,13.59,12.84,0.75,5.84,143692.73,195845.1105
20130715,300081.SZ,14.11,14.95,13.8,14.95,13.59,1.36,10.01,187788.19,272689.8446
20130716,300081.SZ,15.45,15.59,14.78,15.2,14.95,0.25,1.67,171110.51,259012.9784
20130717,300081.SZ,15.94,16.72,15.58,16.72,15.2,1.52,10.0,159050.02,259156.6917
20130718,300081.SZ,17.2,17.38,16.43,16.72,16.72,0.0,0.0,209715.62,355232.3579
20130719,300081.SZ,16.73,17.16,15.05,15.05,16.72,-1.67,-9.99,216353.31,353058.0552
20130722,300081.SZ,14.55,15.78,14.51,15.66,15.05,0.61,4.05,146822.52,224732.2076
20130723,300081.SZ,15.53,15.9,15.0,15.84,15.66,0.18,1.15,146836.1,227757.0317
20130724,300081.SZ,15.56,16.56,15.28,16.45,15.84,0.61,3.85,168297.78,269373.4273
20130725,300081.SZ,16.65,17.95,15.9,16.93,16.45,0.48,2.92,251335.34,429576.46
20130726,300081.SZ,16.23,17.06,15.24,15.99,16.93,-0.94,-5.55,143245.05,231111.3766
20130729,300081.SZ,15.25,15.98,15.0,15.05,15.99,-0.94,-5.88,74251.1,114924.4657
20130730,300081.SZ,15.0,15.45,14.0,14.44,15.05,-0.61,-4.05,72645.38,106478.0799
20130731,300081.SZ,14.51,15.4,14.32,14.94,14.44,0.5,3.46,64886.99,96485.1483
20130801,300081.SZ,14.79,15.73,14.62,15.69,14.94,0.75,5.02,71886.03,110389.1191
20130802,300081.SZ,15.75,16.32,15.23,15.28,15.69,-0.41,-2.61,84771.18,134022.1147
20130805,300081.SZ,15.07,15.54,14.9,15.4,15.28,0.12,0.79,59929.32,91241.4116
20130806,300081.SZ,15.44,16.29,15.35,16.07,15.4,0.67,4.35,96824.61,153617.1031
20130807,300081.SZ,15.98,16.0,15.01,15.13,16.07,-0.94,-5.85,88083.29,135658.4439
20130808,300081.SZ,15.4,15.57,15.08,15.33,15.13,0.2,1.32,51142.73,78295.0947
20130809,300081.SZ,15.3,15.42,14.5,14.78,15.33,-0.55,-3.59,63811.53,95086.5914
20130812,300081.SZ,14.57,14.93,14.22,14.66,14.78,-0.12,-0.81,48179.98,70076.8817
20130813,300081.SZ,14.52,14.93,14.4,14.78,14.66,0.12,0.82,38716.95,57051.6338
20130814,300081.SZ,14.71,15.39,14.45,15.18,14.78,0.4,2.71,82513.11,123854.5131
20130815,300081.SZ,15.25,15.69,14.93,15.27,15.18,0.09,0.59,94290.4,144631.9491
20130816,300081.SZ,15.07,15.16,14.21,14.26,15.27,-1.01,-6.61,75860.9,111561.5998
20130819,300081.SZ,14.26,15.19,14.23,15.14,14.26,0.88,6.17,60778.72,90380.2728
20130820,300081.SZ,15.21,15.93,15.18,15.41,15.14,0.27,1.78,100003.83,155354.2373
20130821,300081.SZ,16.2,16.95,16.2,16.95,15.41,1.54,9.99,70752.01,119446.611
20130822,300081.SZ,18.45,18.65,17.76,18.0,16.95,1.05,6.19,317397.0,580065.853
20130823,300081.SZ,17.3,17.47,16.2,16.79,18.0,-1.21,-6.72,231059.6,388802.816
20130826,300081.SZ,16.4,17.08,16.38,16.84,16.79,0.05,0.3,140541.6,234674.4857
20130827,300081.SZ,16.53,16.99,16.15,16.98,16.84,0.14,0.83,117331.18,195033.4169
20130828,300081.SZ,16.59,16.78,15.9,15.9,16.98,-1.08,-6.36,105490.55,172752.6635
20130829,300081.SZ,15.7,16.5,15.7,16.3,15.9,0.4,2.52,86514.37,140511.8106
20130830,300081.SZ,16.13,16.2,14.8,15.0,16.3,-1.3,-7.98,95436.57,146878.9786
20130902,300081.SZ,14.86,15.53,14.86,15.47,15.0,0.47,3.13,46658.76,71582.0533
20130903,300081.SZ,15.26,15.74,15.21,15.69,15.47,0.22,1.42,48842.27,75668.767
20130904,300081.SZ,15.57,15.63,15.3,15.34,15.69,-0.35,-2.23,36812.59,56810.5392
20130905,300081.SZ,15.28,16.37,15.21,16.24,15.34,0.9,5.87,100461.17,161662.1304
20130906,300081.SZ,16.05,16.65,15.8,16.38,16.24,0.14,0.86,81950.59,133471.8191
20130909,300081.SZ,16.46,16.48,15.8,16.09,16.38,-0.29,-1.77,66421.94,106391.0201
20130910,300081.SZ,16.09,16.44,15.41,15.64,16.09,-0.45,-2.8,67987.47,107735.6183
20130911,300081.SZ,15.69,15.71,14.56,14.67,15.64,-0.97,-6.2,63058.6,93803.5996
20130912,300081.SZ,14.7,15.27,14.7,14.88,14.67,0.21,1.43,33279.95,49828.3915
20130913,300081.SZ,14.85,15.14,14.55,15.09,14.88,0.21,1.41,32624.77,48746.3447
20130916,300081.SZ,15.05,15.7,15.01,15.46,15.09,0.37,2.45,49157.76,76003.4974
20130917,300081.SZ,15.47,16.25,15.0,15.74,15.46,0.28,1.81,90771.23,142903.8971
20130918,300081.SZ,15.78,15.79,15.0,15.1,15.74,-0.64,-4.07,65637.57,100100.2732
20130923,300081.SZ,15.2,15.69,14.7,15.65,15.1,0.55,3.64,67712.66,103091.5284
20130924,300081.SZ,15.52,16.22,15.43,16.02,15.65,0.37,2.36,80574.19,127874.3769
20130925,300081.SZ,15.9,16.49,15.73,15.79,16.02,-0.23,-1.44,82384.97,132591.1293
20130926,300081.SZ,15.6,16.08,15.0,15.05,15.79,-0.74,-4.69,60961.53,94396.5941
20130927,300081.SZ,14.86,15.19,14.75,14.83,15.05,-0.22,-1.46,42041.44,62661.6196
20130930,300081.SZ,14.8,15.3,14.78,15.15,14.83,0.32,2.16,28380.8,42892.1947
20131008,300081.SZ,15.18,15.85,15.03,15.78,15.15,0.63,4.16,51326.21,80394.523
20131009,300081.SZ,15.56,17.36,15.55,16.96,15.78,1.18,7.48,190102.58,320240.31
20131010,300081.SZ,16.77,16.95,15.95,16.16,16.96,-0.8,-4.72,119732.16,196796.3651
20131011,300081.SZ,16.21,17.35,15.97,17.15,16.16,0.99,6.13,132271.48,221621.4507
20131014,300081.SZ,16.9,18.46,16.76,17.75,17.15,0.6,3.5,142848.14,252364.5603
20131015,300081.SZ,17.44,17.44,16.11,16.4,17.75,-1.35,-7.61,133562.37,223244.9856
20131016,300081.SZ,16.24,16.62,14.8,15.33,16.4,-1.07,-6.52,80674.81,127009.1469
20131017,300081.SZ,15.23,15.83,15.08,15.4,15.33,0.07,0.46,48951.52,75987.7598
20131018,300081.SZ,15.44,15.95,15.35,15.92,15.4,0.52,3.38,39652.1,62483.2984
20131021,300081.SZ,15.93,16.5,15.9,16.3,15.92,0.38,2.39,54584.24,88878.6676
20131022,300081.SZ,16.3,16.3,15.17,15.26,16.3,-1.04,-6.38,73147.18,114217.4158
20131023,300081.SZ,15.2,15.57,14.86,15.29,15.26,0.03,0.2,38548.26,58563.9196
20131024,300081.SZ,15.27,15.27,14.4,14.59,15.29,-0.7,-4.58,41351.69,60959.8699
20131025,300081.SZ,14.43,14.78,13.16,13.54,14.59,-1.05,-7.2,55845.39,76410.7326
20131028,300081.SZ,13.6,13.64,13.0,13.18,13.54,-0.36,-2.66,31462.0,41641.1908
20131029,300081.SZ,13.22,13.43,11.9,12.59,13.18,-0.59,-4.48,43510.04,54833.4271
20131030,300081.SZ,12.59,12.92,12.3,12.88,12.59,0.29,2.3,26928.15,34062.006
20131031,300081.SZ,12.87,12.87,12.26,12.81,12.88,-0.07,-0.54,28714.98,36069.4064
20131101,300081.SZ,12.9,12.9,12.32,12.55,12.81,-0.26,-2.03,22805.17,28560.1845
20131104,300081.SZ,12.35,12.74,12.35,12.46,12.55,-0.09,-0.72,20619.75,25825.986
20131105,300081.SZ,12.5,12.81,12.32,12.79,12.46,0.33,2.65,24049.17,30365.7165
20131106,300081.SZ,12.85,13.49,12.64,13.1,12.79,0.31,2.42,43879.76,57394.6984
20131107,300081.SZ,13.03,13.03,12.57,12.57,13.1,-0.53,-4.05,22702.65,28964.4793
20131108,300081.SZ,12.45,12.69,12.3,12.48,12.57,-0.09,-0.72,15114.88,18937.5392
20131111,300081.SZ,12.39,12.66,12.31,12.6,12.48,0.12,0.96,11987.12,14992.791
20131112,300081.SZ,12.6,12.85,12.52,12.76,12.6,0.16,1.27,16876.12,21433.2804
20131113,300081.SZ,12.76,12.76,12.2,12.2,12.76,-0.56,-4.39,20090.65,25082.6708
20131114,300081.SZ,12.04,12.55,12.0,12.46,12.2,0.26,2.13,20936.49,25755.348
20131115,300081.SZ,12.48,13.09,12.46,12.8,12.46,0.34,2.73,37127.57,47545.4737
20131118,300081.SZ,12.72,13.48,12.72,13.29,12.8,0.49,3.83,43922.99,57637.1794
20131119,300081.SZ,13.33,13.45,13.11,13.3,13.29,0.01,0.08,34312.54,45479.5899
20131120,300081.SZ,13.25,13.64,13.25,13.55,13.3,0.25,1.88,42113.23,56592.559
20131121,300081.SZ,13.55,13.93,13.36,13.55,13.55,0.0,0.0,52133.03,71294.745
20131122,300081.SZ,13.45,13.55,13.04,13.14,13.55,-0.41,-3.03,33643.53,44548.4926
20131125,300081.SZ,13.2,13.37,13.12,13.17,13.14,0.03,0.23,19242.93,25511.9735
20131126,300081.SZ,13.13,13.27,12.9,13.15,13.17,-0.02,-0.15,27299.83,35807.2313
20131127,300081.SZ,13.19,13.83,13.12,13.7,13.15,0.55,4.18,50602.39,68966.4189
20131128,300081.SZ,13.65,14.1,13.46,13.5,13.7,-0.2,-1.46,47455.32,65171.8093
20131129,300081.SZ,13.51,13.98,13.38,13.95,13.5,0.45,3.33,53168.32,73080.3462
20131202,300081.SZ,13.2,13.22,12.56,12.56,13.95,-1.39,-9.96,48058.12,61573.2258
20131203,300081.SZ,11.98,12.36,11.3,12.18,12.56,-0.38,-3.03,41598.11,49013.0692
20131204,300081.SZ,12.17,12.55,12.02,12.15,12.18,-0.03,-0.25,30392.26,37364.1693
20131205,300081.SZ,12.18,12.32,11.56,11.63,12.15,-0.52,-4.28,40482.38,47896.1945
20131206,300081.SZ,11.48,11.76,11.48,11.68,11.63,0.05,0.43,18256.89,21262.3516
20131209,300081.SZ,11.68,12.0,11.67,11.94,11.68,0.26,2.23,20972.83,24926.2142
20131210,300081.SZ,11.94,11.98,11.5,11.58,11.94,-0.36,-3.02,32716.02,38150.0872
20131211,300081.SZ,11.62,11.74,11.51,11.71,11.58,0.13,1.12,20934.78,24359.406
20131212,300081.SZ,11.68,12.08,11.68,11.93,11.71,0.22,1.88,31021.4,36875.2802
20131213,300081.SZ,11.83,11.88,11.7,11.77,11.93,-0.16,-1.34,22149.49,26101.5726
20131216,300081.SZ,11.77,11.91,11.6,11.65,11.77,-0.12,-1.02,16515.91,19382.0722
20131217,300081.SZ,11.65,11.67,11.35,11.39,11.65,-0.26,-2.23,19016.9,21754.585
20131218,300081.SZ,11.39,11.67,11.21,11.65,11.39,0.26,2.28,14817.18,17018.5169
20131219,300081.SZ,11.65,11.89,11.45,11.45,11.65,-0.2,-1.72,16262.82,19022.7106
20131220,300081.SZ,11.45,11.55,11.2,11.26,11.45,-0.19,-1.66,14130.23,16050.1898
20131223,300081.SZ,11.3,11.3,10.79,10.85,11.26,-0.41,-3.64,24810.82,27266.2451
20131224,300081.SZ,10.87,11.23,10.85,11.09,10.85,0.24,2.21,15876.77,17597.0
20131225,300081.SZ,11.16,11.44,11.05,11.43,11.09,0.34,3.07,20894.5,23640.0289
20131226,300081.SZ,11.48,11.62,11.2,11.32,11.43,-0.11,-0.96,31732.2,36249.0737
20131227,300081.SZ,11.28,11.87,11.21,11.78,11.32,0.46,4.06,39932.44,46460.1563
20131230,300081.SZ,11.83,11.84,11.57,11.83,11.78,0.05,0.42,30228.56,35422.568
20131231,300081.SZ,11.7,11.86,11.56,11.62,11.83,-0.21,-1.78,20255.14,23598.1446
20140102,300081.SZ,11.6,12.05,11.53,11.9,11.62,0.28,2.41,31275.3,37100.4627
20140103,300081.SZ,11.83,12.49,11.83,12.23,11.9,0.33,2.77,59583.42,72526.9162
20140106,300081.SZ,12.09,12.12,11.5,11.65,12.23,-0.58,-4.74,33363.83,39324.1327
20140107,300081.SZ,11.5,11.96,11.43,11.9,11.65,0.25,2.15,22550.76,26559.8057
20140108,300081.SZ,12.0,12.48,11.86,12.17,11.9,0.27,2.27,56172.14,68576.1659
20140109,300081.SZ,12.19,12.47,11.7,11.8,12.17,-0.37,-3.04,51202.42,62445.6308
20140110,300081.SZ,11.69,11.77,10.79,11.0,11.8,-0.8,-6.78,39970.73,45336.4475
20140113,300081.SZ,11.05,11.25,10.95,11.1,11.0,0.1,0.91,18412.72,20401.6683
20140114,300081.SZ,11.1,11.42,11.07,11.42,11.1,0.32,2.88,17429.76,19677.3013
20140115,300081.SZ,11.42,11.81,11.35,11.77,11.42,0.35,3.06,29785.81,34596.2517
20140116,300081.SZ,11.77,11.84,11.43,11.52,11.77,-0.25,-2.12,26867.17,31101.3069
20140117,300081.SZ,11.55,11.94,11.5,11.9,11.52,0.38,3.3,40558.53,47909.4328
20140120,300081.SZ,12.1,12.15,11.58,11.64,11.9,-0.26,-2.18,28321.34,33485.3427
20140121,300081.SZ,11.73,12.2,11.7,12.2,11.64,0.56,4.81,48397.04,58142.5748
20140122,300081.SZ,11.7,13.16,11.7,12.46,12.2,0.26,2.13,103267.35,126645.4227
20140123,300081.SZ,12.33,13.71,12.33,13.71,12.46,1.25,10.03,150478.94,197874.2016
20140124,300081.SZ,13.4,13.62,13.2,13.48,13.71,-0.23,-1.68,110940.46,148986.5469
20140127,300081.SZ,13.31,14.25,13.31,13.54,13.48,0.06,0.45,99139.58,135490.8667
20140128,300081.SZ,13.51,13.68,12.81,13.13,13.54,-0.41,-3.03,55155.86,72635.7067
20140129,300081.SZ,13.14,13.57,13.07,13.35,13.13,0.22,1.68,44688.27,59502.3596
20140130,300081.SZ,13.25,13.6,13.02,13.07,13.35,-0.28,-2.1,48417.63,64774.9898
20140207,300081.SZ,13.16,14.3,13.16,14.01,13.07,0.94,7.19,91057.27,126314.294
20140210,300081.SZ,13.9,14.28,13.68,14.11,14.01,0.1,0.71,91525.57,128231.2139
20140211,300081.SZ,14.12,14.73,13.91,14.56,14.11,0.45,3.19,106034.95,153209.7892
20140212,300081.SZ,14.35,14.64,14.02,14.45,14.56,-0.11,-0.76,60460.23,86743.856
20140213,300081.SZ,14.26,14.38,13.6,13.6,14.45,-0.85,-5.88,62123.7,87109.6647
20140214,300081.SZ,13.47,13.97,13.41,13.95,13.6,0.35,2.57,39351.09,53940.2189
20140217,300081.SZ,13.97,15.02,13.85,14.88,13.95,0.93,6.67,85154.68,124290.9385
20140218,300081.SZ,14.71,14.95,14.5,14.69,14.88,-0.19,-1.28,57827.18,85196.5413
20140219,300081.SZ,14.65,14.93,14.36,14.65,14.69,-0.04,-0.27,46210.15,67215.8608
20140220,300081.SZ,14.64,14.8,14.14,14.28,14.65,-0.37,-2.53,39069.85,56352.8288
20140221,300081.SZ,14.28,14.92,14.23,14.58,14.28,0.3,2.1,48847.46,71458.5526
20140224,300081.SZ,14.24,14.4,13.9,14.31,14.58,-0.27,-1.85,41114.42,58087.7259
20140225,300081.SZ,14.28,14.54,12.89,12.9,14.31,-1.41,-9.85,53509.96,73686.5574
20140226,300081.SZ,12.88,12.88,12.04,12.58,12.9,-0.32,-2.48,38779.24,48287.5844
20140227,300081.SZ,12.58,12.82,12.08,12.1,12.58,-0.48,-3.82,40183.16,49970.9792
20140228,300081.SZ,12.1,12.41,11.82,12.29,12.1,0.19,1.57,27234.98,33078.9424
20140303,300081.SZ,12.26,12.68,12.08,12.64,12.29,0.35,2.85,28614.66,35496.5358
20140304,300081.SZ,12.55,12.59,12.33,12.56,12.64,-0.08,-0.63,21725.24,27061.9272
20140305,300081.SZ,12.54,12.82,12.43,12.58,12.56,0.02,0.16,27027.98,34153.4336
20140306,300081.SZ,12.59,12.59,12.13,12.45,12.58,-0.13,-1.03,18414.03,22743.1966
20140307,300081.SZ,12.4,12.54,12.25,12.36,12.45,-0.09,-0.72,14391.97,17838.0438
20140310,300081.SZ,12.29,12.29,11.4,11.41,12.36,-0.95,-7.69,22302.47,26240.0542
20140311,300081.SZ,11.41,11.6,11.2,11.47,11.41,0.06,0.53,18658.81,21349.6484
20140312,300081.SZ,11.44,11.59,11.06,11.25,11.47,-0.22,-1.92,19706.47,22319.9253
20140313,300081.SZ,11.34,11.5,11.25,11.47,11.25,0.22,1.96,14932.64,17043.2526
20140314,300081.SZ,11.42,11.67,11.31,11.46,11.47,-0.01,-0.09,12354.75,14144.6015
20140317,300081.SZ,11.58,11.84,11.32,11.83,11.46,0.37,3.23,17821.91,20829.5602
20140318,300081.SZ,11.83,12.12,11.8,11.83,11.83,0.0,0.0,18766.06,22415.0653
20140319,300081.SZ,11.81,12.36,11.65,12.2,11.83,0.37,3.13,37089.25,44826.9742
20140320,300081.SZ,12.09,12.27,11.56,11.66,12.2,-0.54,-4.43,24071.97,28895.5011
20140321,300081.SZ,11.5,11.78,11.16,11.73,11.66,0.07,0.6,35130.9,40205.7286
20140324,300081.SZ,11.66,12.22,11.52,12.13,11.73,0.4,3.41,40613.81,48519.7874
20140325,300081.SZ,12.0,12.36,11.93,12.13,12.13,0.0,0.0,30566.68,37018.9865
20140326,300081.SZ,12.14,12.23,11.9,12.12,12.13,-0.01,-0.08,23582.85,28539.6132
20140327,300081.SZ,12.12,12.48,11.92,12.08,12.12,-0.04,-0.33,44985.27,55070.6481
20140328,300081.SZ,11.98,12.06,11.17,11.28,12.08,-0.8,-6.62,37272.68,42870.9693
20140331,300081.SZ,11.33,11.4,11.0,11.03,11.28,-0.25,-2.22,13691.32,15303.2104
20140401,300081.SZ,11.05,11.33,11.05,11.31,11.03,0.28,2.54,9928.62,11175.481
20140402,300081.SZ,11.32,11.43,11.06,11.2,11.31,-0.11,-0.97,13337.14,14898.3664
20140403,300081.SZ,11.25,11.49,11.08,11.47,11.2,0.27,2.41,18828.83,21387.6379
20140404,300081.SZ,11.46,11.62,11.28,11.53,11.47,0.06,0.52,14251.27,16358.7075
20140408,300081.SZ,11.47,11.52,11.2,11.48,11.53,-0.05,-0.43,12361.3,14096.3346
20140409,300081.SZ,11.56,11.77,11.48,11.64,11.48,0.16,1.39,17275.09,20097.0512
20140410,300081.SZ,11.51,11.76,11.48,11.49,11.64,-0.15,-1.29,22306.75,25935.3563
20140411,300081.SZ,11.35,11.38,11.15,11.29,11.49,-0.2,-1.74,19164.04,21539.0031
20140414,300081.SZ,11.3,11.54,11.23,11.54,11.29,0.25,2.21,14515.88,16604.5132
20140415,300081.SZ,11.5,11.66,11.42,11.43,11.54,-0.11,-0.95,11967.26,13780.5987
20140416,300081.SZ,11.43,11.48,11.25,11.34,11.43,-0.09,-0.79,13598.88,15409.3356
20140417,300081.SZ,11.27,11.45,11.24,11.25,11.34,-0.09,-0.79,12571.26,14263.4685
20140418,300081.SZ,11.39,11.44,11.25,11.38,11.25,0.13,1.16,12165.56,13825.7215
20140421,300081.SZ,11.26,11.38,11.1,11.14,11.38,-0.24,-2.11,16169.15,18157.5764
20140422,300081.SZ,11.1,11.25,10.8,11.0,11.14,-0.14,-1.26,17801.71,19484.8953
20140423,300081.SZ,11.01,11.05,10.77,10.88,11.0,-0.12,-1.09,9284.4,10126.0664
20140424,300081.SZ,10.78,10.94,10.5,10.59,10.88,-0.29,-2.67,16486.71,17590.0399
20140425,300081.SZ,10.63,10.66,9.88,9.92,10.59,-0.67,-6.33,27983.26,28502.6551
20140428,300081.SZ,9.79,9.79,9.37,9.4,9.92,-0.52,-5.24,18457.33,17638.4189
20140429,300081.SZ,9.43,9.66,9.43,9.64,9.4,0.24,2.55,11617.03,11130.6111
20140430,300081.SZ,9.74,9.83,9.64,9.79,9.64,0.15,1.56,9987.78,9759.5872
20140505,300081.SZ,9.85,9.87,9.7,9.85,9.79,0.06,0.61,9843.31,9633.5186
20140506,300081.SZ,9.81,10.2,9.79,10.08,9.85,0.23,2.34,16082.45,16183.4902
20140507,300081.SZ,9.91,10.06,9.7,9.7,10.08,-0.38,-3.77,9451.59,9367.989
20140508,300081.SZ,9.72,10.67,9.72,10.67,9.7,0.97,10.0,24916.55,26172.8865
20140509,300081.SZ,10.91,10.91,10.3,10.43,10.67,-0.24,-2.25,44644.64,47554.7907
20140512,300081.SZ,10.41,10.68,10.32,10.52,10.43,0.09,0.86,25739.18,27003.2059
20140513,300081.SZ,10.39,10.75,10.39,10.58,10.52,0.06,0.57,22047.34,23396.38
20140514,300081.SZ,10.65,11.5,10.6,11.02,10.58,0.44,4.16,47064.6,52475.2258
20140515,300081.SZ,10.85,11.03,10.53,10.53,11.02,-0.49,-4.45,24295.88,26192.8378
20140516,300081.SZ,10.47,10.52,10.15,10.37,10.53,-0.16,-1.52,16917.86,17467.4286
20140519,300081.SZ,10.2,11.27,10.17,10.95,10.37,0.58,5.59,34587.45,37433.8772
20140520,300081.SZ,10.95,11.15,10.81,10.97,10.95,0.02,0.18,32888.6,36092.1892
20140521,300081.SZ,10.89,11.03,10.7,10.97,10.97,0.0,0.0,20135.92,21879.257
20140522,300081.SZ,10.95,11.24,10.9,10.97,10.97,0.0,0.0,24511.77,27115.3453
20140523,300081.SZ,10.87,11.1,10.76,11.09,10.97,0.12,1.09,22668.64,24771.9138
20140526,300081.SZ,11.12,11.27,11.0,11.09,11.09,0.0,0.0,25032.5,27779.5725
20140527,300081.SZ,11.07,11.07,10.78,10.8,11.09,-0.29,-2.62,19246.26,20946.5086
20140528,300081.SZ,10.83,11.2,10.8,11.14,10.8,0.34,3.15,27614.68,30498.1132
20140529,300081.SZ,11.05,11.5,11.04,11.3,11.14,0.16,1.44,46103.25,52257.1808
20140530,300081.SZ,11.3,11.39,11.03,11.2,11.3,-0.1,-0.89,22945.21,25610.223
20140603,300081.SZ,11.2,11.29,11.06,11.07,11.2,-0.13,-1.16,13796.8,15337.1405
20140604,300081.SZ,10.96,11.15,10.7,10.97,11.07,-0.1,-0.9,18404.75,20027.8927
20140605,300081.SZ,10.95,11.49,10.88,11.4,10.97,0.43,3.92,39168.8,44280.1384
20140606,300081.SZ,11.46,11.47,11.15,11.22,11.4,-0.18,-1.58,21044.41,23765.9384
20140609,300081.SZ,11.2,11.6,11.2,11.35,11.22,0.13,1.16,29876.76,34117.534
20140610,300081.SZ,11.32,11.65,11.2,11.5,11.35,0.15,1.32,31544.04,36136.4674
20140611,300081.SZ,11.44,12.18,11.43,11.75,11.5,0.25,2.17,49469.57,58743.7352
20140612,300081.SZ,11.67,12.15,11.58,12.07,11.75,0.32,2.72,43738.67,52359.3751
20140613,300081.SZ,11.97,12.77,11.97,12.56,12.07,0.49,4.06,72392.84,90395.5627
20140616,300081.SZ,12.51,12.57,12.19,12.45,12.56,-0.11,-0.88,39622.02,49153.2196
20140617,300081.SZ,12.41,12.68,12.1,12.19,12.45,-0.26,-2.09,32801.42,40556.2581
20140618,300081.SZ,12.25,12.33,11.67,11.68,12.19,-0.51,-4.18,35126.14,41883.8878
20140619,300081.SZ,11.73,11.91,11.02,11.3,11.68,-0.38,-3.25,32769.67,37610.4254
20140620,300081.SZ,11.35,11.45,11.15,11.43,11.3,0.13,1.15,14740.92,16735.3493
20140623,300081.SZ,11.5,11.8,11.43,11.59,11.43,0.16,1.4,20613.38,23982.0903
20140624,300081.SZ,11.56,11.85,11.56,11.73,11.59,0.14,1.21,16225.92,19011.9679
20140625,300081.SZ,11.75,11.75,11.44,11.5,11.73,-0.23,-1.96,17059.9,19672.631
20140626,300081.SZ,11.5,12.07,11.5,11.86,11.5,0.36,3.13,33185.95,39490.9728
20140627,300081.SZ,11.9,12.49,11.86,12.41,11.86,0.55,4.64,46395.91,56881.3677
20140630,300081.SZ,12.48,12.75,12.29,12.36,12.41,-0.05,-0.4,41657.39,52134.3759
20140701,300081.SZ,12.36,12.64,12.25,12.61,12.36,0.25,2.02,26128.2,32601.9196
20140702,300081.SZ,12.63,12.96,12.52,12.86,12.61,0.25,1.98,40154.82,51341.7498
20140703,300081.SZ,12.76,12.95,12.63,12.73,12.86,-0.13,-1.01,31768.13,40751.6433
20140704,300081.SZ,12.76,12.9,12.22,12.53,12.73,-0.2,-1.57,30799.06,38888.9871
20140707,300081.SZ,12.52,12.98,12.5,12.9,12.53,0.37,2.95,43217.99,55076.5061
20140708,300081.SZ,12.83,13.04,12.67,12.89,12.9,-0.01,-0.08,19911.55,25558.6125
20140709,300081.SZ,12.83,14.18,12.53,13.61,12.89,0.72,5.59,127533.12,175100.2095
20140710,300081.SZ,13.8,14.55,13.75,14.17,13.61,0.56,4.11,123027.73,173781.8583
20140711,300081.SZ,14.05,14.81,13.93,14.71,14.17,0.54,3.81,76113.22,110339.8404
20140714,300081.SZ,14.53,14.96,14.01,14.42,14.71,-0.29,-1.97,50222.25,72554.6954
20140715,300081.SZ,14.2,14.2,13.52,13.68,14.42,-0.74,-5.13,49957.54,68915.0993
20140716,300081.SZ,13.66,14.1,13.42,13.46,13.68,-0.22,-1.61,29342.97,40389.5547
20140717,300081.SZ,13.53,13.95,13.32,13.84,13.46,0.38,2.82,25881.23,35610.7924
20140718,300081.SZ,13.71,14.5,13.7,13.96,13.84,0.12,0.87,28516.62,40313.7993
20140721,300081.SZ,13.96,14.6,13.67,14.47,13.96,0.51,3.65,33506.28,47626.7143
20140722,300081.SZ,14.42,14.55,14.32,14.46,14.47,-0.01,-0.07,24099.2,34833.8268
20140723,300081.SZ,14.45,14.45,13.21,13.65,14.46,-0.81,-5.6,29474.62,41049.3148
20140724,300081.SZ,13.64,13.65,12.86,13.14,13.65,-0.51,-3.74,19571.13,25752.6576
20140725,300081.SZ,13.13,13.38,12.41,13.12,13.14,-0.02,-0.15,35414.2,45730.1263
20140728,300081.SZ,12.99,13.08,12.67,13.08,13.12,-0.04,-0.3,59639.15,76418.8761
20140729,300081.SZ,12.94,13.25,12.92,13.12,13.08,0.04,0.31,34723.69,45465.1493
20140730,300081.SZ,13.15,13.23,12.9,13.19,13.12,0.07,0.53,24772.02,32413.062
20140731,300081.SZ,13.18,13.23,12.92,13.22,13.19,0.03,0.23,26953.1,35272.6894
20140801,300081.SZ,13.14,13.25,13.03,13.05,13.22,-0.17,-1.29,20995.35,27539.9453
20140804,300081.SZ,13.02,13.15,13.01,13.1,13.05,0.05,0.38,20852.25,27253.8996
20140805,300081.SZ,13.1,13.65,13.0,13.6,13.1,0.5,3.82,45228.76,60918.9512
20140806,300081.SZ,13.47,13.85,13.47,13.71,13.6,0.11,0.81,21124.46,28840.9558
20140807,300081.SZ,13.72,14.13,13.5,13.56,13.71,-0.15,-1.09,25435.28,35234.942
20140808,300081.SZ,13.47,13.69,13.45,13.59,13.56,0.03,0.22,24416.64,33034.9596
20140811,300081.SZ,13.67,13.82,13.5,13.72,13.59,0.13,0.96,19440.26,26542.5343
20140812,300081.SZ,13.72,14.5,13.63,14.32,13.72,0.6,4.37,48434.59,68207.9811
20140813,300081.SZ,14.3,14.48,13.89,14.26,14.32,-0.06,-0.42,27632.47,39060.3918
20140814,300081.SZ,14.18,14.42,14.05,14.25,14.26,-0.01,-0.07,34207.72,48667.3981
20140815,300081.SZ,14.28,14.71,14.19,14.59,14.25,0.34,2.39,42328.93,61198.345
20140818,300081.SZ,14.57,15.09,14.48,14.92,14.59,0.33,2.26,51768.7,76674.6976
20140819,300081.SZ,14.88,15.99,14.76,15.2,14.92,0.28,1.88,68353.37,105522.1586
20140820,300081.SZ,15.12,15.88,15.03,15.14,15.2,-0.06,-0.39,54699.95,84481.5739
20140821,300081.SZ,15.08,15.23,14.28,15.13,15.14,-0.01,-0.07,72946.77,107361.4242
20140822,300081.SZ,15.2,16.58,14.86,16.16,15.13,1.03,6.81,87452.56,137627.1321
20140825,300081.SZ,16.25,16.5,15.68,16.5,16.16,0.34,2.1,72921.85,117706.8818
20140826,300081.SZ,16.3,16.65,15.58,15.86,16.5,-0.64,-3.88,47739.09,76463.562
20140827,300081.SZ,15.98,16.42,15.67,16.14,15.86,0.28,1.77,23649.25,38002.9237
20140828,300081.SZ,16.18,16.88,15.9,16.66,16.14,0.52,3.22,44269.78,72755.4147
20140829,300081.SZ,16.6,16.86,15.97,16.47,16.66,-0.19,-1.14,36669.41,60208.8133
20140901,300081.SZ,16.23,17.28,15.98,17.15,16.47,0.68,4.13,55406.16,92985.9391
20140902,300081.SZ,17.13,17.78,16.86,17.2,17.15,0.05,0.29,33594.23,58435.5314
20140903,300081.SZ,17.15,17.67,16.93,17.5,17.2,0.3,1.74,37939.81,65686.0336
20140904,300081.SZ,17.4,17.4,16.98,17.18,17.5,-0.32,-1.83,30790.78,52777.5957
20140905,300081.SZ,17.27,17.27,16.82,16.93,17.18,-0.25,-1.46,22210.03,37702.0099
20140909,300081.SZ,16.79,17.09,16.5,17.07,16.93,0.14,0.83,28616.55,47885.3601
20140910,300081.SZ,16.92,17.0,16.61,16.72,17.07,-0.35,-2.05,24058.56,40356.3454
20140911,300081.SZ,16.63,16.85,16.27,16.41,16.72,-0.31,-1.85,45344.0,74977.5136
20140912,300081.SZ,16.5,16.95,16.48,16.68,16.41,0.27,1.65,43680.79,73120.7571
20140915,300081.SZ,16.7,16.92,16.59,16.81,16.68,0.13,0.78,23360.78,39148.5181
20140916,300081.SZ,16.77,16.83,15.46,15.46,16.81,-1.35,-8.03,37230.26,60105.856
20140917,300081.SZ,15.4,15.58,14.7,15.2,15.46,-0.26,-1.68,40674.11,61743.8463
20140918,300081.SZ,15.18,15.52,15.0,15.48,15.2,0.28,1.84,25168.38,38635.8987
20140919,300081.SZ,15.48,15.56,15.07,15.41,15.48,-0.07,-0.45,28991.19,44363.155
20140922,300081.SZ,15.3,16.16,15.11,15.85,15.41,0.44,2.86,43116.86,67918.3808
20140923,300081.SZ,15.79,16.3,15.7,16.2,15.85,0.35,2.21,31995.42,51441.825
20140924,300081.SZ,16.17,16.32,16.02,16.22,16.2,0.02,0.12,25877.75,41865.6004
20140925,300081.SZ,16.16,16.8,15.88,16.45,16.22,0.23,1.42,48530.58,78668.1793
20140926,300081.SZ,16.31,18.1,15.61,18.1,16.45,1.65,10.03,106107.97,184021.7512
20140929,300081.SZ,18.4,18.4,17.6,17.87,18.1,-0.23,-1.27,57847.63,103007.2089
20140930,300081.SZ,17.86,18.1,17.32,17.91,17.87,0.04,0.22,46523.89,81968.2894
20141008,300081.SZ,17.73,17.98,17.4,17.64,17.91,-0.27,-1.51,35451.63,62461.5921
20141009,300081.SZ,17.61,17.68,17.08,17.32,17.64,-0.32,-1.81,53087.93,92333.5413
20141010,300081.SZ,17.3,17.55,16.92,17.09,17.32,-0.23,-1.33,30718.25,52848.9713
20141013,300081.SZ,17.23,17.26,16.58,17.24,17.09,0.15,0.88,27050.07,45840.2031
20141014,300081.SZ,17.17,17.39,16.88,17.03,17.24,-0.21,-1.22,22386.34,38356.5828
20141015,300081.SZ,16.9,17.12,16.75,16.85,17.03,-0.18,-1.06,20500.66,34613.6744
20141016,300081.SZ,16.86,17.07,16.58,16.58,16.85,-0.27,-1.6,21649.24,36302.6561
20141017,300081.SZ,16.56,16.8,15.7,15.93,16.58,-0.65,-3.92,28817.25,46402.3967
20141020,300081.SZ,16.05,16.44,16.03,16.24,15.93,0.31,1.95,18828.44,30539.7467
20141021,300081.SZ,16.23,17.08,16.16,16.93,16.24,0.69,4.25,42903.96,71632.872
20141022,300081.SZ,16.86,17.36,16.58,16.61,16.93,-0.32,-1.89,35853.01,61253.4856
20141023,300081.SZ,16.6,17.15,16.35,16.64,16.61,0.03,0.18,29694.28,49940.5985
20141024,300081.SZ,16.64,17.35,16.61,17.11,16.64,0.47,2.82,30736.69,52340.0723
20141027,300081.SZ,17.05,17.05,16.11,16.63,17.11,-0.48,-2.81,34742.2,58070.0997
20141028,300081.SZ,16.45,17.19,16.45,17.09,16.63,0.46,2.77,43235.45,72379.6028
20141029,300081.SZ,17.06,18.7,16.9,18.45,17.09,1.36,7.96,101883.1,181937.4001
20141030,300081.SZ,18.06,18.59,17.8,17.88,18.45,-0.57,-3.09,44735.67,81137.0138
20141031,300081.SZ,17.84,17.84,17.0,17.27,17.88,-0.61,-3.41,38323.5,66440.145
20141103,300081.SZ,17.31,17.59,17.18,17.41,17.27,0.14,0.81,28616.49,49558.0659
20141104,300081.SZ,17.41,17.41,17.07,17.15,17.41,-0.26,-1.49,20842.46,35967.2591
20141105,300081.SZ,17.09,17.89,17.0,17.75,17.15,0.6,3.5,33448.39,58680.2505
20141106,300081.SZ,17.78,17.98,17.5,17.95,17.75,0.2,1.13,28284.89,50276.7808
20141107,300081.SZ,17.98,18.23,17.75,17.98,17.95,0.03,0.17,37360.12,67381.306
20141110,300081.SZ,18.17,18.3,17.81,18.08,17.98,0.1,0.56,23752.79,42808.8097
20141111,300081.SZ,18.25,18.99,17.81,18.87,18.08,0.79,4.37,75466.3,138718.1836
20141112,300081.SZ,18.55,18.73,18.11,18.46,18.87,-0.41,-2.17,30973.34,56922.4927
20141113,300081.SZ,18.46,18.75,17.41,17.66,18.46,-0.8,-4.33,62407.72,111354.0494
20141114,300081.SZ,17.5,17.5,16.7,17.12,17.66,-0.54,-3.06,38317.04,65211.6511
20141117,300081.SZ,17.03,18.08,16.78,17.86,17.12,0.74,4.32,30132.96,53104.8576
20141118,300081.SZ,18.0,18.29,17.74,18.0,17.86,0.14,0.78,17312.81,31106.7408
20141119,300081.SZ,18.0,18.26,17.73,17.84,18.0,-0.16,-0.89,21676.93,38890.2903
20141120,300081.SZ,17.73,18.05,17.6,17.89,17.84,0.05,0.28,15868.09,28282.0544
20141121,300081.SZ,17.8,18.3,17.8,18.3,17.89,0.41,2.29,19818.83,35863.2197
20141124,300081.SZ,18.53,19.29,18.5,18.6,18.3,0.3,1.64,40652.44,76770.9223
20141125,300081.SZ,19.02,20.46,19.02,20.46,18.6,1.86,10.0,68730.05,138557.9845
20141126,300081.SZ,20.46,22.51,19.87,22.07,20.46,1.61,7.87,80797.83,172281.5597
20141127,300081.SZ,21.63,23.05,21.52,22.65,22.07,0.58,2.63,88134.52,198184.5222
20141128,300081.SZ,23.2,24.86,22.62,24.15,22.65,1.5,6.62,78662.27,185081.7416
20141201,300081.SZ,23.7,24.0,22.0,22.7,24.15,-1.45,-6.0,68456.56,157275.8013
20141202,300081.SZ,22.3,23.85,22.3,23.46,22.7,0.76,3.35,47937.22,111716.2342
20141203,300081.SZ,23.44,24.2,22.03,24.2,23.46,0.74,3.15,49630.49,115473.9399
20141204,300081.SZ,23.95,26.42,23.9,25.45,24.2,1.25,5.17,40163.07,101197.7507
20150305,300081.SZ,28.0,28.0,28.0,28.0,25.45,2.55,10.02,320.3,896.84
20150306,300081.SZ,30.8,30.8,30.8,30.8,28.0,2.8,10.0,366.18,1127.8344
20150309,300081.SZ,33.88,33.88,33.01,33.88,30.8,3.08,10.0,93877.42,317960.7404
20150310,300081.SZ,37.27,37.27,36.22,37.27,33.88,3.39,10.01,47999.48,178676.4605
20150311,300081.SZ,41.0,41.0,40.76,41.0,37.27,3.73,10.01,65713.07,269414.347
20150312,300081.SZ,44.0,44.99,39.55,42.06,41.0,1.06,2.59,248236.89,1055143.6647
20150313,300081.SZ,43.01,46.27,43.01,46.27,42.06,4.21,10.01,102042.55,462852.5054
20150316,300081.SZ,49.52,50.9,49.4,50.9,46.27,4.63,10.01,23661.58,118963.3104
20150317,300081.SZ,55.38,55.48,47.01,47.81,50.9,-3.09,-6.07,164245.74,833251.362
20150318,300081.SZ,48.49,49.75,45.6,48.77,47.81,0.96,2.01,111882.49,532985.4281
20150319,300081.SZ,46.92,47.99,46.0,47.48,48.77,-1.29,-2.65,78176.17,366568.79
20150320,300081.SZ,47.0,52.23,47.0,52.23,47.48,4.75,10.0,128706.89,656947.5948
20150323,300081.SZ,53.98,55.6,50.1,52.61,52.23,0.38,0.73,134336.37,706261.5365
20150324,300081.SZ,53.76,57.87,51.12,56.59,52.61,3.98,7.57,131017.83,718140.1849
20150325,300081.SZ,55.0,62.25,54.0,59.5,56.59,2.91,5.14,145092.39,859503.1297
20150326,300081.SZ,58.53,62.3,53.55,56.75,59.5,-2.75,-4.62,127421.67,729428.9789
20150410,300081.SZ,58.0,61.2,52.01,57.0,56.75,0.25,0.44,173953.24,964074.387
20150413,300081.SZ,55.0,55.62,51.3,53.33,57.0,-3.67,-6.44,139683.2,741598.9873
20150414,300081.SZ,51.88,53.3,50.33,50.33,53.33,-3.0,-5.63,74676.16,382901.2947
20150415,300081.SZ,50.05,50.3,45.3,45.3,50.33,-5.03,-9.99,65540.42,310627.9089
20150416,300081.SZ,44.05,47.5,43.31,45.1,45.3,-0.2,-0.44,58157.8,263938.6799
20150417,300081.SZ,45.7,48.08,45.5,47.12,45.1,2.02,4.48,58637.51,275166.6311
20150420,300081.SZ,46.7,51.2,45.41,47.85,47.12,0.73,1.55,42292.0,207622.4414
20150421,300081.SZ,48.3,50.48,47.51,50.0,47.85,2.15,4.49,27637.52,136444.3594
20150422,300081.SZ,49.88,51.4,47.8,50.5,50.0,0.5,1.0,44775.81,223852.2296
20150423,300081.SZ,50.8,55.0,50.63,54.79,50.5,4.29,8.5,53720.55,285127.9084
20150424,300081.SZ,53.0,54.86,50.8,53.52,54.79,-1.27,-2.32,43686.29,230562.2586
20150427,300081.SZ,52.6,53.48,49.61,50.03,53.52,-3.49,-6.52,43154.01,220698.9129
20150428,300081.SZ,50.19,50.78,45.7,49.4,50.03,-0.63,-1.26,40587.46,191865.4582
20150429,300081.SZ,47.5,52.2,47.41,50.67,49.4,1.27,2.57,31049.58,156615.1082
20150430,300081.SZ,50.68,52.78,48.0,52.01,50.67,1.34,2.64,47974.83,244227.6836
20150504,300081.SZ,51.5,52.18,50.0,50.16,52.01,-1.85,-3.56,24154.13,123767.9529
20150505,300081.SZ,49.88,49.89,47.39,47.98,50.16,-2.18,-4.35,35958.43,172781.9929
20150506,300081.SZ,48.04,49.95,47.8,47.8,47.98,-0.18,-0.38,23113.67,112977.6989
20150507,300081.SZ,47.51,48.51,46.5,46.5,47.8,-1.3,-2.72,22600.0,107439.5651
20150508,300081.SZ,47.5,51.15,47.5,51.15,46.5,4.65,10.0,57740.53,290744.1461
20150511,300081.SZ,52.2,56.27,52.0,56.27,51.15,5.12,10.01,81139.31,447203.4351
20150512,300081.SZ,61.5,61.9,60.0,61.9,56.27,5.63,10.01,25749.02,158982.3071
20150513,300081.SZ,68.09,68.09,66.01,68.09,61.9,6.19,10.0,36186.49,245339.5289
20150514,300081.SZ,74.0,74.9,68.0,68.48,68.09,0.39,0.57,130047.64,949577.7682
20150515,300081.SZ,65.0,73.99,61.63,72.51,68.48,4.03,5.88,65627.12,443785.8122
20150518,300081.SZ,72.6,75.2,69.3,71.65,72.51,-0.86,-1.19,66011.47,473862.5288
20150519,300081.SZ,71.0,72.77,68.51,69.86,71.65,-1.79,-2.5,47284.42,330897.813
20150520,300081.SZ,70.6,76.85,69.51,76.85,69.86,6.99,10.01,35160.9,254521.1225
20150521,300081.SZ,84.53,84.54,81.0,84.54,76.85,7.69,10.01,15590.39,131750.8265
20150522,300081.SZ,92.99,92.99,78.28,83.03,84.54,-1.51,-1.79,82995.81,691513.8615
20150525,300081.SZ,78.0,78.88,74.73,74.73,83.03,-8.3,-10.0,68655.85,517199.8741
20150526,300081.SZ,74.49,78.08,74.0,77.21,74.73,2.48,3.32,50649.19,383067.9881
20150527,300081.SZ,77.5,77.5,70.0,72.1,77.21,-5.11,-6.62,55596.41,405616.4205
20150528,300081.SZ,71.0,71.8,68.0,68.8,72.1,-3.3,-4.58,39365.57,275827.5804
20150529,300081.SZ,69.83,74.3,66.0,72.5,68.8,3.7,5.38,49346.67,351288.8262
20150601,300081.SZ,72.69,75.9,70.0,75.8,72.5,3.3,4.55,52268.59,385782.7703
20150602,300081.SZ,75.02,75.5,72.0,75.5,75.8,-0.3,-0.4,35072.82,259433.211
20150603,300081.SZ,75.05,75.49,70.5,73.4,75.5,-2.1,-2.78,42076.86,306096.8582
20150604,300081.SZ,73.4,75.72,69.6,75.0,73.4,1.6,2.18,42232.74,311889.6752
20150605,300081.SZ,75.2,82.0,75.2,78.28,75.0,3.28,4.37,49107.39,388371.7212
20150608,300081.SZ,76.05,76.05,71.5,73.0,78.28,-5.28,-6.75,31496.51,230870.0158
20150609,300081.SZ,73.0,74.0,71.0,71.02,73.0,-1.98,-2.71,20214.45,145971.1251
20150610,300081.SZ,70.8,73.6,70.11,73.18,71.02,2.16,3.04,19013.27,137031.3592
20150611,300081.SZ,73.7,80.5,72.32,80.5,73.18,7.32,10.0,41713.01,321714.7656
20150612,300081.SZ,80.52,85.05,77.58,79.97,80.5,-0.53,-0.66,41576.96,336925.7457
20150615,300081.SZ,79.97,87.5,77.0,81.22,79.97,1.25,1.56,54971.38,456274.1108
20150616,300081.SZ,82.4,83.0,73.1,77.8,81.22,-3.42,-4.21,47337.42,356576.3035
20150617,300081.SZ,77.74,80.0,70.33,77.8,77.8,0.0,0.0,28855.19,217730.7701
20150618,300081.SZ,77.8,79.77,72.79,75.49,77.8,-2.31,-2.97,29383.35,225246.5165
20150619,300081.SZ,70.79,75.49,70.79,71.9,75.49,-3.59,-4.76,20336.03,147524.0002
20150623,300081.SZ,72.9,73.9,64.71,66.45,71.9,-5.45,-7.58,28358.35,190952.5213
20150624,300081.SZ,65.29,67.97,64.0,64.99,66.45,-1.46,-2.2,46327.61,304926.909
20150625,300081.SZ,65.01,65.9,58.49,58.49,64.99,-6.5,-10.0,50381.97,308230.0427
20150626,300081.SZ,54.8,54.8,52.64,52.64,58.49,-5.85,-10.0,61989.56,327064.5188
20150629,300081.SZ,52.0,52.94,47.38,47.38,52.64,-5.26,-9.99,30121.14,145932.4548
20150630,300081.SZ,42.64,49.0,42.64,46.8,47.38,-0.58,-1.22,48868.17,224286.1886
20150701,300081.SZ,45.1,48.1,42.12,42.12,46.8,-4.68,-10.0,60888.22,273758.5255
20150702,300081.SZ,39.01,39.8,37.91,37.91,42.12,-4.21,-10.0,33369.11,127184.9631
20150703,300081.SZ,34.12,36.75,34.12,34.12,37.91,-3.79,-10.0,67861.41,233135.6878
20150706,300081.SZ,37.3,37.3,30.71,30.71,34.12,-3.41,-9.99,67439.43,224192.8807
20150805,300081.SZ,33.78,33.78,33.78,33.78,30.71,3.07,10.0,79146.13,267355.6271
20150806,300081.SZ,33.6,37.16,31.66,37.16,33.78,3.38,10.01,229457.39,791443.82
20150807,300081.SZ,37.5,40.6,35.61,39.3,37.16,2.14,5.76,209500.63,795289.4163
20150810,300081.SZ,38.5,41.41,37.16,39.91,39.3,0.61,1.55,220296.11,863346.7367
20150811,300081.SZ,40.0,41.8,39.21,40.5,39.91,0.59,1.48,184674.1,748198.9522
20150812,300081.SZ,39.45,40.58,38.01,38.12,40.5,-2.38,-5.88,117734.7,460472.898
20150813,300081.SZ,37.41,40.34,37.41,40.1,38.12,1.98,5.19,138103.95,543817.5625
20150814,300081.SZ,40.1,40.71,39.48,39.53,40.1,-0.57,-1.42,100714.36,402274.3909
20150817,300081.SZ,39.01,39.54,37.6,38.95,39.53,-0.58,-1.47,78416.44,301543.3874
20150818,300081.SZ,38.58,39.51,35.06,35.06,38.95,-3.89,-9.99,86639.76,326585.7334
20150819,300081.SZ,32.01,35.59,31.55,34.85,35.06,-0.21,-0.6,96527.65,317410.6004
20150820,300081.SZ,34.0,34.34,32.02,32.25,34.85,-2.6,-7.46,70684.63,236252.1214
20150821,300081.SZ,31.21,31.71,29.03,29.03,32.25,-3.22,-9.98,72546.82,220883.7618
20150824,300081.SZ,27.7,27.7,26.13,26.13,29.03,-2.9,-9.99,26421.02,69690.5842
20150825,300081.SZ,23.52,24.29,23.52,23.52,26.13,-2.61,-9.99,80484.28,189815.1035
20150826,300081.SZ,23.0,24.46,21.3,21.3,23.52,-2.22,-9.44,96240.17,220422.5433
20150827,300081.SZ,21.98,23.09,19.92,22.8,21.3,1.5,7.04,130530.61,287331.8955
20150828,300081.SZ,23.4,24.82,22.3,24.71,22.8,1.91,8.38,170320.71,395986.8727
20150831,300081.SZ,24.4,24.5,23.01,23.01,24.71,-1.7,-6.88,118096.85,282229.4044
20150901,300081.SZ,22.41,22.87,20.71,20.71,23.01,-2.3,-10.0,95183.15,205867.6235
20150902,300081.SZ,18.93,22.78,18.83,19.93,20.71,-0.78,-3.77,79194.12,162840.8661
20150907,300081.SZ,20.3,21.92,20.28,21.72,19.93,1.79,8.98,107872.68,230573.475
20150908,300081.SZ,21.05,23.89,20.88,23.89,21.72,2.17,9.99,112700.43,251045.2294
20150909,300081.SZ,24.21,25.96,24.21,25.49,23.89,1.6,6.7,129011.05,324140.935
20150910,300081.SZ,24.6,25.4,24.04,24.26,25.49,-1.23,-4.83,69947.8,173325.9585
20150911,300081.SZ,24.05,25.0,24.01,24.8,24.26,0.54,2.23,58576.12,143912.7072
20150914,300081.SZ,24.9,25.2,22.32,22.32,24.8,-2.48,-10.0,43288.08,101841.2171
20150915,300081.SZ,20.13,20.97,20.09,20.09,22.32,-2.23,-9.99,91682.23,186070.8947
20150916,300081.SZ,20.26,22.1,19.8,22.1,20.09,2.01,10.01,91388.29,192325.9377
20150917,300081.SZ,22.24,23.99,21.7,22.0,22.1,-0.1,-0.45,108657.53,245911.8708
20150918,300081.SZ,22.0,23.0,21.35,22.88,22.0,0.88,4.0,78682.0,173532.7055
20150921,300081.SZ,22.02,25.17,21.98,25.17,22.88,2.29,10.01,118297.81,284501.3958
20150922,300081.SZ,25.2,25.6,24.1,24.85,25.17,-0.32,-1.27,128713.3,320327.9303
20150923,300081.SZ,24.03,25.81,24.01,25.2,24.85,0.35,1.41,102794.88,255622.1153
20150924,300081.SZ,25.21,26.48,25.2,25.74,25.2,0.54,2.14,107261.89,276391.992
20150925,300081.SZ,26.01,26.49,23.53,24.8,25.74,-0.94,-3.65,114997.16,290298.0708
20150928,300081.SZ,25.0,27.28,24.16,27.28,24.8,2.48,10.0,97772.89,253834.4993
20150929,300081.SZ,26.61,28.1,26.05,27.41,27.28,0.13,0.48,109106.55,295735.5868
20150930,300081.SZ,27.32,27.8,26.25,26.46,27.41,-0.95,-3.47,57519.08,153809.364
20151008,300081.SZ,27.26,28.6,27.02,27.45,26.46,0.99,3.74,102545.27,283810.6703
20151009,300081.SZ,27.16,27.6,26.85,27.2,27.45,-0.25,-0.91,89020.67,241922.8372
20151012,300081.SZ,27.31,29.5,26.99,29.01,27.2,1.81,6.65,120202.17,340085.6201
20151013,300081.SZ,28.33,30.9,28.33,30.06,29.01,1.05,3.62,122883.31,361821.6174
20151014,300081.SZ,29.79,29.79,28.41,28.48,30.06,-1.58,-5.26,119178.71,345252.3889
20151015,300081.SZ,27.72,30.2,27.6,29.89,28.48,1.41,4.95,112096.88,327158.7003
20151016,300081.SZ,30.01,30.81,29.18,30.56,29.89,0.67,2.24,128259.33,383584.3214
20151019,300081.SZ,30.56,30.88,28.75,29.25,30.56,-1.31,-4.29,112147.51,335028.0086
20151020,300081.SZ,29.02,31.23,29.02,30.9,29.25,1.65,5.64,139227.61,423574.7609
20151021,300081.SZ,31.3,33.99,31.24,33.99,30.9,3.09,10.0,280844.47,943249.1249
20151022,300081.SZ,35.68,37.39,34.88,37.39,33.99,3.4,10.0,101287.54,367723.1547
20151023,300081.SZ,41.13,41.13,38.8,39.97,37.39,2.58,6.9,360212.34,1459298.099
20151026,300081.SZ,37.92,38.79,35.97,35.97,39.97,-4.0,-10.01,229240.83,841461.3156
20151027,300081.SZ,34.06,37.7,33.9,37.05,35.97,1.08,3.0,192325.1,689278.8058
20151028,300081.SZ,36.02,36.36,33.4,33.55,37.05,-3.5,-9.45,162188.24,565210.7491
20151029,300081.SZ,33.6,35.27,33.4,33.89,33.55,0.34,1.01,110928.0,380135.5472
20151030,300081.SZ,34.0,34.84,31.8,34.0,33.89,0.11,0.32,121300.31,406707.7221
20151102,300081.SZ,32.1,34.39,32.02,32.35,34.0,-1.65,-4.85,85018.19,282483.946
20151103,300081.SZ,32.5,34.95,32.48,33.52,32.35,1.17,3.62,94320.6,316711.3255
20151104,300081.SZ,34.12,36.4,33.89,36.29,33.52,2.77,8.26,125735.23,439704.4471
20151105,300081.SZ,35.8,36.15,34.22,34.72,36.29,-1.57,-4.33,133852.08,469305.7691
20151106,300081.SZ,34.98,35.8,34.74,35.38,34.72,0.66,1.9,109006.29,385903.3146
20151109,300081.SZ,34.65,36.79,33.6,36.24,35.38,0.86,2.43,137970.32,485887.3795
20151110,300081.SZ,35.86,37.82,35.61,37.45,36.24,1.21,3.34,154475.49,565710.4587
20151111,300081.SZ,37.47,40.93,37.02,38.99,37.45,1.54,4.11,156145.58,602944.0062
20151112,300081.SZ,40.2,40.2,37.15,37.8,38.99,-1.19,-3.05,120796.57,462935.8661
20151113,300081.SZ,37.8,41.58,37.55,41.58,37.8,3.78,10.0,182523.8,743972.2813
20151116,300081.SZ,41.0,44.27,40.3,43.36,41.58,1.78,4.28,222983.47,947946.0382
20151117,300081.SZ,43.54,45.39,41.7,43.71,43.36,0.35,0.81,182471.0,798314.1309
20151118,300081.SZ,43.0,47.5,42.38,45.35,43.71,1.64,3.75,180475.96,824672.9617
20151119,300081.SZ,46.0,48.94,43.5,47.28,45.35,1.93,4.26,174648.9,805694.6729
20151120,300081.SZ,46.49,52.01,46.49,52.01,47.28,4.73,10.0,142495.47,712004.7125
20151123,300081.SZ,53.4,54.7,46.81,46.81,52.01,-5.2,-10.0,175045.0,886181.7709
20151124,300081.SZ,47.87,48.48,44.6,47.8,46.81,0.99,2.11,129404.74,600617.1238
20151125,300081.SZ,46.89,47.9,46.0,47.84,47.8,0.04,0.08,116608.24,544655.3457
20160325,300081.SZ,47.84,51.44,43.06,43.8,47.84,-4.04,-8.44,231169.76,1054110.9066
20160328,300081.SZ,44.28,48.18,44.28,48.18,43.8,4.38,10.0,236920.14,1123138.0831
20160329,300081.SZ,48.0,48.84,45.51,46.37,48.18,-1.81,-3.76,198420.34,933306.5516
20160330,300081.SZ,46.89,50.9,46.2,50.2,46.37,3.83,8.26,198912.44,964341.218
20160331,300081.SZ,50.77,55.22,50.5,55.22,50.2,5.02,10.0,153332.29,818987.5432
20160401,300081.SZ,55.0,59.7,53.52,54.96,55.22,-0.26,-0.47,215045.36,1216903.3173
20160405,300081.SZ,55.88,57.38,54.1,55.85,54.96,0.89,1.62,153699.18,856455.2855
20160406,300081.SZ,55.2,59.98,55.09,58.8,55.85,2.95,5.28,161754.69,925025.5755
20160407,300081.SZ,58.0,58.4,54.02,54.9,58.8,-3.9,-6.63,133621.05,760203.2974
20160408,300081.SZ,55.99,55.99,52.5,53.8,54.9,-1.1,-2.0,107662.83,583897.2114
20160411,300081.SZ,54.59,57.8,53.61,54.25,53.8,0.45,0.84,116501.57,647891.1079
20160412,300081.SZ,53.1,55.25,52.5,54.39,54.25,0.14,0.26,107462.84,579592.5364
20160413,300081.SZ,54.39,57.3,53.6,54.93,54.39,0.54,0.99,110557.32,612260.9849
20160414,300081.SZ,54.5,56.9,54.5,55.21,54.93,0.28,0.51,66942.35,371115.3679
20160415,300081.SZ,55.8,59.98,54.36,58.68,55.21,3.47,6.29,117357.21,667012.1565
20160418,300081.SZ,57.3,58.6,55.8,56.1,58.68,-2.58,-4.4,83078.37,470992.0856
20160419,300081.SZ,56.7,56.97,54.0,54.6,56.1,-1.5,-2.67,66555.5,365993.3748
20160420,300081.SZ,54.72,55.27,49.14,49.14,54.6,-5.46,-10.0,93723.85,476747.3418
20160421,300081.SZ,48.11,48.75,44.23,44.4,49.14,-4.74,-9.65,100257.73,463651.3496
20160422,300081.SZ,44.26,45.48,43.21,45.36,44.4,0.96,2.16,65088.51,289922.9594
20160425,300081.SZ,44.77,47.48,43.5,47.14,45.36,1.78,3.92,76913.12,349919.2288
20160426,300081.SZ,46.77,47.68,46.13,47.38,47.14,0.24,0.51,45803.38,214998.3618
20160427,300081.SZ,47.3,49.35,46.53,46.53,47.38,-0.85,-1.79,53688.91,258165.4902
20160428,300081.SZ,46.88,47.42,44.6,47.3,46.53,0.77,1.65,38071.59,176269.1698
20160429,300081.SZ,46.5,48.2,46.25,46.63,47.3,-0.67,-1.42,30254.23,143053.2058
20160503,300081.SZ,46.5,50.0,46.11,49.49,46.63,2.86,6.13,55981.67,272484.7193
20160504,300081.SZ,49.09,50.82,48.76,49.29,49.49,-0.2,-0.4,48174.16,239050.608
20160505,300081.SZ,49.6,51.6,48.8,51.3,49.29,2.01,4.08,62280.41,311750.1744
20160506,300081.SZ,51.0,51.98,46.89,46.91,51.3,-4.39,-8.56,82563.78,406174.9935
20160509,300081.SZ,45.99,46.0,42.22,42.22,46.91,-4.69,-10.0,86423.29,375676.645
20160510,300081.SZ,42.16,42.45,40.33,41.4,42.22,-0.82,-1.94,68681.73,284007.6643
20160511,300081.SZ,41.64,41.93,37.26,37.3,41.4,-4.1,-9.9,127387.35,491739.1771
20160512,300081.SZ,35.13,36.52,33.74,36.11,37.3,-1.19,-3.19,81475.21,285275.5535
20160513,300081.SZ,35.03,36.2,34.39,34.91,36.11,-1.2,-3.32,85102.59,298823.8195
20160516,300081.SZ,14.33,15.31,14.33,15.31,13.92,1.39,9.99,123390.18,184738.148
20160517,300081.SZ,16.84,16.84,16.4,16.84,15.31,1.53,9.99,149375.89,251351.6239
20160518,300081.SZ,17.3,17.69,15.16,15.45,16.84,-1.39,-8.25,466373.86,760321.237
20160519,300081.SZ,15.18,16.53,15.01,15.78,15.45,0.33,2.14,404799.85,641034.3615
20160520,300081.SZ,15.3,15.56,14.65,15.43,15.78,-0.35,-2.22,277984.03,422767.5293
20160523,300081.SZ,15.5,16.28,15.32,15.65,15.43,0.22,1.43,261263.94,412707.1307
20160524,300081.SZ,15.3,15.97,14.87,15.75,15.65,0.1,0.64,238456.91,366613.8825
20160525,300081.SZ,15.82,16.59,15.65,15.82,15.75,0.07,0.44,338029.41,543996.832
20160526,300081.SZ,15.55,15.76,14.79,15.74,15.82,-0.08,-0.51,228402.01,349174.09
20160527,300081.SZ,15.69,16.1,15.41,15.46,15.74,-0.28,-1.78,214846.34,338473.086
20160530,300081.SZ,15.04,15.33,14.8,14.81,15.46,-0.65,-4.2,168202.61,252758.91
20160531,300081.SZ,14.85,15.87,14.85,15.73,14.81,0.92,6.21,219856.4,340292.5354
20160601,300081.SZ,15.92,17.3,15.92,17.3,15.73,1.57,9.98,217486.59,367738.5469
20160602,300081.SZ,17.25,18.76,17.1,18.19,17.3,0.89,5.14,497275.05,885551.8333
20160603,300081.SZ,17.88,18.1,17.5,17.75,18.19,-0.44,-2.42,307841.16,546912.0157
20160606,300081.SZ,17.69,18.68,17.69,17.96,17.75,0.21,1.18,239194.86,432548.5026
20160607,300081.SZ,17.76,17.8,17.31,17.65,17.96,-0.31,-1.73,181935.6,318705.5811
20160608,300081.SZ,17.5,17.6,17.03,17.31,17.65,-0.34,-1.93,137541.93,238322.3243
20160613,300081.SZ,16.99,17.53,15.58,15.58,17.31,-1.73,-9.99,173244.57,290938.333
20160614,300081.SZ,15.2,15.64,15.15,15.47,15.58,-0.11,-0.71,144161.92,221660.2489
20160615,300081.SZ,15.06,16.38,15.01,16.08,15.47,0.61,3.94,163269.64,260024.4978
20160616,300081.SZ,16.05,16.48,15.51,15.68,16.08,-0.4,-2.49,155329.68,248761.7904
20160617,300081.SZ,15.75,16.24,15.55,15.88,15.68,0.2,1.28,146165.64,233029.2577
20160620,300081.SZ,15.96,15.96,15.1,15.6,15.88,-0.28,-1.76,129414.56,199886.6173
20160621,300081.SZ,15.78,15.88,15.0,15.17,15.6,-0.43,-2.76,131980.05,203701.7155
20160622,300081.SZ,15.19,16.69,15.0,16.69,15.17,1.52,10.02,204378.28,324103.1033
20160623,300081.SZ,16.55,17.11,16.11,16.68,16.69,-0.01,-0.06,246438.42,407669.253
20160624,300081.SZ,16.5,16.88,15.1,16.14,16.68,-0.54,-3.24,196501.33,318396.0445
20160627,300081.SZ,15.87,17.28,15.87,16.91,16.14,0.77,4.77,218033.91,365353.8936
20160628,300081.SZ,16.76,17.48,16.65,17.34,16.91,0.43,2.54,233827.97,400859.2193
20160629,300081.SZ,17.45,17.64,16.9,17.16,17.34,-0.18,-1.04,172910.86,296023.4027
20160630,300081.SZ,17.2,17.25,16.72,17.0,17.16,-0.16,-0.93,137252.89,232239.371
20160701,300081.SZ,17.05,17.16,16.58,16.71,17.0,-0.29,-1.71,124468.31,210153.6747
20160704,300081.SZ,16.49,17.28,16.46,17.19,16.71,0.48,2.87,155395.57,263931.5437
20160705,300081.SZ,17.19,17.38,16.82,17.0,17.19,-0.19,-1.11,142403.61,243480.4156
20160706,300081.SZ,16.9,16.95,16.55,16.7,17.0,-0.3,-1.76,120811.46,201914.5097
20160707,300081.SZ,16.73,16.87,16.25,16.54,16.7,-0.16,-0.96,120153.09,198854.2042
20160708,300081.SZ,16.53,16.9,16.41,16.62,16.54,0.08,0.48,112255.89,187596.4872
20160711,300081.SZ,18.0,18.28,17.5,18.28,16.62,1.66,9.99,148532.66,269381.3395
20160712,300081.SZ,18.69,20.11,18.51,19.18,18.28,0.9,4.92,614977.07,1191213.2862
20160713,300081.SZ,19.0,21.1,18.45,21.1,19.18,1.92,10.01,465757.18,922851.7296
20160714,300081.SZ,21.5,23.21,21.21,22.07,21.1,0.97,4.6,707456.21,1575652.5783
20160720,300081.SZ,22.11,24.28,21.22,23.01,22.07,0.94,4.26,730964.79,1691684.9975
20160721,300081.SZ,22.19,22.86,21.63,22.2,23.01,-0.81,-3.52,599779.95,1329879.2707
20160722,300081.SZ,22.1,22.38,21.33,21.4,22.2,-0.8,-3.6,350698.33,761586.7225
20160725,300081.SZ,21.09,21.59,20.17,20.71,21.4,-0.69,-3.22,349620.06,732489.2517
20160726,300081.SZ,20.94,21.09,20.39,20.89,20.71,0.18,0.87,246776.11,511832.1322
20160727,300081.SZ,20.79,20.79,18.8,18.8,20.89,-2.09,-10.0,408653.55,804114.2285
20160728,300081.SZ,18.88,19.2,18.35,19.1,18.8,0.3,1.6,307797.2,581464.4136
20160729,300081.SZ,18.8,18.92,18.36,18.72,19.1,-0.38,-1.99,178061.77,332610.3083
20160801,300081.SZ,18.74,18.74,17.88,18.5,18.72,-0.22,-1.18,160556.67,293393.4207
20160802,300081.SZ,18.43,18.81,18.4,18.58,18.5,0.08,0.43,149354.12,277732.5064
20160803,300081.SZ,18.56,19.1,18.2,18.99,18.58,0.41,2.21,270391.69,507093.6375
20160804,300081.SZ,18.9,19.28,18.52,18.8,18.99,-0.19,-1.0,256273.99,484939.7708
20160805,300081.SZ,18.82,19.79,18.62,19.46,18.8,0.66,3.51,370116.71,713007.1297
20160808,300081.SZ,19.18,19.24,18.61,19.21,19.46,-0.25,-1.28,205776.73,390006.3295
20160809,300081.SZ,19.28,20.44,19.05,20.11,19.21,0.9,4.69,364529.62,721747.9347
20160810,300081.SZ,19.86,21.77,19.8,20.57,20.11,0.46,2.29,433697.54,901792.7467
20160811,300081.SZ,20.12,20.56,19.67,19.67,20.57,-0.9,-4.38,267197.14,536480.5647
20160812,300081.SZ,19.5,19.65,18.92,19.32,19.67,-0.35,-1.78,198389.68,382690.6682
20160815,300081.SZ,19.55,20.28,18.86,20.02,19.32,0.7,3.62,235083.61,462680.2836
20160816,300081.SZ,19.94,21.16,19.84,20.8,20.02,0.78,3.9,292844.25,601613.6722
20160817,300081.SZ,20.6,21.95,20.15,21.15,20.8,0.35,1.68,316633.5,661570.2448
20160818,300081.SZ,21.02,22.48,21.0,21.42,21.15,0.27,1.28,395161.44,857523.4068
20160819,300081.SZ,21.12,21.58,20.65,20.76,21.42,-0.66,-3.08,232940.88,489094.8853
20160822,300081.SZ,20.45,20.61,19.84,19.96,20.76,-0.8,-3.85,180720.89,363920.0479
20160823,300081.SZ,19.93,20.56,19.82,20.25,19.96,0.29,1.45,150247.42,303709.9878
20160824,300081.SZ,20.39,21.05,20.1,20.7,20.25,0.45,2.22,198475.2,409360.4992
20160825,300081.SZ,20.45,20.47,19.7,20.1,20.7,-0.6,-2.9,164629.49,330923.0917
20160826,300081.SZ,20.13,20.53,19.89,19.91,20.1,-0.19,-0.95,109704.55,221821.8304
20160829,300081.SZ,19.78,19.78,18.8,18.86,19.91,-1.05,-5.27,190451.78,362948.1846
20160830,300081.SZ,19.0,19.33,18.93,19.08,18.86,0.22,1.17,89918.23,171780.2751
20160831,300081.SZ,19.01,19.13,18.65,19.13,19.08,0.05,0.26,99728.02,188912.9946
20160901,300081.SZ,19.15,19.16,18.8,18.81,19.13,-0.32,-1.67,79661.93,151270.1647
20160902,300081.SZ,18.65,18.93,18.46,18.62,18.81,-0.19,-1.01,74538.71,139393.6657
20160905,300081.SZ,18.74,19.16,18.67,19.06,18.62,0.44,2.36,96715.63,183341.1168
20160906,300081.SZ,19.12,19.17,18.62,19.14,19.06,0.08,0.42,109127.6,206533.4614
20160907,300081.SZ,19.11,19.23,18.72,18.8,19.14,-0.34,-1.78,90925.8,172911.3044
20160908,300081.SZ,19.03,20.68,19.02,20.17,18.8,1.37,7.29,346074.32,692908.3087
20160909,300081.SZ,19.5,19.89,19.41,19.47,20.17,-0.7,-3.47,195262.14,383159.5322
20160912,300081.SZ,18.9,18.9,17.71,17.8,19.47,-1.67,-8.58,156007.89,288177.1862
20160913,300081.SZ,17.88,18.1,17.53,17.89,17.8,0.09,0.51,116194.46,206622.6723
20160914,300081.SZ,17.56,17.85,17.55,17.55,17.89,-0.34,-1.9,71861.27,126913.5144
20160919,300081.SZ,17.74,17.88,17.6,17.76,17.55,0.21,1.2,65594.69,116307.0129
20160920,300081.SZ,17.72,17.72,17.16,17.33,17.76,-0.43,-2.42,83010.6,144157.9232
20160921,300081.SZ,17.33,17.7,17.3,17.62,17.33,0.29,1.67,81105.14,142145.9224
20160929,300081.SZ,18.3,19.0,17.88,17.96,17.62,0.34,1.93,179653.77,331099.5638
20160930,300081.SZ,17.48,18.6,17.48,18.42,17.96,0.46,2.56,130413.25,238192.2871
20161010,300081.SZ,18.38,19.0,18.34,18.85,18.42,0.43,2.33,116009.04,216832.1798
20161011,300081.SZ,18.8,18.89,18.42,18.7,18.85,-0.15,-0.8,120026.29,223560.0006
20161012,300081.SZ,18.55,19.09,18.53,18.83,18.7,0.13,0.7,101754.01,191874.5087
20161013,300081.SZ,18.84,19.2,18.72,18.86,18.83,0.03,0.16,101016.06,191764.0923
20161014,300081.SZ,18.85,18.85,18.52,18.54,18.86,-0.32,-1.7,65772.33,122521.0451
20161017,300081.SZ,18.51,18.61,17.78,17.79,18.54,-0.75,-4.05,128708.23,232115.9089
20161018,300081.SZ,17.66,18.1,17.66,18.05,17.79,0.26,1.46,71078.38,127402.5326
20161019,300081.SZ,18.09,18.26,17.93,18.03,18.05,-0.02,-0.11,60992.01,110391.9783
20161020,300081.SZ,18.03,18.37,17.93,18.19,18.03,0.16,0.89,73714.58,133935.2548
20161021,300081.SZ,18.23,18.25,17.6,18.11,18.19,-0.08,-0.44,84576.17,151457.8032
20161024,300081.SZ,17.99,18.45,17.8,18.36,18.11,0.25,1.38,104188.91,190104.4078
20161025,300081.SZ,18.3,18.45,18.04,18.25,18.36,-0.11,-0.6,71654.57,130810.886
20161026,300081.SZ,18.24,18.26,17.91,17.92,18.25,-0.33,-1.81,68168.74,122945.7107
20161027,300081.SZ,17.86,18.19,17.8,18.01,17.92,0.09,0.5,51286.79,92373.8625
20161028,300081.SZ,18.0,18.88,17.8,18.2,18.01,0.19,1.06,121141.48,222107.341
20161031,300081.SZ,17.99,18.43,17.7,18.25,18.2,0.05,0.27,85336.42,154237.109
20161101,300081.SZ,18.26,18.33,17.95,18.21,18.25,-0.04,-0.22,88486.16,160294.028
20161102,300081.SZ,18.08,18.24,17.7,17.73,18.21,-0.48,-2.64,73032.07,131172.157
20161103,300081.SZ,17.71,18.08,17.63,17.76,17.73,0.03,0.17,77194.67,137442.423
20161104,300081.SZ,17.8,17.96,17.5,17.56,17.76,-0.2,-1.13,58837.1,104267.565
20161107,300081.SZ,17.59,17.96,17.5,17.8,17.56,0.24,1.37,65320.17,115886.017
20161108,300081.SZ,17.68,17.92,17.65,17.79,17.8,-0.01,-0.06,69943.9,124512.437
20161109,300081.SZ,17.81,18.06,17.5,17.8,17.79,0.01,0.06,73036.77,130123.364
20161110,300081.SZ,17.88,18.04,17.72,18.01,17.8,0.21,1.18,94468.03,169019.772
20161111,300081.SZ,19.2,19.6,18.63,18.74,18.01,0.73,4.05,407960.73,774646.79
20161114,300081.SZ,18.45,19.58,18.1,19.4,18.74,0.66,3.52,286413.23,541468.408
20161115,300081.SZ,19.03,19.99,18.9,19.63,19.4,0.23,1.19,235485.48,456788.619
20161116,300081.SZ,19.55,19.76,19.08,19.08,19.63,-0.55,-2.8,144496.38,280135.701
20161117,300081.SZ,18.81,18.98,18.55,18.56,19.08,-0.52,-2.73,90209.05,168968.294
20161118,300081.SZ,18.6,18.99,18.54,18.57,18.56,0.01,0.05,74352.05,139450.409
20161121,300081.SZ,18.5,18.66,18.34,18.4,18.57,-0.17,-0.92,67348.5,124416.815
20161122,300081.SZ,18.4,19.7,18.35,19.2,18.4,0.8,4.35,171058.45,325550.059
20161123,300081.SZ,19.18,19.65,18.74,19.05,19.2,-0.15,-0.78,137409.0,263022.847
20161124,300081.SZ,18.92,19.21,18.84,18.85,19.05,-0.2,-1.05,78311.06,148648.037
20161125,300081.SZ,18.9,19.22,18.4,19.03,18.85,0.18,0.95,85314.39,161832.12
20161128,300081.SZ,19.1,19.6,18.75,19.49,19.03,0.46,2.42,145392.58,279487.263
20161129,300081.SZ,19.28,19.39,18.86,18.91,19.49,-0.58,-2.98,133354.53,254580.783
20161130,300081.SZ,18.83,19.7,18.7,19.7,18.91,0.79,4.18,223754.33,433267.702
20161201,300081.SZ,19.3,19.68,19.3,19.48,19.7,-0.22,-1.12,161486.25,314281.384
20161202,300081.SZ,19.7,19.98,18.55,18.6,19.48,-0.88,-4.52,219099.84,422564.691
20161205,300081.SZ,17.9,18.28,17.51,17.8,18.6,-0.8,-4.3,104547.38,187207.633
20161206,300081.SZ,17.83,18.12,17.7,17.81,17.8,0.01,0.06,77777.27,139628.382
20161207,300081.SZ,17.84,18.0,17.68,17.96,17.81,0.15,0.84,40936.43,73222.202
20161208,300081.SZ,18.1,18.1,17.71,17.82,17.96,-0.14,-0.78,55504.14,98899.159
20161209,300081.SZ,17.7,17.98,17.61,17.62,17.82,-0.2,-1.12,52631.5,93378.742
20161212,300081.SZ,17.48,17.7,15.86,15.86,17.62,-1.76,-9.99,151753.84,246938.046
20161213,300081.SZ,15.7,15.85,14.85,15.61,15.86,-0.25,-1.58,80020.32,124196.547
20161214,300081.SZ,15.5,15.73,15.27,15.3,15.61,-0.31,-1.99,45579.88,70740.744
20161215,300081.SZ,15.12,15.74,15.11,15.56,15.3,0.26,1.7,58306.8,90822.019
20161216,300081.SZ,15.58,16.0,15.58,15.81,15.56,0.25,1.61,50103.28,79389.127
20161219,300081.SZ,15.85,16.5,15.81,16.26,15.81,0.45,2.85,62043.54,100708.436
20161220,300081.SZ,16.2,16.37,16.01,16.25,16.26,-0.01,-0.06,33932.91,55043.927
20161221,300081.SZ,16.34,16.68,16.24,16.34,16.25,0.09,0.55,38104.25,62768.692
20161222,300081.SZ,16.26,16.29,16.0,16.08,16.34,-0.26,-1.59,31797.03,51181.352
20161223,300081.SZ,17.14,17.69,16.5,16.54,16.08,0.46,2.86,173333.53,297438.59
20161226,300081.SZ,16.25,16.35,14.89,16.0,16.54,-0.54,-3.26,98683.69,155853.682
20161227,300081.SZ,15.91,16.14,15.75,15.81,16.0,-0.19,-1.19,53600.9,85242.9
20161228,300081.SZ,15.77,15.93,15.63,15.77,15.81,-0.04,-0.25,41050.31,64689.362
20161229,300081.SZ,15.78,15.91,15.44,15.51,15.77,-0.26,-1.65,39190.17,61600.298
20161230,300081.SZ,15.51,15.67,15.41,15.42,15.51,-0.09,-0.58,28098.41,43537.871
20170103,300081.SZ,15.49,15.67,15.43,15.56,15.42,0.14,0.91,22309.81,34744.736
20170104,300081.SZ,15.63,15.93,15.52,15.9,15.56,0.34,2.19,52797.57,83298.543
20170105,300081.SZ,16.1,16.39,15.86,15.88,15.9,-0.02,-0.13,58757.79,94661.932
20170106,300081.SZ,15.8,15.91,15.34,15.45,15.88,-0.43,-2.71,71927.49,111569.459
20170109,300081.SZ,15.47,15.53,15.2,15.38,15.45,-0.07,-0.45,26701.48,40994.93
20170110,300081.SZ,15.4,15.54,15.28,15.31,15.38,-0.07,-0.46,25886.25,39804.306
20170111,300081.SZ,15.29,15.31,14.95,15.08,15.31,-0.23,-1.5,41368.07,62700.281
20170112,300081.SZ,15.05,15.26,14.77,14.9,15.08,-0.18,-1.19,48801.27,73051.019
20170113,300081.SZ,14.96,14.96,14.0,14.03,14.9,-0.87,-5.84,70310.82,100953.135
20170116,300081.SZ,14.08,14.08,12.63,12.77,14.03,-1.26,-8.98,81290.49,106547.844
20170117,300081.SZ,12.86,13.2,11.82,12.97,12.77,0.2,1.57,88791.45,111806.791
20170118,300081.SZ,12.97,12.97,12.43,12.6,12.97,-0.37,-2.85,62402.74,79157.66
20170119,300081.SZ,12.5,12.7,12.11,12.44,12.6,-0.16,-1.27,35678.0,44394.089
20170120,300081.SZ,12.5,13.68,12.46,13.68,12.44,1.24,9.97,84299.61,112718.275
20170123,300081.SZ,13.68,13.88,13.45,13.56,13.68,-0.12,-0.88,107862.41,147059.213
20170124,300081.SZ,13.63,13.76,13.1,13.17,13.56,-0.39,-2.88,94000.32,126790.547
20170125,300081.SZ,13.58,13.58,13.21,13.32,13.17,0.15,1.14,57045.56,76537.434
20170126,300081.SZ,13.39,14.29,13.32,13.7,13.32,0.38,2.85,74592.94,102592.134
20170203,300081.SZ,13.75,13.79,13.33,13.45,13.7,-0.25,-1.82,41733.11,56525.143
20170206,300081.SZ,13.52,13.79,13.41,13.73,13.45,0.28,2.08,47690.97,64844.216
20170207,300081.SZ,13.71,13.74,13.3,13.44,13.73,-0.29,-2.11,60210.8,81026.377
20170208,300081.SZ,13.41,13.75,13.1,13.58,13.44,0.14,1.04,59855.61,80381.225
20170209,300081.SZ,13.58,14.15,13.51,13.73,13.58,0.15,1.1,74059.83,102145.643
20170210,300081.SZ,13.7,14.1,13.62,13.77,13.73,0.04,0.29,71285.53,98709.975
20170213,300081.SZ,13.79,13.96,13.54,13.82,13.77,0.05,0.36,48374.89,66530.886
20170214,300081.SZ,13.82,14.1,13.75,13.85,13.82,0.03,0.22,59869.85,83205.638
20170215,300081.SZ,13.82,13.89,13.52,13.56,13.85,-0.29,-2.09,56641.67,77644.347
20170216,300081.SZ,13.6,13.68,13.43,13.65,13.56,0.09,0.66,47260.94,64001.304
20170217,300081.SZ,13.67,13.72,13.25,13.31,13.65,-0.34,-2.49,58522.66,78764.514
20170220,300081.SZ,13.33,13.46,13.11,13.43,13.31,0.12,0.9,45990.78,61325.352
20170221,300081.SZ,13.46,13.89,13.46,13.75,13.43,0.32,2.38,77863.35,107231.833
20170222,300081.SZ,13.69,14.48,13.63,14.18,13.75,0.43,3.13,114159.88,160115.965
20170223,300081.SZ,13.99,14.37,13.91,14.19,14.18,0.01,0.07,83034.95,117492.396
20170224,300081.SZ,14.3,14.39,14.09,14.21,14.19,0.02,0.14,64636.45,91852.944
20170227,300081.SZ,14.23,14.65,14.22,14.46,14.21,0.25,1.76,117150.85,169499.23
20170228,300081.SZ,14.46,14.96,14.39,14.86,14.46,0.4,2.77,127830.92,188347.719
20170301,300081.SZ,14.75,14.86,14.51,14.56,14.86,-0.3,-2.02,75437.28,110501.85
20170302,300081.SZ,14.56,14.65,14.18,14.22,14.56,-0.34,-2.34,64012.13,91987.133
20170303,300081.SZ,14.13,14.4,14.12,14.28,14.22,0.06,0.42,40446.27,57703.223
20170306,300081.SZ,14.29,14.78,14.2,14.68,14.28,0.4,2.8,64296.2,93831.989
20170307,300081.SZ,14.79,15.2,14.69,14.87,14.68,0.19,1.29,84712.48,126604.434
20170308,300081.SZ,14.84,14.84,14.5,14.74,14.87,-0.13,-0.87,52078.54,76301.359
20170309,300081.SZ,14.7,15.68,14.7,15.37,14.74,0.63,4.27,161421.31,246730.75
20170310,300081.SZ,15.15,15.41,15.05,15.38,15.37,0.01,0.07,78950.09,120270.775
20170313,300081.SZ,15.6,16.2,15.45,15.94,15.38,0.56,3.64,140397.09,222592.6
20170317,300081.SZ,16.02,16.87,15.31,15.32,15.94,-0.62,-3.89,139225.32,222634.234
20170320,300081.SZ,15.18,15.44,14.82,15.44,15.32,0.12,0.78,72079.03,108959.49
20170321,300081.SZ,15.62,15.62,15.1,15.13,15.44,-0.31,-2.01,44793.79,68482.766
20170322,300081.SZ,15.12,15.12,14.87,15.0,15.13,-0.13,-0.86,41788.48,62592.156
20170323,300081.SZ,15.14,15.43,14.78,15.15,15.0,0.15,1.0,49433.65,74759.236
20170324,300081.SZ,15.19,15.28,14.9,15.25,15.15,0.1,0.66,43144.29,65132.077
20170327,300081.SZ,15.18,15.27,14.98,15.0,15.25,-0.25,-1.64,27574.12,41603.973
20170328,300081.SZ,15.0,15.11,14.81,14.83,15.0,-0.17,-1.13,30758.5,46089.659
20170329,300081.SZ,14.85,14.92,14.35,14.38,14.83,-0.45,-3.03,52706.75,76920.611
20170330,300081.SZ,14.35,14.58,13.92,14.0,14.38,-0.38,-2.64,55707.63,78703.586
20170331,300081.SZ,13.98,14.15,13.85,14.1,14.0,0.1,0.71,27009.04,37946.699
20170405,300081.SZ,15.51,15.51,15.03,15.51,14.1,1.41,10.0,168139.37,259883.739
20170406,300081.SZ,15.98,15.98,14.99,14.99,15.51,-0.52,-3.35,172461.45,266942.483
20170407,300081.SZ,14.98,15.44,14.61,15.27,14.99,0.28,1.87,117909.31,177256.432
20170410,300081.SZ,15.01,16.55,14.83,15.9,15.27,0.63,4.13,224597.43,358435.19
20170411,300081.SZ,15.9,16.88,15.56,16.5,15.9,0.6,3.77,245625.85,401697.236
20170412,300081.SZ,16.2,16.2,15.0,15.11,16.5,-1.39,-8.42,147925.75,230352.868
20170413,300081.SZ,15.11,16.62,15.1,16.62,15.11,1.51,9.99,114108.36,186932.804
20170414,300081.SZ,16.79,17.75,16.2,16.64,16.62,0.02,0.12,363026.5,615070.837
20170417,300081.SZ,16.1,16.54,15.68,16.19,16.64,-0.45,-2.7,151587.89,243652.545
20170418,300081.SZ,16.33,16.8,15.93,16.19,16.19,0.0,0.0,148645.83,243499.77
20170419,300081.SZ,15.7,16.02,15.35,15.49,16.19,-0.7,-4.32,129066.25,202374.719
20170420,300081.SZ,15.41,15.98,14.47,14.62,15.49,-0.87,-5.62,136499.47,206107.714
20170421,300081.SZ,14.72,14.88,14.11,14.62,14.62,0.0,0.0,94928.26,137237.524
20170424,300081.SZ,14.55,14.63,14.2,14.2,14.62,-0.42,-2.87,43634.02,62797.746
20170425,300081.SZ,14.3,14.75,14.24,14.5,14.2,0.3,2.11,54717.67,79496.414
20170426,300081.SZ,14.21,14.59,13.87,14.5,14.5,0.0,0.0,76053.93,108213.706
20170427,300081.SZ,14.51,14.75,14.1,14.67,14.5,0.17,1.17,70341.89,101388.535
20170428,300081.SZ,14.67,14.97,14.51,14.76,14.67,0.09,0.61,55733.91,82520.436
20170502,300081.SZ,15.3,15.8,14.96,15.34,14.76,0.58,3.93,103847.09,158853.188
20170503,300081.SZ,15.4,15.9,15.18,15.67,15.34,0.33,2.15,116497.39,181196.882
20170504,300081.SZ,15.35,15.85,14.76,15.42,15.67,-0.25,-1.6,107086.96,165250.53
20170505,300081.SZ,15.28,16.1,15.15,16.1,15.42,0.68,4.41,157256.88,246798.935
20170508,300081.SZ,15.88,16.14,15.4,15.4,16.1,-0.7,-4.35,156082.94,245969.097
20170509,300081.SZ,15.05,15.14,14.56,14.6,15.4,-0.8,-5.19,102808.02,152052.301
20170510,300081.SZ,14.61,14.85,14.0,14.04,14.6,-0.56,-3.84,72280.04,104022.905
20170511,300081.SZ,13.92,14.3,13.8,14.24,14.04,0.2,1.42,53444.01,75109.553
20170512,300081.SZ,14.2,14.3,13.81,14.1,14.24,-0.14,-0.98,48663.35,68669.987
20170515,300081.SZ,14.1,14.56,14.1,14.33,14.1,0.23,1.63,40427.06,58102.857
20170516,300081.SZ,14.35,14.85,14.25,14.78,14.33,0.45,3.14,83601.02,121341.149
20170517,300081.SZ,14.61,15.69,14.56,15.32,14.78,0.54,3.65,140665.29,213939.38
20170518,300081.SZ,15.02,15.25,14.86,14.88,15.32,-0.44,-2.87,84751.47,127358.147
20170519,300081.SZ,14.84,15.01,14.22,14.55,14.88,-0.33,-2.22,76016.65,110875.498
20170522,300081.SZ,14.6,14.78,13.93,14.05,14.55,-0.5,-3.44,59392.27,85139.005
20170523,300081.SZ,13.86,14.24,12.65,12.7,14.05,-1.35,-9.61,88100.69,119452.179
20170524,300081.SZ,12.4,12.89,12.22,12.64,12.7,-0.06,-0.47,67219.52,84473.936
20170525,300081.SZ,12.73,12.78,12.16,12.49,12.64,-0.15,-1.19,98988.43,124038.094
20170526,300081.SZ,12.6,12.79,12.5,12.56,12.49,0.07,0.56,62020.8,78378.713
20170531,300081.SZ,12.75,12.87,12.58,12.58,12.56,0.02,0.16,50190.61,63860.78
20170601,300081.SZ,12.47,12.49,11.32,11.37,12.58,-1.21,-9.62,84957.52,101219.726
20170602,300081.SZ,11.3,11.89,11.08,11.73,11.37,0.36,3.17,52152.57,59939.817
20170605,300081.SZ,12.0,12.36,11.83,11.95,11.73,0.22,1.88,48726.0,58983.055
20170606,300081.SZ,11.95,12.17,11.73,11.93,11.95,-0.02,-0.17,36802.0,43928.553
20170607,300081.SZ,11.86,12.35,11.86,12.24,11.93,0.31,2.6,44254.59,53851.184
20170608,300081.SZ,12.2,12.56,12.18,12.28,12.24,0.04,0.33,54353.42,66922.09
20170609,300081.SZ,12.36,12.36,11.86,12.04,12.28,-0.24,-1.95,45499.11,54801.878
20170612,300081.SZ,12.05,12.05,11.7,11.75,12.04,-0.29,-2.41,31446.8,37107.569
20170613,300081.SZ,11.66,11.94,11.6,11.87,11.75,0.12,1.02,36542.72,43308.597
20170614,300081.SZ,11.89,11.96,11.72,11.8,11.87,-0.07,-0.59,37505.17,44399.196
20170615,300081.SZ,11.85,12.25,11.74,12.21,11.8,0.41,3.47,72330.94,87430.15
20170616,300081.SZ,12.2,12.31,12.01,12.05,12.2,-0.15,-1.23,35185.0,42689.91
20170619,300081.SZ,11.93,12.31,11.92,12.25,12.05,0.2,1.66,36930.36,44916.999
20170620,300081.SZ,12.3,12.36,12.12,12.17,12.25,-0.08,-0.65,36948.91,45236.676
20170621,300081.SZ,12.2,12.28,11.98,12.19,12.17,0.02,0.16,30539.05,37006.223
20170622,300081.SZ,12.19,12.19,11.76,11.76,12.19,-0.43,-3.53,36601.52,43900.649
20170623,300081.SZ,11.99,11.99,11.53,11.77,11.76,0.01,0.09,28939.5,33902.471
20170626,300081.SZ,11.78,11.9,11.64,11.84,11.77,0.07,0.59,23414.0,27606.967
20170627,300081.SZ,11.91,12.05,11.82,11.9,11.84,0.06,0.51,20768.55,24749.667
20170628,300081.SZ,11.84,11.85,11.52,11.64,11.9,-0.26,-2.18,24429.97,28475.502
20170629,300081.SZ,11.72,12.15,11.53,12.12,11.64,0.48,4.12,55295.57,65646.87
20170630,300081.SZ,12.5,12.95,12.35,12.36,12.12,0.24,1.98,146227.22,184656.59
20170703,300081.SZ,11.97,12.39,11.97,12.32,12.36,-0.04,-0.32,59396.94,72111.123
20170704,300081.SZ,12.26,12.3,12.05,12.05,12.32,-0.27,-2.19,39997.86,48560.039
20170705,300081.SZ,12.02,12.23,12.01,12.22,12.05,0.17,1.41,35534.0,43118.477
20170706,300081.SZ,12.1,12.18,11.97,12.1,12.22,-0.12,-0.98,48360.5,58424.863
20170707,300081.SZ,12.08,12.09,11.85,12.09,12.1,-0.01,-0.08,44931.39,53811.518
20170710,300081.SZ,12.16,12.45,12.03,12.11,12.09,0.02,0.17,70862.63,86465.375
20170711,300081.SZ,12.11,12.16,11.8,11.85,12.11,-0.26,-2.15,48017.55,57684.931
20170712,300081.SZ,11.86,11.96,11.61,11.91,11.85,0.06,0.51,36356.05,42900.081
20170713,300081.SZ,11.81,11.99,11.68,11.82,11.91,-0.09,-0.76,38507.55,45467.525
20170714,300081.SZ,11.94,12.18,11.85,12.03,11.82,0.21,1.78,68977.91,83058.28
20170717,300081.SZ,11.95,11.95,11.38,11.55,12.03,-0.48,-3.99,67561.5,78705.288
20170718,300081.SZ,11.64,11.76,11.11,11.51,11.55,-0.04,-0.35,53190.13,60710.88
20170719,300081.SZ,11.53,11.53,11.2,11.43,11.51,-0.08,-0.7,41146.9,46901.684
20170720,300081.SZ,11.45,11.8,11.4,11.67,11.43,0.24,2.1,45560.52,52893.091
20170721,300081.SZ,11.69,11.76,11.5,11.69,11.67,0.02,0.17,42149.59,49017.103
20170724,300081.SZ,11.85,11.88,11.58,11.75,11.69,0.06,0.51,32395.0,38014.375
20170725,300081.SZ,11.74,11.85,11.62,11.82,11.75,0.07,0.6,38496.6,45116.205
20170726,300081.SZ,11.76,11.87,11.65,11.79,11.82,-0.03,-0.25,41110.0,48316.405
20170727,300081.SZ,11.73,12.19,11.65,12.09,11.79,0.3,2.54,88173.76,105806.998
20170728,300081.SZ,12.1,12.16,11.97,12.1,12.09,0.01,0.08,55241.1,66669.54
20170731,300081.SZ,12.1,12.25,11.94,12.07,12.1,-0.03,-0.25,72753.46,87898.939
20170801,300081.SZ,12.03,12.2,12.03,12.12,12.07,0.05,0.41,60852.83,73575.824
20170802,300081.SZ,12.15,12.24,12.07,12.14,12.12,0.02,0.17,65981.11,80084.926
20170803,300081.SZ,12.14,12.29,12.02,12.18,12.14,0.04,0.33,68534.0,83436.178
20170804,300081.SZ,12.22,12.24,12.06,12.15,12.18,-0.03,-0.25,53332.29,64781.508
20170807,300081.SZ,12.1,12.3,12.08,12.3,12.15,0.15,1.23,42978.06,52425.104
20170808,300081.SZ,12.35,12.58,12.18,12.56,12.3,0.26,2.11,65523.28,81100.495
20170809,300081.SZ,12.46,12.6,12.38,12.43,12.56,-0.13,-1.04,55892.02,69679.507
20170810,300081.SZ,12.49,12.87,12.38,12.8,12.43,0.37,2.98,115224.76,145404.256
20170811,300081.SZ,12.71,12.88,12.58,12.7,12.8,-0.1,-0.78,62305.13,79029.261
20170814,300081.SZ,12.71,12.8,12.65,12.8,12.7,0.1,0.79,93467.86,118894.628
20170815,300081.SZ,12.72,12.85,12.6,12.74,12.8,-0.06,-0.47,96882.27,123212.836
20170816,300081.SZ,12.72,12.86,12.55,12.81,12.74,0.07,0.55,95798.34,122064.687
20170817,300081.SZ,12.75,12.98,12.56,12.87,12.81,0.06,0.47,93584.72,119751.603
20170818,300081.SZ,12.73,12.9,12.66,12.8,12.87,-0.07,-0.54,51512.71,65845.04
20170821,300081.SZ,12.73,12.84,12.55,12.72,12.8,-0.08,-0.63,57270.33,72571.958
20170822,300081.SZ,12.63,12.71,12.45,12.48,12.72,-0.24,-1.89,33078.78,41550.891
20170823,300081.SZ,12.45,12.74,12.45,12.55,12.48,0.07,0.56,38369.16,48302.145
20170824,300081.SZ,12.48,12.59,12.42,12.46,12.55,-0.09,-0.72,22813.11,28523.297
20170825,300081.SZ,12.51,12.7,12.5,12.61,12.46,0.15,1.2,32968.15,41574.421
20170828,300081.SZ,12.66,12.92,12.54,12.79,12.61,0.18,1.43,55420.0,70657.261
20170829,300081.SZ,12.68,12.84,12.52,12.55,12.79,-0.24,-1.88,39463.39,49891.893
20170830,300081.SZ,12.49,12.86,12.45,12.66,12.55,0.11,0.88,47609.53,60402.121
20170831,300081.SZ,12.57,12.79,12.45,12.68,12.66,0.02,0.16,57470.06,72621.914
20170901,300081.SZ,12.65,12.77,12.6,12.77,12.68,0.09,0.71,42275.0,53751.9
20170904,300081.SZ,12.87,12.87,12.65,12.7,12.77,-0.07,-0.55,39861.65,50689.878
20170905,300081.SZ,12.72,12.76,12.6,12.65,12.7,-0.05,-0.39,25940.87,32852.268
20170906,300081.SZ,12.58,12.65,12.42,12.62,12.65,-0.03,-0.24,31636.45,39712.653
20170907,300081.SZ,12.61,12.94,12.58,12.68,12.62,0.06,0.48,90460.0,115684.157
20170908,300081.SZ,12.8,12.87,12.7,12.75,12.68,0.07,0.55,64526.57,82457.003
20170911,300081.SZ,12.73,12.8,12.55,12.74,12.75,-0.01,-0.08,36311.53,46109.031
20170912,300081.SZ,12.74,12.78,12.52,12.6,12.74,-0.14,-1.1,51101.58,64602.984
20170913,300081.SZ,12.66,12.66,12.32,12.37,12.6,-0.23,-1.83,47555.0,59228.85
20170914,300081.SZ,12.32,12.43,12.13,12.33,12.37,-0.04,-0.32,49006.6,60043.34
20170915,300081.SZ,12.33,12.42,12.21,12.38,12.33,0.05,0.41,27649.47,34050.439
20170918,300081.SZ,12.38,12.5,12.32,12.38,12.38,0.0,0.0,28833.02,35715.624
20170919,300081.SZ,12.38,12.44,12.23,12.26,12.38,-0.12,-0.97,25579.48,31465.372
20170920,300081.SZ,12.26,12.53,12.2,12.44,12.26,0.18,1.47,33112.35,41071.081
20170921,300081.SZ,12.47,12.58,12.34,12.34,12.44,-0.1,-0.8,40899.5,50943.604
20170922,300081.SZ,12.32,12.79,12.17,12.71,12.34,0.37,3.0,146249.81,183409.685
20170925,300081.SZ,12.59,12.75,12.28,12.28,12.71,-0.43,-3.38,86736.0,108815.992
20170926,300081.SZ,12.22,12.22,11.78,12.05,12.28,-0.23,-1.87,61276.0,73571.234
20170927,300081.SZ,12.05,12.4,11.91,12.25,12.05,0.2,1.66,52899.86,64720.615
20170928,300081.SZ,12.18,13.48,12.12,13.48,12.25,1.23,10.04,132337.81,173408.931
20170929,300081.SZ,14.0,14.83,13.8,14.83,13.48,1.35,10.01,411273.51,592904.953
20171009,300081.SZ,15.57,15.96,15.0,15.45,14.83,0.62,4.18,429555.16,662429.883
20171010,300081.SZ,15.3,15.4,14.73,14.85,15.45,-0.6,-3.88,300029.04,449464.124
20171011,300081.SZ,14.74,15.0,14.2,14.31,14.85,-0.54,-3.64,231783.84,338091.929
20171012,300081.SZ,14.31,14.59,14.09,14.3,14.31,-0.01,-0.07,159308.76,228440.883
20171013,300081.SZ,14.31,14.55,14.02,14.36,14.3,0.06,0.42,147367.84,209849.348
20171016,300081.SZ,14.41,14.41,13.22,13.32,14.36,-1.04,-7.24,179717.5,247150.238
20171017,300081.SZ,13.38,13.57,13.26,13.37,13.32,0.05,0.38,81729.47,109704.64
20171018,300081.SZ,13.38,13.51,13.05,13.15,13.37,-0.22,-1.65,89698.5,119057.61
20171019,300081.SZ,13.09,13.22,12.95,13.11,13.15,-0.04,-0.3,71051.94,93093.843
20171020,300081.SZ,13.06,13.42,12.98,13.38,13.11,0.27,2.06,77220.6,102353.945
20171023,300081.SZ,13.38,13.39,13.18,13.29,13.38,-0.09,-0.67,56403.59,74806.733
20171024,300081.SZ,13.29,13.61,12.85,13.55,13.29,0.26,1.96,143697.01,190265.698
20171025,300081.SZ,13.44,13.59,13.35,13.52,13.55,-0.03,-0.22,75116.82,101123.619
20171026,300081.SZ,13.52,13.85,13.49,13.52,13.52,0.0,0.0,109086.38,148803.732
20171027,300081.SZ,13.45,13.48,12.92,12.98,13.52,-0.54,-3.99,91631.6,120706.315
20171030,300081.SZ,12.91,12.99,12.19,12.19,12.98,-0.79,-6.09,82334.55,102433.158
20171031,300081.SZ,12.2,12.56,12.19,12.37,12.19,0.18,1.48,53082.54,65660.622
20171101,300081.SZ,12.32,12.57,12.27,12.28,12.37,-0.09,-0.73,44192.5,54736.467
20171102,300081.SZ,12.24,12.48,12.18,12.18,12.28,-0.1,-0.81,45407.41,55855.295
20171103,300081.SZ,12.18,12.43,12.08,12.3,12.18,0.12,0.99,45391.55,55649.71
20171106,300081.SZ,12.32,12.37,11.96,12.3,12.3,0.0,0.0,46671.62,56866.142
20171107,300081.SZ,12.25,12.47,12.1,12.47,12.3,0.17,1.38,54224.63,66258.131
20171108,300081.SZ,12.4,12.95,12.35,12.52,12.47,0.05,0.4,101492.66,128456.861
20171109,300081.SZ,12.38,12.56,12.33,12.56,12.52,0.04,0.32,43525.54,54273.455
20171110,300081.SZ,12.56,12.85,12.32,12.7,12.56,0.14,1.11,77047.49,97260.587
20171113,300081.SZ,12.64,12.66,12.38,12.41,12.7,-0.29,-2.28,50603.49,63259.749
20171114,300081.SZ,12.45,12.76,12.31,12.31,12.41,-0.1,-0.81,48692.83,60962.432
20171115,300081.SZ,12.23,12.59,12.21,12.53,12.31,0.22,1.79,47700.02,59184.771
20171116,300081.SZ,12.35,12.5,12.2,12.26,12.53,-0.27,-2.15,37303.57,45976.928
20171117,300081.SZ,12.26,12.26,11.18,11.31,12.26,-0.95,-7.75,83804.03,97630.624
20171120,300081.SZ,11.12,11.47,10.96,11.44,11.31,0.13,1.15,38680.89,43339.408
20171121,300081.SZ,11.3,11.57,11.18,11.42,11.44,-0.02,-0.17,38061.93,43438.393
20171122,300081.SZ,11.3,11.68,11.3,11.58,11.42,0.16,1.4,50715.62,58471.911
20171123,300081.SZ,11.58,11.65,11.3,11.42,11.58,-0.16,-1.38,40043.46,45921.311
20171124,300081.SZ,11.4,11.58,11.31,11.56,11.42,0.14,1.23,37257.56,42889.165
20171127,300081.SZ,11.56,11.56,11.0,11.52,11.56,-0.04,-0.35,36525.5,41743.15
20171128,300081.SZ,11.51,11.6,11.4,11.51,11.52,-0.01,-0.09,43037.0,49597.477
20171129,300081.SZ,11.59,11.59,11.22,11.42,11.51,-0.09,-0.78,34999.02,39815.758
20171130,300081.SZ,11.4,11.45,11.26,11.36,11.42,-0.06,-0.53,22964.5,26092.143
20171201,300081.SZ,11.3,11.52,11.3,11.46,11.36,0.1,0.88,49921.74,57080.35
20171204,300081.SZ,11.46,11.46,11.09,11.09,11.46,-0.37,-3.23,34372.34,38702.333
20171205,300081.SZ,11.09,11.23,10.5,10.5,11.09,-0.59,-5.32,41774.5,45773.372
20171206,300081.SZ,10.5,10.76,10.48,10.75,10.5,0.25,2.38,39927.19,42486.842
20171207,300081.SZ,10.7,10.91,10.67,10.69,10.75,-0.06,-0.56,29169.34,31476.144
20171208,300081.SZ,10.76,10.95,10.65,10.8,10.69,0.11,1.03,53709.76,58068.049
20171211,300081.SZ,10.73,10.9,10.73,10.86,10.8,0.06,0.56,52319.55,56543.736
20171212,300081.SZ,10.79,10.88,10.42,10.51,10.86,-0.35,-3.22,56552.0,59894.365
20171213,300081.SZ,10.42,10.69,10.42,10.65,10.51,0.14,1.33,38837.69,41130.433
20171214,300081.SZ,10.65,10.71,10.48,10.63,10.65,-0.02,-0.19,27810.12,29484.376
20171215,300081.SZ,10.6,10.6,10.31,10.49,10.63,-0.14,-1.32,39108.05,40908.981
20171218,300081.SZ,10.49,10.5,10.31,10.43,10.49,-0.06,-0.57,32105.5,33387.474
20171219,300081.SZ,10.44,10.56,10.39,10.5,10.43,0.07,0.67,41606.74,43640.905
20171220,300081.SZ,10.51,10.51,10.12,10.22,10.5,-0.28,-2.67,48450.0,49797.146
20171221,300081.SZ,10.22,10.38,10.0,10.26,10.22,0.04,0.39,44376.66,45333.937
20171222,300081.SZ,10.26,10.31,10.1,10.16,10.26,-0.1,-0.97,28448.5,29005.757
20171225,300081.SZ,10.16,10.22,9.74,9.97,10.16,-0.19,-1.87,54598.26,54296.979
20171226,300081.SZ,9.94,10.14,9.93,10.09,9.97,0.12,1.2,24477.74,24576.283
20171227,300081.SZ,10.15,10.22,10.06,10.08,10.09,-0.01,-0.1,21551.49,21864.807
20171228,300081.SZ,10.02,10.18,9.98,10.06,10.08,-0.02,-0.2,22589.5,22814.45
20171229,300081.SZ,10.08,10.21,10.06,10.17,10.06,0.11,1.09,19627.0,19918.157
20180102,300081.SZ,10.17,10.25,10.06,10.11,10.17,-0.06,-0.59,32367.6,32785.666
20180103,300081.SZ,10.08,10.49,10.08,10.42,10.11,0.31,3.07,81676.87,84544.888
20180104,300081.SZ,10.38,10.39,10.23,10.29,10.42,-0.13,-1.25,44976.47,46287.807
20180105,300081.SZ,10.3,10.44,10.22,10.35,10.29,0.06,0.58,45139.13,46679.348
20180108,300081.SZ,10.35,10.39,10.18,10.34,10.35,-0.01,-0.1,34278.85,35166.577
20180109,300081.SZ,10.39,10.39,10.22,10.33,10.34,-0.01,-0.1,22907.05,23599.729
20180110,300081.SZ,10.35,10.38,10.06,10.18,10.33,-0.15,-1.45,35637.5,36193.497
20180111,300081.SZ,10.15,10.34,10.05,10.31,10.18,0.13,1.28,51069.09,52190.597
20180112,300081.SZ,10.35,10.4,10.12,10.14,10.31,-0.17,-1.65,37236.63,38197.793
20180115,300081.SZ,10.16,10.18,9.84,9.86,10.14,-0.28,-2.76,39810.87,39712.987
20180116,300081.SZ,9.9,10.02,9.84,9.96,9.86,0.1,1.01,18323.03,18220.515
20180117,300081.SZ,9.93,10.02,9.78,9.94,9.96,-0.02,-0.2,27305.39,26992.499
20180118,300081.SZ,9.97,10.17,9.94,10.01,9.94,0.07,0.7,25832.73,25975.709
20180119,300081.SZ,10.01,10.04,9.82,9.83,10.01,-0.18,-1.8,24386.03,24216.458
20180122,300081.SZ,9.78,10.59,9.56,10.13,9.83,0.3,3.05,66628.31,66892.237
20180123,300081.SZ,10.09,10.15,9.92,10.04,10.13,-0.09,-0.89,27699.65,27783.872
20180124,300081.SZ,10.04,10.46,9.95,10.34,10.04,0.3,2.99,88526.3,91027.516
20180125,300081.SZ,10.35,10.56,10.26,10.37,10.34,0.03,0.29,83445.3,87056.663
20180126,300081.SZ,10.32,10.5,10.28,10.36,10.37,-0.01,-0.1,43631.02,45290.024
20180129,300081.SZ,10.38,10.4,10.13,10.15,10.36,-0.21,-2.03,36440.0,37238.314
20180130,300081.SZ,10.11,10.19,9.86,9.95,10.15,-0.2,-1.97,45226.5,45162.546
20180131,300081.SZ,9.95,9.95,9.66,9.8,9.95,-0.15,-1.51,38944.19,38130.74
20180201,300081.SZ,9.78,9.95,9.59,9.6,9.8,-0.2,-2.04,33044.55,32216.663
20180223,300081.SZ,9.65,10.35,9.55,10.04,9.6,0.44,4.58,76721.6,76765.762
20180226,300081.SZ,10.04,10.38,9.9,10.35,10.04,0.31,3.09,93474.59,95160.79
20180227,300081.SZ,10.35,10.49,10.25,10.45,10.35,0.1,0.97,78390.9,81118.937
20180228,300081.SZ,10.5,10.96,10.34,10.78,10.45,0.33,3.16,102596.73,109948.107
20180301,300081.SZ,10.63,11.48,10.6,11.37,10.78,0.59,5.47,145395.22,162278.988
20180302,300081.SZ,11.18,11.65,11.11,11.35,11.37,-0.02,-0.18,91457.36,104322.995
20180305,300081.SZ,11.26,11.66,11.26,11.4,11.35,0.05,0.44,54288.82,62253.383
20180306,300081.SZ,11.48,11.63,11.22,11.32,11.4,-0.08,-0.7,64911.79,74356.218
20180307,300081.SZ,11.43,11.51,11.1,11.19,11.32,-0.13,-1.15,51159.96,57547.771
20180308,300081.SZ,11.38,11.5,11.2,11.47,11.19,0.28,2.5,43360.1,49350.437
20180309,300081.SZ,11.5,12.48,11.39,12.02,11.47,0.55,4.8,105531.07,126430.704
20180312,300081.SZ,12.12,12.4,11.95,12.11,12.02,0.09,0.75,85056.65,103334.999
20180313,300081.SZ,12.01,12.3,11.88,12.13,12.11,0.02,0.17,63657.94,77039.376
20180314,300081.SZ,12.15,12.16,12.0,12.05,12.13,-0.08,-0.66,35073.73,42419.32
20180315,300081.SZ,12.01,12.07,11.7,12.04,12.05,-0.01,-0.08,30774.36,36686.208
20180316,300081.SZ,12.02,12.12,11.79,11.82,12.04,-0.22,-1.83,23522.36,28200.431
20180319,300081.SZ,11.8,12.08,11.68,11.95,11.82,0.13,1.1,21177.27,25259.048
20180320,300081.SZ,11.85,12.02,11.83,11.97,11.95,0.02,0.17,25545.25,30500.132
20180321,300081.SZ,12.09,12.09,11.6,11.68,11.97,-0.29,-2.42,42753.84,50825.748
20180322,300081.SZ,11.71,11.96,11.62,11.68,11.68,0.0,0.0,38112.47,45036.518
20180323,300081.SZ,11.64,11.72,11.01,11.32,11.68,-0.36,-3.08,53142.42,60457.498
20180326,300081.SZ,11.21,11.34,10.19,11.21,11.32,-0.11,-0.97,48235.34,53032.149
20180327,300081.SZ,11.34,11.93,11.34,11.83,11.21,0.62,5.53,57994.21,67515.711
20180328,300081.SZ,11.66,11.89,11.65,11.8,11.83,-0.03,-0.25,44771.05,52784.223
20180329,300081.SZ,11.81,11.89,11.72,11.78,11.8,-0.02,-0.17,31935.18,37703.238
20180330,300081.SZ,11.81,12.12,11.71,12.03,11.78,0.25,2.12,37290.08,44632.897
20180402,300081.SZ,12.35,12.46,12.12,12.25,12.03,0.22,1.83,46932.01,57570.803
20180403,300081.SZ,12.03,12.13,11.82,12.08,12.25,-0.17,-1.39,29870.47,35873.303
20180404,300081.SZ,12.25,12.25,12.01,12.11,12.08,0.03,0.25,36322.44,44042.71
20180409,300081.SZ,12.01,12.17,11.83,12.12,12.11,0.01,0.08,38541.94,46282.577
20180410,300081.SZ,12.36,12.96,12.3,12.4,12.12,0.28,2.31,83732.77,105496.039
20180411,300081.SZ,12.52,12.65,12.26,12.39,12.4,-0.01,-0.08,38565.62,47858.092
20180412,300081.SZ,12.26,12.44,12.18,12.22,12.39,-0.17,-1.37,36425.48,44731.572
20180413,300081.SZ,12.28,12.38,12.13,12.38,12.22,0.16,1.31,37723.35,46079.086
20180416,300081.SZ,12.36,13.02,12.3,13.02,12.38,0.64,5.17,83163.63,105752.188
20180417,300081.SZ,13.68,13.83,12.5,12.6,13.02,-0.42,-3.23,94329.77,123023.917
20180418,300081.SZ,12.6,12.88,12.22,12.72,12.6,0.12,0.95,61821.19,77890.842
20180419,300081.SZ,12.66,12.78,11.91,11.91,12.72,-0.81,-6.37,93784.31,115537.41
20180420,300081.SZ,11.9,12.42,11.68,11.75,11.91,-0.16,-1.34,49678.21,60355.026
20180423,300081.SZ,11.57,11.8,11.22,11.37,11.75,-0.38,-3.23,44228.03,50695.966
20180424,300081.SZ,11.39,11.64,11.31,11.55,11.37,0.18,1.58,33969.57,39031.842
20180425,300081.SZ,11.57,12.2,11.48,12.04,11.55,0.49,4.24,52058.32,61568.824
20180426,300081.SZ,12.0,12.13,11.75,11.82,12.04,-0.22,-1.83,34319.05,41121.761
20180427,300081.SZ,12.05,12.32,11.92,12.18,11.82,0.36,3.05,33184.45,40413.509
20180502,300081.SZ,12.38,12.47,12.17,12.47,12.18,0.29,2.38,42218.83,52081.125
20180503,300081.SZ,12.36,12.95,12.32,12.92,12.47,0.45,3.61,64932.92,82195.802
20180504,300081.SZ,12.78,13.1,12.77,12.84,12.92,-0.08,-0.62,52488.12,67920.188
20180507,300081.SZ,12.96,13.08,12.88,12.95,12.84,0.11,0.86,41042.91,53220.217
20180508,300081.SZ,12.95,12.98,12.68,12.88,12.95,-0.07,-0.54,34382.21,44133.503
20180509,300081.SZ,12.88,13.36,12.83,13.35,12.88,0.47,3.65,60625.27,80311.712
20180510,300081.SZ,13.41,13.54,13.11,13.24,13.35,-0.11,-0.82,49716.93,66127.004
20180511,300081.SZ,13.3,13.38,12.76,12.87,13.24,-0.37,-2.79,44312.1,57496.267
20180514,300081.SZ,12.87,13.06,12.64,12.81,12.87,-0.06,-0.47,25544.57,32957.711
20180515,300081.SZ,12.9,13.3,12.77,13.22,12.81,0.41,3.2,32284.23,42137.649
20180516,300081.SZ,13.16,13.28,12.7,12.71,13.22,-0.51,-3.86,36292.15,47116.259
20180517,300081.SZ,12.79,12.98,12.66,12.92,12.71,0.21,1.65,28564.84,36659.171
20180518,300081.SZ,12.91,12.96,12.71,12.85,12.92,-0.07,-0.54,19707.72,25313.035
20180521,300081.SZ,12.91,13.79,12.86,13.6,12.85,0.75,5.84,72119.5,97260.594
20180522,300081.SZ,13.76,14.26,13.61,14.03,13.6,0.43,3.16,93346.22,130537.869
20180523,300081.SZ,13.86,14.0,13.56,13.66,14.03,-0.37,-2.64,50069.89,69051.179
20180524,300081.SZ,13.66,13.94,13.35,13.55,13.66,-0.11,-0.81,46215.66,63211.426
20180525,300081.SZ,13.45,13.81,13.41,13.55,13.55,0.0,0.0,37818.46,51420.154
20180528,300081.SZ,13.56,13.95,13.42,13.67,13.55,0.12,0.89,37845.86,52066.394
20180529,300081.SZ,13.68,13.84,13.21,13.21,13.67,-0.46,-3.37,31509.01,42413.801
20180530,300081.SZ,12.95,13.95,12.72,13.42,13.21,0.21,1.59,66354.98,89191.833
20180531,300081.SZ,13.6,13.68,12.77,12.82,13.42,-0.6,-4.47,66487.73,87409.948
20180601,300081.SZ,12.49,12.8,12.21,12.3,12.82,-0.52,-4.06,63337.39,78837.69
20180604,300081.SZ,12.36,13.1,12.3,13.01,12.3,0.71,5.77,57660.89,74089.509
20180605,300081.SZ,13.0,13.44,12.82,13.12,13.01,0.11,0.85,42629.62,55784.819
20180606,300081.SZ,13.35,13.35,12.53,12.9,13.12,-0.22,-1.68,52792.02,67659.607
20180607,300081.SZ,12.8,12.88,12.51,12.53,12.85,-0.32,-2.49,30799.87,38872.438
20180608,300081.SZ,12.55,12.76,12.26,12.44,12.53,-0.09,-0.72,33994.33,42499.522
20180611,300081.SZ,12.4,12.44,11.6,11.9,12.44,-0.54,-4.34,51854.94,61730.225
20180612,300081.SZ,11.88,12.23,11.88,12.16,11.9,0.26,2.18,31903.4,38579.405
20180613,300081.SZ,12.16,12.25,11.8,11.81,12.16,-0.35,-2.88,26487.55,31913.796
20180614,300081.SZ,11.81,12.09,11.74,11.97,11.81,0.16,1.35,27630.61,33027.82
20180615,300081.SZ,11.82,12.06,11.33,11.4,11.97,-0.57,-4.76,51033.9,59384.25
20180619,300081.SZ,11.2,11.57,10.26,10.26,11.4,-1.14,-10.0,42774.81,46786.047
20180620,300081.SZ,10.26,10.68,10.19,10.45,10.26,0.19,1.85,59409.03,62272.832
20180621,300081.SZ,10.51,10.7,10.03,10.22,10.45,-0.23,-2.2,45606.08,47561.434
20180622,300081.SZ,10.18,10.95,10.0,10.65,10.22,0.43,4.21,48825.48,51523.409
20180625,300081.SZ,10.7,10.93,10.4,10.68,10.65,0.03,0.28,34835.74,37139.891
20180626,300081.SZ,10.55,10.86,10.27,10.79,10.68,0.11,1.03,34417.34,36686.793
20180627,300081.SZ,10.82,10.86,10.5,10.52,10.79,-0.27,-2.5,32073.24,34138.249
20180628,300081.SZ,10.49,10.78,10.45,10.57,10.52,0.05,0.48,30121.0,32141.324
20180629,300081.SZ,10.67,10.98,10.57,10.92,10.57,0.35,3.31,44897.4,48629.175
20180702,300081.SZ,10.82,11.56,10.82,11.03,10.92,0.11,1.01,42934.23,47829.421
20180703,300081.SZ,10.94,11.24,10.8,11.2,11.03,0.17,1.54,40637.16,44838.447
20180704,300081.SZ,11.1,11.14,10.51,10.6,11.2,-0.6,-5.36,44224.24,47859.424
20180705,300081.SZ,10.6,10.89,10.55,10.64,10.6,0.04,0.38,34526.53,37128.715
20180706,300081.SZ,10.52,10.83,10.2,10.62,10.64,-0.02,-0.19,39662.63,42100.492
20180709,300081.SZ,10.68,11.2,10.63,11.15,10.62,0.53,4.99,46472.82,50808.636
20180710,300081.SZ,11.15,11.99,11.0,11.64,11.15,0.49,4.39,69820.02,79536.178
20180711,300081.SZ,11.61,11.61,10.87,11.16,11.64,-0.48,-4.12,84242.07,94385.496
20180712,300081.SZ,11.18,11.59,11.13,11.35,11.16,0.19,1.7,62740.13,71517.124
20180713,300081.SZ,11.4,11.48,11.25,11.41,11.35,0.06,0.53,44736.38,50890.416
20180716,300081.SZ,11.4,11.44,11.15,11.25,11.41,-0.16,-1.4,48094.44,54164.092
20180717,300081.SZ,11.25,11.33,11.15,11.33,11.25,0.08,0.71,35847.4,40252.301
20180718,300081.SZ,11.37,11.6,11.25,11.27,11.33,-0.06,-0.53,47342.32,53793.69
20180719,300081.SZ,11.24,11.3,10.75,10.82,11.27,-0.45,-3.99,54776.23,59995.018
20180720,300081.SZ,10.86,11.3,10.78,11.21,10.82,0.39,3.6044,54643.55,60624.643
20180723,300081.SZ,11.27,11.43,11.11,11.37,11.21,0.16,1.4273,39443.35,44690.874
20180724,300081.SZ,11.34,11.7,11.3,11.55,11.37,0.18,1.5831,53445.2,61561.772
20180725,300081.SZ,11.67,11.75,11.46,11.58,11.55,0.03,0.2597,39866.28,46192.588
20180726,300081.SZ,11.49,11.64,11.32,11.43,11.58,-0.15,-1.2953,31902.75,36399.206
20180727,300081.SZ,11.46,11.46,11.22,11.28,11.43,-0.15,-1.3123,24675.56,27839.639
20180730,300081.SZ,11.25,11.29,11.03,11.07,11.28,-0.21,-1.8617,28117.64,31230.865
20180731,300081.SZ,11.08,11.18,10.95,11.17,11.07,0.1,0.9033,26819.67,29692.406
20180801,300081.SZ,11.15,11.22,10.66,10.67,11.17,-0.5,-4.4763,39194.66,42891.27
20180802,300081.SZ,10.61,10.61,10.0,10.15,10.67,-0.52,-4.8735,47443.63,48413.282
20180803,300081.SZ,10.19,10.35,9.95,10.0,10.15,-0.15,-1.4778,34101.92,34656.535
20180806,300081.SZ,10.0,10.16,9.75,9.89,10.0,-0.11,-1.1,33611.89,33500.201
20180807,300081.SZ,10.0,10.16,9.91,10.15,9.89,0.26,2.6289,38929.0,39178.169
20180808,300081.SZ,10.14,10.16,9.85,9.94,10.15,-0.21,-2.069,42799.04,42686.737
20180809,300081.SZ,9.98,10.35,9.81,10.27,9.94,0.33,3.3199,58692.72,59560.263
20180810,300081.SZ,10.27,10.35,10.1,10.29,10.27,0.02,0.1947,45299.18,46357.626
20180813,300081.SZ,10.15,10.39,10.02,10.35,10.29,0.06,0.5831,52674.76,53920.59
20180814,300081.SZ,10.39,10.43,10.05,10.16,10.35,-0.19,-1.8357,47681.69,48667.05
20180815,300081.SZ,10.18,10.18,9.82,9.9,10.16,-0.26,-2.5591,45996.74,45857.033
20180816,300081.SZ,9.82,10.04,9.65,9.91,9.9,0.01,0.101,34372.39,34007.325
20180817,300081.SZ,9.94,10.02,9.72,9.78,9.91,-0.13,-1.3118,28477.62,28053.501
20180820,300081.SZ,9.78,10.01,9.55,9.99,9.78,0.21,2.1472,36253.03,35368.122
20180821,300081.SZ,9.99,10.05,9.86,9.98,9.99,-0.01,-0.1001,39398.77,39236.666
20180822,300081.SZ,9.98,9.98,9.81,9.85,9.98,-0.13,-1.3026,21326.68,21044.721
20180823,300081.SZ,9.86,10.0,9.81,9.92,9.85,0.07,0.7107,28552.81,28288.648
20180824,300081.SZ,9.89,9.98,9.82,9.92,9.92,0.0,0.0,20239.98,20072.689
20180827,300081.SZ,9.88,10.25,9.87,10.13,9.92,0.21,2.1169,45131.19,45536.835
20180828,300081.SZ,10.11,10.21,10.04,10.12,10.13,-0.01,-0.0987,27611.85,27949.76
20180829,300081.SZ,10.1,10.13,9.95,10.07,10.12,-0.05,-0.4941,22519.0,22600.754
20180830,300081.SZ,10.07,10.07,9.66,9.69,10.07,-0.38,-3.7736,36615.36,35891.811
20180831,300081.SZ,9.66,9.77,9.61,9.66,9.69,-0.03,-0.3096,18424.73,17844.491
20180903,300081.SZ,9.7,9.7,8.69,8.7,9.66,-0.96,-9.9379,119426.5,106033.296
20180904,300081.SZ,8.75,9.08,8.73,9.05,8.7,0.35,4.023,59783.64,53569.462
20180905,300081.SZ,9.05,9.32,8.99,9.12,9.05,0.07,0.7735,48503.55,44555.228
20180906,300081.SZ,9.03,9.19,9.0,9.0,9.12,-0.12,-1.3158,27844.56,25326.77
20180907,300081.SZ,9.02,9.2,8.8,8.97,9.0,-0.03,-0.3333,22715.47,20539.626
20180910,300081.SZ,8.99,8.99,8.72,8.77,8.97,-0.2,-2.2297,23021.12,20313.604
20180911,300081.SZ,8.79,8.91,8.72,8.83,8.77,0.06,0.6842,15391.71,13535.998
20180912,300081.SZ,8.84,8.9,8.73,8.74,8.83,-0.09,-1.0193,20954.58,18456.153
20180913,300081.SZ,8.82,9.0,8.75,9.0,8.74,0.26,2.9748,26645.0,23572.728
20180914,300081.SZ,9.0,9.0,8.75,8.76,9.0,-0.24,-2.6667,32495.13,28824.147
20180917,300081.SZ,8.75,8.83,8.56,8.68,8.76,-0.08,-0.9132,19434.69,16825.496
20180918,300081.SZ,8.68,8.82,8.57,8.79,8.68,0.11,1.2673,25013.79,21721.843
20180919,300081.SZ,8.78,8.99,8.7,8.89,8.79,0.1,1.1377,32502.96,28790.344
20180920,300081.SZ,8.95,8.96,8.77,8.78,8.89,-0.11,-1.2373,21419.0,18921.603
20180921,300081.SZ,8.83,8.97,8.75,8.92,8.78,0.14,1.5945,25701.5,22788.775
20180925,300081.SZ,8.87,8.92,8.82,8.88,8.92,-0.04,-0.4484,17925.49,15892.643
20180926,300081.SZ,8.89,9.04,8.89,8.97,8.88,0.09,1.0135,29343.1,26369.328
20180927,300081.SZ,8.93,8.97,8.69,8.71,8.97,-0.26,-2.8986,29988.2,26382.158
20180928,300081.SZ,9.08,9.08,8.8,8.92,8.71,0.21,2.411,23860.91,21212.3
20181008,300081.SZ,8.75,8.75,8.46,8.5,8.92,-0.42,-4.7085,27150.96,23321.507
20181009,300081.SZ,8.56,8.72,8.49,8.72,8.5,0.22,2.5882,20780.21,17828.404
20181010,300081.SZ,8.69,8.81,8.62,8.73,8.72,0.01,0.1147,20598.65,17939.432
20181011,300081.SZ,8.48,8.48,7.86,8.02,8.73,-0.71,-8.1329,41661.1,33611.594
20181012,300081.SZ,7.83,8.06,7.75,8.05,8.02,0.03,0.3741,41182.98,32393.957
20181015,300081.SZ,8.07,8.09,7.79,7.95,8.05,-0.1,-1.2422,29718.7,23570.674
20181016,300081.SZ,7.95,7.97,7.73,7.95,7.95,0.0,0.0,34463.74,26984.255
20181017,300081.SZ,7.99,8.04,7.78,7.94,7.95,-0.01,-0.1258,21638.94,17117.86
20181018,300081.SZ,7.84,7.95,7.65,7.95,7.94,0.01,0.1259,35136.83,27433.476
20181019,300081.SZ,7.74,8.06,7.74,8.04,7.95,0.09,1.1321,27729.33,22037.775
20181022,300081.SZ,8.07,8.43,8.05,8.34,8.04,0.3,3.7313,59711.59,49360.209
20181023,300081.SZ,8.35,8.35,7.96,8.03,8.34,-0.31,-3.717,40105.5,32710.596
20181024,300081.SZ,7.9,8.02,7.82,7.96,8.03,-0.07,-0.8717,34508.91,27299.751
20181025,300081.SZ,7.62,7.85,7.53,7.85,7.96,-0.11,-1.3819,34673.5,26720.514
20181026,300081.SZ,7.81,7.93,7.77,7.85,7.85,0.0,0.0,23723.51,18624.554
20181029,300081.SZ,7.88,7.88,7.66,7.85,7.85,0.0,0.0,27194.6,21118.25
