ts_code,trade_date,open,high,low,close,pre_close,change,pct_change,vol,amount
000001.SZ,20070205,17.3,17.63,16.66,16.69,17.54,-0.85,-4.85,399274.06,679882.7661
000002.SZ,20070205,14.35,14.91,13.8,14.7,14.42,0.28,1.94,669300.63,959280.8618
000004.SZ,20070205,4.57,4.67,4.48,4.63,4.56,0.07,1.54,9553.29,4375.671
000005.SZ,20070205,2.91,3.04,2.91,2.99,2.96,0.03,1.01,105727.36,31623.7503
000006.SZ,20070205,11.0,11.47,11.0,11.32,11.2,0.12,1.07,60137.28,67608.5037
000007.SZ,20070205,2.88,2.96,2.87,2.93,2.9,0.03,1.03,28042.09,8222.0764
000008.SZ,20070205,5.48,5.66,5.46,5.6,5.48,0.12,2.19,9475.05,5270.1852
000009.SZ,20070205,4.63,4.78,4.6,4.73,4.65,0.08,1.72,85726.96,40460.573
000010.SZ,20070205,4.85,4.85,4.85,4.85,5.1,-0.25,-4.9,797.0,386.545
000011.SZ,20070205,6.29,6.62,6.17,6.53,6.3,0.23,3.65,19323.83,12548.7545
000012.SZ,20070205,11.75,12.25,11.65,12.16,11.71,0.45,3.84,45963.74,54968.3771
000014.SZ,20070205,7.43,7.65,7.38,7.57,7.47,0.1,1.34,23513.22,17646.9953
000016.SZ,20070205,4.85,4.96,4.8,4.9,4.89,0.01,0.2,45848.4,22396.5121
000018.SZ,20070205,6.2,6.4,6.15,6.3,6.27,0.03,0.48,7173.51,4490.1631
000019.SZ,20070205,6.43,7.06,6.43,6.98,6.43,0.55,8.55,27312.04,18652.4182
000021.SZ,20070205,12.1,13.3,12.05,13.01,12.27,0.74,6.03,200306.74,259049.7673
000022.SZ,20070205,17.95,18.3,17.7,18.11,18.1,0.01,0.06,9524.12,17223.9239
000023.SZ,20070205,5.7,5.8,5.65,5.72,5.72,0.0,0.0,15174.44,8684.7834
000024.SZ,20070205,22.12,23.23,21.4,23.0,22.12,0.88,3.98,62117.5,141215.4179
000025.SZ,20070205,4.22,4.35,4.21,4.28,4.2,0.08,1.9,15652.67,6718.5881
000026.SZ,20070205,7.68,7.7,7.56,7.65,7.61,0.04,0.53,8311.43,6330.9017
000027.SZ,20070205,9.3,9.4,9.08,9.12,9.3,-0.18,-1.94,90446.43,83004.0806
000028.SZ,20070205,8.99,9.09,8.86,8.91,8.99,-0.08,-0.89,10067.37,8998.5271
000029.SZ,20070205,5.45,5.65,5.42,5.6,5.5,0.1,1.82,103273.3,57550.715
000032.SZ,20070205,6.19,6.57,6.05,6.52,6.19,0.33,5.33,71058.74,45134.9066
000033.SZ,20070205,4.25,4.55,4.16,4.47,4.28,0.19,4.44,128009.25,56372.4063
000034.SZ,20070205,3.28,3.44,3.26,3.44,3.28,0.16,4.88,61675.08,21063.1102
000035.SZ,20070205,2.46,2.5,2.43,2.46,2.46,0.0,0.0,22875.09,5665.4673
000036.SZ,20070205,5.67,5.85,5.61,5.75,5.67,0.08,1.41,252285.74,145186.6542
000037.SZ,20070205,6.43,6.68,6.4,6.5,6.5,0.0,0.0,29430.73,19272.4375
000038.SZ,20070205,4.96,5.0,4.9,4.97,4.97,0.0,0.0,2082.0,1033.207
000039.SZ,20070205,20.5,21.7,19.3,21.08,20.76,0.32,1.54,225120.4,463039.4415
000040.SZ,20070205,3.4,3.46,3.37,3.42,3.38,0.04,1.18,42862.85,14678.0114
000042.SZ,20070205,13.6,13.86,13.45,13.77,13.76,0.01,0.07,22650.38,30901.2325
000043.SZ,20070205,10.45,11.08,10.3,10.85,10.38,0.47,4.53,18803.58,20197.2416
000045.SZ,20070205,5.3,5.43,5.29,5.35,5.31,0.04,0.75,12928.99,6911.9782
000046.SZ,20070205,15.4,15.9,15.31,15.71,15.4,0.31,2.01,28360.64,44157.8492
000048.SZ,20070205,3.22,3.29,3.16,3.26,3.22,0.04,1.24,32670.9,10569.5135
000049.SZ,20070205,6.72,6.94,6.71,6.87,6.71,0.16,2.38,15226.57,10460.2877
000050.SZ,20070205,8.58,8.86,8.5,8.79,8.6,0.19,2.21,27214.11,23696.7967
000055.SZ,20070205,5.8,6.15,5.78,6.08,5.82,0.26,4.47,30205.94,18245.6315
000056.SZ,20070205,6.1,6.53,5.95,6.36,6.17,0.19,3.08,50574.95,31734.052
000058.SZ,20070205,4.33,4.49,4.2,4.46,4.37,0.09,2.06,77436.8,33964.7482
000059.SZ,20070205,4.44,4.54,4.41,4.47,4.44,0.03,0.68,49335.4,22093.0295
000060.SZ,20070205,19.99,20.47,19.31,19.7,20.68,-0.98,-4.74,209092.4,413978.2348
000061.SZ,20070205,18.9,19.57,18.4,19.36,18.93,0.43,2.27,40290.51,76868.4072
000062.SZ,20070205,8.6,8.88,8.5,8.78,8.58,0.2,2.33,20170.38,17611.6695
000063.SZ,20070205,41.09,41.81,39.95,40.06,41.5,-1.44,-3.47,58495.34,234981.5044
000065.SZ,20070205,5.4,5.55,5.35,5.47,5.42,0.05,0.92,10487.37,5723.4557
000066.SZ,20070205,6.93,7.13,6.83,7.0,6.95,0.05,0.72,107068.67,75393.3037
000068.SZ,20070205,5.78,5.78,5.6,5.69,5.56,0.13,2.34,59679.99,33953.1173
000069.SZ,20070205,16.0,16.5,15.7,16.5,16.33,0.17,1.04,72563.81,116929.4486
000070.SZ,20070205,4.91,5.39,4.81,5.39,4.9,0.49,10.0,63536.13,33171.572
000078.SZ,20070205,4.19,4.26,4.15,4.21,4.2,0.01,0.24,66068.46,27723.8851
000088.SZ,20070205,12.9,13.5,12.51,13.03,13.06,-0.03,-0.23,147378.07,190865.095
000089.SZ,20070205,7.9,8.15,7.8,8.15,7.94,0.21,2.64,147589.97,118081.7845
000090.SZ,20070205,11.45,11.7,11.35,11.59,11.45,0.14,1.22,20921.36,24070.7465
000096.SZ,20070205,4.69,4.79,4.64,4.72,4.69,0.03,0.64,26585.06,12572.7439
000099.SZ,20070205,4.87,4.99,4.85,4.92,4.91,0.01,0.2,46520.93,22908.9064
000100.SZ,20070205,3.25,3.4,3.25,3.32,3.32,0.0,0.0,326850.09,109209.3199
000150.SZ,20070205,5.16,5.28,5.16,5.26,5.16,0.1,1.94,18387.55,9615.3494
000151.SZ,20070205,5.29,5.9,5.28,5.87,5.39,0.48,8.91,115466.67,65953.1655
000153.SZ,20070205,3.6,3.9,3.58,3.84,3.6,0.24,6.67,82236.4,30813.7505
000155.SZ,20070205,5.3,5.58,5.25,5.54,5.26,0.28,5.32,105788.73,57698.9683
000157.SZ,20070205,19.51,19.97,19.0,19.5,19.71,-0.21,-1.07,83898.68,161957.3834
000158.SZ,20070205,4.81,4.86,4.62,4.75,4.87,-0.12,-2.46,56903.71,26935.2147
000159.SZ,20070205,4.43,4.61,4.41,4.57,4.41,0.16,3.63,33912.09,15363.9761
000301.SZ,20070205,4.22,4.44,4.21,4.35,4.29,0.06,1.4,224354.63,97277.9026
000400.SZ,20070205,11.67,11.95,11.56,11.73,11.85,-0.12,-1.01,55206.54,64730.9789
000401.SZ,20070205,5.88,6.06,5.8,6.0,5.84,0.16,2.74,73581.65,43858.5991
000402.SZ,20070205,13.2,13.49,12.7,13.03,13.3,-0.27,-2.03,128513.2,167160.9323
000404.SZ,20070205,3.4,3.6,3.26,3.57,3.43,0.14,4.08,78242.71,26604.8652
000407.SZ,20070205,4.52,4.7,4.47,4.59,4.52,0.07,1.55,50990.0,23382.231
000408.SZ,20070205,3.24,3.35,3.24,3.3,3.26,0.04,1.23,15483.2,5124.7093
000409.SZ,20070205,3.02,3.12,2.98,2.98,3.14,-0.16,-5.1,29283.25,8785.2129
000410.SZ,20070205,22.51,24.6,22.51,24.59,23.36,1.23,5.27,13780.38,33038.3134
000411.SZ,20070205,5.28,5.57,5.28,5.47,5.38,0.09,1.67,11605.61,6320.6345
000413.SZ,20070205,3.53,3.65,3.34,3.42,3.62,-0.2,-5.52,34216.8,12008.7255
000415.SZ,20070205,3.74,3.87,3.74,3.79,3.71,0.08,2.16,41474.75,15791.726
000416.SZ,20070205,4.43,4.73,4.2,4.4,4.41,-0.01,-0.23,328373.56,148124.6642
000417.SZ,20070205,6.38,6.42,6.12,6.32,6.38,-0.06,-0.94,22877.65,14327.5385
000418.SZ,20070205,5.52,5.7,5.51,5.65,5.51,0.14,2.54,13612.26,7609.1146
000419.SZ,20070205,8.9,9.6,8.8,9.38,8.97,0.41,4.57,29824.79,27759.8969
000420.SZ,20070205,3.09,3.21,3.07,3.18,3.09,0.09,2.91,63585.32,19978.8039
000421.SZ,20070205,4.8,4.93,4.76,4.86,4.84,0.02,0.41,38212.09,18572.7182
000422.SZ,20070205,5.69,5.84,5.65,5.79,5.65,0.14,2.48,87930.73,50658.5435
000425.SZ,20070205,9.3,9.93,9.28,9.67,9.43,0.24,2.55,81605.39,79029.5149
000426.SZ,20070205,4.45,4.67,4.35,4.64,4.49,0.15,3.34,50124.33,22854.0428
000428.SZ,20070205,18.91,19.2,17.9,18.2,18.66,-0.46,-2.47,32670.99,59590.7103
000429.SZ,20070205,5.16,5.25,5.11,5.19,5.16,0.03,0.58,37747.35,19657.1288
000430.SZ,20070205,5.38,5.52,5.18,5.18,5.45,-0.27,-4.95,40615.43,21681.091
000488.SZ,20070205,6.97,7.29,6.97,7.1,7.12,-0.02,-0.28,120642.67,86235.8165
000498.SZ,20070205,2.37,2.43,2.34,2.4,2.35,0.05,2.13,67341.85,16157.5711
000501.SZ,20070205,6.88,7.49,6.88,7.49,6.81,0.68,9.99,183505.05,134268.2005
000502.SZ,20070205,5.05,5.2,4.95,5.11,5.11,0.0,0.0,11701.35,5956.3469
000503.SZ,20070205,10.22,10.73,10.22,10.43,10.37,0.06,0.58,146025.89,153535.8936
000504.SZ,20070205,6.09,6.48,6.06,6.25,6.15,0.1,1.63,50434.68,31750.1097
000505.SZ,20070205,4.22,4.31,4.01,4.01,4.22,-0.21,-4.98,82603.6,33686.3165
000506.SZ,20070205,1.91,2.0,1.86,1.95,1.94,0.01,0.52,46237.31,8982.8744
000507.SZ,20070205,6.1,6.28,6.1,6.2,6.06,0.14,2.31,51722.65,32082.6804
000509.SZ,20070205,3.28,3.34,3.16,3.16,3.33,-0.17,-5.11,92622.51,29650.2291
000510.SZ,20070205,3.31,3.41,3.3,3.34,3.31,0.03,0.91,107157.73,35972.5016
000511.SZ,20070205,5.57,5.78,5.54,5.73,5.57,0.16,2.87,61031.2,34706.6868
000513.SZ,20070205,8.15,8.69,8.0,8.53,8.2,0.33,4.02,68394.61,57758.8827
000514.SZ,20070205,6.4,6.45,6.11,6.35,6.43,-0.08,-1.24,17938.15,11229.6448
000515.SZ,20070205,7.69,7.75,7.43,7.57,7.35,0.22,2.99,53633.49,40710.489
000516.SZ,20070205,9.79,10.0,9.6,10.0,9.9,0.1,1.01,9588.18,9455.3729
000518.SZ,20070205,2.6,2.68,2.58,2.65,2.61,0.04,1.53,169267.65,44759.5398
000519.SZ,20070205,4.64,4.78,4.63,4.73,4.67,0.06,1.28,23678.11,11210.0428
000520.SZ,20070205,4.17,4.27,4.14,4.2,4.17,0.03,0.72,90934.64,38286.2834
000521.SZ,20070205,3.93,4.01,3.93,3.99,3.94,0.05,1.27,30715.35,12193.3999
000522.SZ,20070205,5.1,5.41,5.0,5.19,5.05,0.14,2.77,63232.71,33086.7969
000523.SZ,20070205,4.51,4.61,4.5,4.61,4.51,0.1,2.22,17707.98,8082.9036
000524.SZ,20070205,5.96,6.42,5.88,6.25,5.95,0.3,5.04,97223.16,60244.9109
000525.SZ,20070205,8.1,8.2,7.8,8.08,8.0,0.08,1.0,39377.45,31642.14
000526.SZ,20070205,5.97,5.97,5.41,5.42,5.89,-0.47,-7.98,43318.85,24142.6926
000527.SZ,20070205,18.7,19.2,18.32,19.1,18.5,0.6,3.24,30522.04,57883.434
000528.SZ,20070205,17.2,17.95,16.3,17.28,17.7,-0.42,-2.37,58652.47,100690.4132
000530.SZ,20070205,6.77,6.86,6.7,6.82,6.73,0.09,1.34,16584.42,11254.8285
000531.SZ,20070205,8.8,8.88,8.65,8.82,8.89,-0.07,-0.79,23837.35,20894.1604
000532.SZ,20070205,3.75,3.88,3.72,3.79,3.77,0.02,0.53,52843.35,20127.6044
000534.SZ,20070205,4.71,4.82,4.67,4.77,4.77,0.0,0.0,30962.19,14634.6544
000537.SZ,20070205,4.56,4.75,4.52,4.72,4.55,0.17,3.74,101162.75,47155.9298
000538.SZ,20070205,29.01,29.9,28.6,28.9,30.0,-1.1,-3.67,9473.75,27652.1704
000539.SZ,20070205,7.09,7.16,6.75,6.75,7.11,-0.36,-5.06,118775.18,81620.1303
000540.SZ,20070205,5.11,5.24,4.92,5.18,4.99,0.19,3.81,56126.3,29081.7888
000541.SZ,20070205,11.45,11.69,11.41,11.57,11.45,0.12,1.05,24737.72,28642.4001
000543.SZ,20070205,7.2,7.2,6.48,6.48,7.2,-0.72,-10.0,171904.1,115832.2555
000544.SZ,20070205,4.62,4.62,4.5,4.58,4.5,0.08,1.78,22836.78,10447.7671
000545.SZ,20070205,2.6,2.7,2.6,2.65,2.61,0.04,1.53,18353.98,4858.2488
000546.SZ,20070205,3.68,3.74,3.6,3.71,3.74,-0.03,-0.8,33087.59,12160.1273
000547.SZ,20070205,4.44,4.57,4.38,4.49,4.46,0.03,0.67,33489.85,14982.5401
000548.SZ,20070205,5.07,5.22,5.05,5.2,5.07,0.13,2.56,51648.43,26587.2227
000550.SZ,20070205,11.5,12.4,11.4,12.29,11.5,0.79,6.87,100999.42,119358.6689
000551.SZ,20070205,5.96,6.18,5.92,6.09,5.96,0.13,2.18,25513.86,15510.1554
000552.SZ,20070205,5.3,5.44,5.27,5.36,5.31,0.05,0.94,14535.3,7809.5238
000553.SZ,20070205,5.71,5.9,5.71,5.87,5.74,0.13,2.26,26597.51,15535.0277
000555.SZ,20070205,3.6,3.7,3.55,3.62,3.6,0.02,0.56,11483.65,4159.1137
000557.SZ,20070205,2.45,2.63,2.43,2.63,2.5,0.13,5.2,111291.19,28339.321
000558.SZ,20070205,4.84,5.06,4.84,4.99,4.82,0.17,3.53,14750.53,7275.5103
000559.SZ,20070205,4.51,4.68,4.47,4.63,4.51,0.12,2.66,85139.26,39033.985
000560.SZ,20070205,7.15,7.2,6.93,7.01,7.04,-0.03,-0.43,4967.3,3486.1794
000561.SZ,20070205,2.93,2.93,2.75,2.93,2.79,0.14,5.02,150166.57,43836.9899
000562.SZ,20070205,16.35,16.9,15.91,16.35,16.48,-0.13,-0.79,98356.65,161739.7876
000563.SZ,20070205,7.46,7.67,7.3,7.36,7.6,-0.24,-3.16,63823.31,47509.2694
000564.SZ,20070205,4.18,4.25,4.07,4.21,4.15,0.06,1.45,93014.94,38789.3296
000565.SZ,20070205,5.3,5.48,5.25,5.37,5.35,0.02,0.37,15066.53,8063.1758
000566.SZ,20070205,4.49,4.68,4.4,4.63,4.56,0.07,1.54,55919.54,25707.4725
000567.SZ,20070205,4.61,4.7,4.57,4.65,4.62,0.03,0.65,12932.71,6030.8187
000568.SZ,20070205,25.36,25.36,23.97,24.2,25.4,-1.2,-4.72,72832.87,177999.7777
000569.SZ,20070205,3.3,3.44,3.29,3.38,3.3,0.08,2.42,55240.72,18647.1306
000570.SZ,20070205,4.79,4.91,4.72,4.9,4.81,0.09,1.87,23091.66,11159.1412
000571.SZ,20070205,2.96,3.0,2.93,2.98,2.99,-0.01,-0.33,55802.7,16536.537
000572.SZ,20070205,12.8,13.85,12.62,13.72,12.8,0.92,7.19,33239.98,43844.2516
000573.SZ,20070205,3.24,3.32,3.22,3.3,3.25,0.05,1.54,76640.13,25107.5484
000576.SZ,20070205,3.39,3.58,3.36,3.55,3.4,0.15,4.41,74667.71,26326.7079
000581.SZ,20070205,10.6,11.06,10.46,10.91,10.73,0.18,1.68,74786.84,81015.6908
000582.SZ,20070205,6.87,6.95,6.7,6.85,6.74,0.11,1.63,11432.64,7818.0996
000584.SZ,20070205,5.77,5.77,5.32,5.39,5.61,-0.22,-3.92,182289.4,101217.6737
000585.SZ,20070205,3.15,3.2,3.11,3.17,3.15,0.02,0.63,31393.81,9922.4266
000586.SZ,20070205,3.56,3.84,3.55,3.76,3.53,0.23,6.52,61272.94,22636.366
000587.SZ,20070205,2.78,2.81,2.64,2.76,2.78,-0.02,-0.72,46983.97,12776.6374
000589.SZ,20070205,5.25,5.46,5.25,5.37,5.46,-0.09,-1.65,32374.87,17362.4956
000590.SZ,20070205,4.32,4.55,4.21,4.52,4.32,0.2,4.63,77241.6,34385.6474
000591.SZ,20070205,6.98,7.31,6.9,7.17,7.08,0.09,1.27,39582.88,28357.4737
000593.SZ,20070205,4.1,4.33,4.1,4.22,4.2,0.02,0.48,18713.6,7925.4662
000594.SZ,20070205,4.4,4.45,4.25,4.4,4.38,0.02,0.46,229451.22,100086.3785
000595.SZ,20070205,4.68,5.07,4.67,5.01,4.66,0.35,7.51,54771.92,26852.3359
000597.SZ,20070205,4.66,4.88,4.6,4.81,4.6,0.21,4.57,101284.5,48407.7296
000598.SZ,20070205,6.22,6.4,6.04,6.34,6.19,0.15,2.42,122671.59,76764.3027
000599.SZ,20070205,2.93,2.99,2.91,2.98,2.94,0.04,1.36,65361.8,19366.4506
000600.SZ,20070205,7.37,7.5,7.17,7.25,7.4,-0.15,-2.03,17601.28,12900.6448
000601.SZ,20070205,4.18,4.27,4.13,4.22,4.22,0.0,0.0,103383.78,43448.3347
000602.SZ,20070205,9.06,9.2,8.9,9.15,9.12,0.03,0.33,39309.67,35637.0039
000603.SZ,20070205,3.05,3.12,3.04,3.09,3.04,0.05,1.64,14420.37,4447.3346
000606.SZ,20070205,4.83,5.11,4.78,5.04,4.73,0.31,6.55,64573.82,32210.2921
000607.SZ,20070205,3.12,3.22,3.12,3.18,3.15,0.03,0.95,83056.35,26424.4074
000608.SZ,20070205,8.58,8.88,8.49,8.7,8.63,0.07,0.81,30508.9,26577.2451
000609.SZ,20070205,8.9,8.96,8.53,8.76,8.9,-0.14,-1.57,10964.41,9549.6354
000610.SZ,20070205,5.0,5.16,5.0,5.1,5.04,0.06,1.19,11992.33,6104.6738
000611.SZ,20070205,4.25,4.4,4.24,4.35,4.24,0.11,2.59,33561.4,14530.4336
000612.SZ,20070205,10.33,10.45,9.83,10.17,10.3,-0.13,-1.26,99048.33,99539.9663
000615.SZ,20070205,4.4,4.55,4.13,4.14,4.4,-0.26,-5.91,67892.97,28749.1563
000616.SZ,20070205,7.6,7.74,7.49,7.7,7.62,0.08,1.05,56139.74,42728.161
000619.SZ,20070205,9.25,9.4,9.08,9.11,9.31,-0.2,-2.15,56274.25,51932.5032
000623.SZ,20070205,37.55,37.98,35.8,37.45,37.98,-0.53,-1.4,28997.97,107006.7025
000625.SZ,20070205,10.88,12.1,10.85,12.0,11.0,1.0,9.09,197739.24,232514.4634
000627.SZ,20070205,3.66,3.84,3.63,3.76,3.71,0.05,1.35,129721.02,48606.7283
000628.SZ,20070205,4.97,5.46,4.97,5.3,4.96,0.34,6.85,63015.49,33177.421
000629.SZ,20070205,5.05,5.08,4.97,5.05,5.06,-0.01,-0.2,278087.43,139359.3742
000630.SZ,20070205,7.28,7.45,7.25,7.34,7.34,0.0,0.0,133173.21,97887.7189
000632.SZ,20070205,2.95,3.02,2.95,3.0,2.96,0.04,1.35,37756.81,11286.9493
000635.SZ,20070205,7.09,7.24,6.9,7.22,6.99,0.23,3.29,43337.35,31037.8666
000636.SZ,20070205,5.12,5.62,5.11,5.62,5.11,0.51,9.98,534215.71,296405.139
000637.SZ,20070205,11.0,11.48,10.9,11.35,10.93,0.42,3.84,22313.14,25076.0755
000639.SZ,20070205,6.86,7.13,6.85,7.1,6.97,0.13,1.87,11358.2,8011.4012
000651.SZ,20070205,15.5,16.0,14.97,15.53,15.64,-0.11,-0.7,42534.41,65930.5714
000652.SZ,20070205,8.68,9.22,8.47,9.12,8.59,0.53,6.17,670912.88,599345.8785
000655.SZ,20070205,9.78,9.85,9.1,9.1,9.58,-0.48,-5.01,52430.24,48961.8487
000656.SZ,20070205,7.09,7.09,7.09,7.09,6.75,0.34,5.04,7335.02,5200.5292
000657.SZ,20070205,13.2,13.78,13.0,13.7,13.13,0.57,4.34,36594.73,49413.0524
000659.SZ,20070205,3.96,4.09,3.96,4.01,3.9,0.11,2.82,96854.62,38894.1095
000661.SZ,20070205,7.71,8.06,7.71,7.83,7.76,0.07,0.9,17556.7,13859.6323
000662.SZ,20070205,9.3,9.5,9.12,9.35,9.3,0.05,0.54,26353.58,24549.2186
000663.SZ,20070205,4.99,5.17,4.99,5.02,4.98,0.04,0.8,11480.35,5816.9443
000665.SZ,20070205,5.15,5.4,5.11,5.37,5.16,0.21,4.07,75301.38,39872.2551
000666.SZ,20070205,6.13,6.71,5.95,6.55,6.1,0.45,7.38,197402.96,126300.2383
000667.SZ,20070205,8.0,8.35,7.91,8.18,7.98,0.2,2.51,30234.5,24787.9677
000668.SZ,20070205,11.72,11.72,11.19,11.3,11.31,-0.01,-0.09,15080.9,17223.93
000669.SZ,20070205,6.91,7.29,6.91,7.19,6.9,0.29,4.2,8895.32,6332.5347
000670.SZ,20070205,2.33,2.45,2.28,2.4,2.33,0.07,3.0,44377.05,10456.6942
000671.SZ,20070205,7.9,8.37,7.77,7.78,8.63,-0.85,-9.85,39144.16,31182.0166
000672.SZ,20070205,3.31,3.4,3.23,3.23,3.4,-0.17,-5.0,73279.29,23752.8528
000676.SZ,20070205,4.87,5.14,4.85,5.1,4.88,0.22,4.51,84910.17,42905.8247
000677.SZ,20070205,4.21,4.34,4.15,4.29,4.23,0.06,1.42,59145.22,25244.7868
000678.SZ,20070205,4.35,4.48,4.3,4.35,4.38,-0.03,-0.68,77419.69,34023.0383
000679.SZ,20070205,5.42,5.55,5.31,5.55,5.37,0.18,3.35,36044.07,19596.6342
000680.SZ,20070205,8.75,8.96,8.61,8.76,8.8,-0.04,-0.45,79504.1,69745.6585
000681.SZ,20070205,5.4,5.65,5.2,5.4,5.57,-0.17,-3.05,35097.23,18941.8855
000682.SZ,20070205,3.25,3.32,3.23,3.28,3.23,0.05,1.55,103730.75,34098.6928
000683.SZ,20070205,6.34,6.7,6.33,6.4,6.25,0.15,2.4,130003.61,84951.9845
000685.SZ,20070205,5.08,5.28,5.05,5.2,5.08,0.12,2.36,36214.92,18796.0728
000687.SZ,20070205,4.94,5.08,4.48,4.5,4.94,-0.44,-8.91,87320.2,40569.0068
000688.SZ,20070205,1.42,1.47,1.4,1.46,1.42,0.04,2.82,58265.34,8407.5239
000690.SZ,20070205,19.01,19.88,19.01,19.56,18.96,0.6,3.16,50538.45,98510.4308
000692.SZ,20070205,3.23,3.29,3.18,3.25,3.23,0.02,0.62,29359.89,9542.6346
000693.SZ,20070205,2.71,2.81,2.68,2.78,2.72,0.06,2.21,17309.25,4772.3908
000695.SZ,20070205,7.1,7.38,7.08,7.27,7.09,0.18,2.54,46321.25,33613.5494
000697.SZ,20070205,5.45,5.65,5.38,5.59,5.45,0.14,2.57,27400.17,15238.1922
000698.SZ,20070205,7.02,7.29,7.01,7.19,7.12,0.07,0.98,59751.76,42955.5543
000700.SZ,20070205,4.48,4.68,4.48,4.48,4.98,-0.5,-10.04,129117.87,58059.639
000701.SZ,20070205,6.92,7.27,6.91,7.2,7.0,0.2,2.86,60752.12,43222.5155
000702.SZ,20070205,5.15,5.2,4.77,4.78,5.04,-0.26,-5.16,133078.75,66214.1023
000703.SZ,20070205,4.64,4.82,4.6,4.73,4.64,0.09,1.94,7713.97,3632.4981
000705.SZ,20070205,4.81,4.86,4.74,4.85,4.74,0.11,2.32,11134.75,5363.1957
000707.SZ,20070205,4.87,5.03,4.81,5.03,4.83,0.2,4.14,114771.91,56297.3938
000708.SZ,20070205,7.45,7.65,7.38,7.43,7.49,-0.06,-0.8,43502.3,32550.3696
000709.SZ,20070205,6.6,6.75,6.37,6.5,6.65,-0.15,-2.26,197697.3,130005.9586
000710.SZ,20070205,4.12,4.22,4.12,4.22,4.02,0.2,4.98,14863.56,6249.0487
000711.SZ,20070205,4.31,4.45,4.31,4.42,4.35,0.07,1.61,11040.5,4853.2406
000712.SZ,20070205,4.94,5.33,4.93,5.03,4.91,0.12,2.44,25247.39,12903.8071
000713.SZ,20070205,5.1,5.29,5.09,5.25,5.16,0.09,1.74,37668.13,19630.337
000715.SZ,20070205,10.69,10.8,10.49,10.72,10.73,-0.01,-0.09,4430.8,4708.077
000716.SZ,20070205,4.1,4.24,4.07,4.2,4.1,0.1,2.44,19547.52,8117.4032
000717.SZ,20070205,4.76,4.84,4.63,4.64,4.74,-0.1,-2.11,171944.65,80891.0472
000718.SZ,20070205,11.11,11.39,10.86,11.26,11.43,-0.17,-1.49,55363.04,61216.3149
000720.SZ,20070205,3.2,3.26,3.17,3.22,3.21,0.01,0.31,128956.78,41527.2435
000722.SZ,20070205,3.75,3.9,3.75,3.78,3.83,-0.05,-1.31,75463.19,28758.6344
000725.SZ,20070205,3.15,3.43,3.12,3.42,3.12,0.3,9.62,391172.42,128999.3814
000726.SZ,20070205,10.5,10.7,10.3,10.35,10.55,-0.2,-1.9,44455.95,46672.1387
000727.SZ,20070205,3.87,4.05,3.84,4.03,3.85,0.18,4.68,90424.38,35850.7047
000729.SZ,20070205,10.9,11.16,10.73,10.9,10.98,-0.08,-0.73,90121.89,98789.4657
000732.SZ,20070205,1.58,1.64,1.56,1.63,1.58,0.05,3.16,30340.83,4887.3369
000733.SZ,20070205,6.18,6.45,6.17,6.3,6.19,0.11,1.78,54285.35,34271.2068
000735.SZ,20070205,2.3,2.44,2.27,2.43,2.31,0.12,5.19,300152.8,71195.7582
000737.SZ,20070205,4.46,4.6,4.21,4.43,4.44,-0.01,-0.23,207709.13,91684.2784
000738.SZ,20070205,3.85,3.99,3.82,3.97,3.85,0.12,3.12,55597.24,21867.9639
000739.SZ,20070205,9.31,9.42,9.16,9.36,9.26,0.1,1.08,26973.02,25026.7221
000748.SZ,20070205,9.93,9.98,9.48,9.5,9.98,-0.48,-4.81,50180.18,48381.4694
000751.SZ,20070205,6.6,6.79,6.53,6.68,6.7,-0.02,-0.3,202830.43,135183.1693
000752.SZ,20070205,5.45,5.6,5.4,5.49,5.45,0.04,0.73,38092.05,20914.2521
000753.SZ,20070205,3.35,3.46,3.35,3.42,3.39,0.03,0.89,33758.16,11515.2013
000755.SZ,20070205,9.26,9.62,9.26,9.38,9.31,0.07,0.75,41225.62,38968.3471
000756.SZ,20070205,4.36,4.48,4.35,4.45,4.36,0.09,2.06,18631.92,8221.8396
000757.SZ,20070205,1.42,1.51,1.41,1.51,1.44,0.07,4.86,97400.21,14356.2023
000758.SZ,20070205,10.1,10.48,10.06,10.18,10.1,0.08,0.79,109554.47,112871.2337
000759.SZ,20070205,12.6,13.5,12.4,13.36,12.85,0.51,3.97,84371.18,111387.375
000760.SZ,20070205,7.09,7.35,7.03,7.23,7.15,0.08,1.12,19176.11,13740.9072
000761.SZ,20070205,6.18,6.19,6.04,6.13,6.18,-0.05,-0.81,27016.77,16537.9192
000762.SZ,20070205,13.83,14.28,13.79,13.91,13.95,-0.04,-0.29,25279.0,35370.5369
000766.SZ,20070205,3.05,3.15,3.05,3.12,3.05,0.07,2.3,37954.43,11835.1289
000767.SZ,20070205,6.05,6.18,6.01,6.1,6.1,0.0,0.0,77906.18,47533.4194
000768.SZ,20070205,15.58,17.14,15.54,16.78,15.58,1.2,7.7,168543.75,279244.2685
000777.SZ,20070205,12.5,13.96,12.41,13.96,12.69,1.27,10.01,88854.41,121491.1948
000778.SZ,20070205,7.24,7.7,7.18,7.3,7.24,0.06,0.83,157786.05,116428.9546
000780.SZ,20070205,4.18,4.32,4.08,4.32,4.11,0.21,5.11,105444.31,44676.0854
000782.SZ,20070205,3.43,3.58,3.41,3.53,3.48,0.05,1.44,106802.15,37505.0942
000783.SZ,20070205,8.55,8.55,8.55,8.55,8.14,0.41,5.04,2178.0,1862.19
000785.SZ,20070205,5.1,5.3,5.05,5.26,5.12,0.14,2.73,70579.16,36909.8941
000786.SZ,20070205,5.67,5.87,5.65,5.8,5.69,0.11,1.93,71369.8,41305.6013
000788.SZ,20070205,4.42,4.58,4.42,4.5,4.5,0.0,0.0,22810.35,10247.9742
000789.SZ,20070205,4.22,4.45,4.2,4.45,4.24,0.21,4.95,42254.12,18717.8151
000790.SZ,20070205,16.99,17.5,16.6,17.45,17.0,0.45,2.65,9272.66,15861.4623
000791.SZ,20070205,4.09,4.17,4.03,4.1,4.13,-0.03,-0.73,21992.99,9008.312
000792.SZ,20070205,28.0,28.5,26.05,26.5,28.0,-1.5,-5.36,39113.94,105996.3357
000793.SZ,20070205,10.39,10.98,10.28,10.82,10.43,0.39,3.74,191659.92,205817.911
000795.SZ,20070205,3.96,4.07,3.72,3.74,3.95,-0.21,-5.32,69071.67,26722.9144
000796.SZ,20070205,4.3,4.5,4.25,4.31,4.35,-0.04,-0.92,17993.55,7820.4291
000797.SZ,20070205,4.43,4.66,4.43,4.62,4.47,0.15,3.36,44062.45,20230.2348
000798.SZ,20070205,3.42,3.53,3.4,3.48,3.42,0.06,1.75,23747.86,8275.1222
000800.SZ,20070205,4.99,5.43,4.9,5.28,5.01,0.27,5.39,337153.15,174233.4769
000801.SZ,20070205,5.9,6.08,5.83,6.02,5.97,0.05,0.84,5997.73,3579.2974
000802.SZ,20070205,7.36,7.61,7.35,7.55,7.39,0.16,2.17,13263.36,9934.9964
000803.SZ,20070205,4.71,4.96,4.62,4.86,4.74,0.12,2.53,36921.28,17771.9894
000806.SZ,20070205,2.95,3.03,2.94,3.01,2.96,0.05,1.69,102468.18,30728.0163
000807.SZ,20070205,11.0,11.24,10.86,11.13,11.05,0.08,0.72,99569.83,110052.0436
000809.SZ,20070205,5.13,5.35,5.13,5.3,5.14,0.16,3.11,15114.2,7967.8045
000810.SZ,20070205,6.3,6.42,6.1,6.37,6.3,0.07,1.11,7766.71,4856.1367
000811.SZ,20070205,8.4,8.61,8.3,8.46,8.37,0.09,1.08,18645.57,15821.5917
000812.SZ,20070205,3.61,3.84,3.6,3.75,3.74,0.01,0.27,96520.96,36119.2981
000813.SZ,20070205,4.21,4.38,3.98,4.1,4.23,-0.13,-3.07,113469.04,46455.0604
000815.SZ,20070205,8.54,8.79,8.4,8.67,8.54,0.13,1.52,22782.72,19552.9122
000816.SZ,20070205,3.31,3.42,3.28,3.35,3.33,0.02,0.6,74568.16,25123.4091
000818.SZ,20070205,3.86,3.96,3.78,3.91,3.88,0.03,0.77,38810.37,15103.6905
000820.SZ,20070205,3.18,3.29,3.18,3.25,3.13,0.12,3.83,46443.96,15077.527
000821.SZ,20070205,3.63,3.75,3.63,3.69,3.59,0.1,2.79,81050.21,30017.7073
000822.SZ,20070205,5.8,6.14,5.8,6.1,5.86,0.24,4.1,131691.06,79456.5479
000823.SZ,20070205,7.12,7.52,7.12,7.2,7.23,-0.03,-0.41,39487.99,29003.1249
000825.SZ,20070205,15.89,16.18,15.53,15.7,16.2,-0.5,-3.09,103199.02,162420.6514
000826.SZ,20070205,9.06,9.46,9.06,9.37,9.3,0.07,0.75,11976.25,11143.2805
000828.SZ,20070205,4.57,4.95,4.55,4.86,4.56,0.3,6.58,185045.07,88435.9686
000829.SZ,20070205,31.44,33.5,31.44,32.2,31.44,0.76,2.42,8853.98,29113.6007
000830.SZ,20070205,3.6,3.7,3.59,3.67,3.61,0.06,1.66,61767.19,22570.3542
000831.SZ,20070205,6.69,6.74,6.52,6.64,6.65,-0.01,-0.15,43943.9,29141.7452
000835.SZ,20070205,7.4,7.79,7.31,7.62,7.55,0.07,0.93,15682.02,11871.8159
000836.SZ,20070205,6.65,6.95,6.58,6.67,6.6,0.07,1.06,29234.4,19757.7002
000837.SZ,20070205,9.96,10.25,9.8,10.0,10.05,-0.05,-0.5,34521.35,34633.0548
000838.SZ,20070205,14.32,14.5,14.0,14.3,14.38,-0.08,-0.56,1385.35,1977.701
000839.SZ,20070205,22.2,23.48,22.2,23.23,22.6,0.63,2.79,71383.73,162797.0555
000848.SZ,20070205,17.45,18.0,16.7,17.68,17.79,-0.11,-0.62,11899.46,20457.163
000850.SZ,20070205,6.28,6.43,5.8,5.82,6.31,-0.49,-7.77,229028.8,138713.9043
000851.SZ,20070205,9.03,9.35,9.02,9.29,9.03,0.26,2.88,28890.04,26565.4225
000856.SZ,20070205,3.5,3.63,3.46,3.6,3.52,0.08,2.27,39747.15,14090.5453
000858.SZ,20070205,23.65,24.27,22.8,23.71,24.18,-0.47,-1.94,240957.36,566198.4079
000859.SZ,20070205,3.46,3.64,3.46,3.54,3.49,0.05,1.43,58634.38,20859.2198
000860.SZ,20070205,9.47,9.6,9.23,9.51,9.5,0.01,0.11,23095.65,21862.1588
000861.SZ,20070205,6.1,6.3,6.08,6.21,6.13,0.08,1.31,12725.23,7891.5768
000863.SZ,20070205,2.15,2.15,2.15,2.15,2.26,-0.11,-4.87,1329.0,285.735
000868.SZ,20070205,3.82,4.02,3.81,3.88,3.75,0.13,3.47,74730.36,29321.4544
000869.SZ,20070205,62.86,63.88,59.0,63.88,64.0,-0.12,-0.19,5238.91,32219.809
000875.SZ,20070205,3.42,3.59,3.41,3.55,3.42,0.13,3.8,157775.77,55478.7357
000876.SZ,20070205,9.11,9.27,8.52,9.13,9.17,-0.04,-0.44,171761.34,152721.5552
000877.SZ,20070205,6.45,7.08,6.41,6.85,6.5,0.35,5.38,62385.42,42574.0041
000878.SZ,20070205,13.0,13.36,12.96,13.16,12.79,0.37,2.89,153512.13,202341.7521
000881.SZ,20070205,4.19,4.29,4.15,4.21,4.18,0.03,0.72,32241.54,13640.2814
000882.SZ,20070205,7.59,7.85,7.59,7.72,7.67,0.05,0.65,15067.83,11648.9423
000883.SZ,20070205,3.45,3.57,3.41,3.57,3.43,0.14,4.08,55774.38,19602.86
000885.SZ,20070205,5.28,5.28,5.03,5.08,5.29,-0.21,-3.97,12967.01,6646.5138
000886.SZ,20070205,2.89,2.94,2.85,2.92,2.89,0.03,1.04,50790.07,14717.8441
000887.SZ,20070205,2.36,2.58,2.36,2.58,2.46,0.12,4.88,144895.86,35830.7545
000888.SZ,20070205,13.0,13.01,12.06,12.06,13.4,-1.34,-10.0,33951.0,41692.528
000889.SZ,20070205,3.35,3.45,3.33,3.4,3.38,0.02,0.59,41570.12,14124.6319
000890.SZ,20070205,3.66,3.76,3.66,3.71,3.65,0.06,1.64,69736.51,25883.971
000892.SZ,20070205,2.9,3.04,2.86,2.94,2.94,0.0,0.0,55198.55,16389.9529
000893.SZ,20070205,4.69,5.04,4.69,5.0,4.78,0.22,4.6,34307.51,16811.8376
000898.SZ,20070205,11.59,11.79,11.15,11.16,11.83,-0.67,-5.66,332120.97,377140.179
000899.SZ,20070205,4.44,4.56,4.43,4.48,4.43,0.05,1.13,38084.67,17061.6577
000900.SZ,20070205,11.5,11.8,11.3,11.39,11.65,-0.26,-2.23,87568.39,100368.2781
000901.SZ,20070205,6.7,7.35,6.7,7.25,6.73,0.52,7.73,71243.88,50689.9111
000903.SZ,20070205,10.11,10.58,10.1,10.3,10.1,0.2,1.98,22784.02,23503.9698
000905.SZ,20070205,8.46,8.59,8.34,8.42,8.52,-0.1,-1.17,58299.54,49254.3694
000906.SZ,20070205,7.38,7.68,7.21,7.67,7.34,0.33,4.5,12276.72,9211.2716
000908.SZ,20070205,10.8,11.3,10.79,11.17,10.78,0.39,3.62,36972.15,41222.1387
000909.SZ,20070205,4.41,4.64,4.41,4.55,4.44,0.11,2.48,24642.83,11212.7547
000910.SZ,20070205,9.56,10.08,9.41,9.94,9.54,0.4,4.19,69555.42,68469.5822
000911.SZ,20070205,11.44,11.68,11.3,11.49,11.41,0.08,0.7,48018.3,55206.5358
000912.SZ,20070205,9.3,9.55,9.25,9.37,9.38,-0.01,-0.11,80179.22,75053.1119
000913.SZ,20070205,4.4,4.58,4.35,4.57,4.35,0.22,5.06,157847.7,70608.2456
000915.SZ,20070205,3.92,4.08,3.91,3.99,3.93,0.06,1.53,33524.15,13452.0827
000916.SZ,20070205,4.12,4.23,4.12,4.21,4.15,0.06,1.45,53197.37,22301.3491
000917.SZ,20070205,10.55,11.88,10.46,11.3,10.8,0.5,4.63,210736.54,240346.0751
000919.SZ,20070205,6.84,6.94,6.7,6.81,6.97,-0.16,-2.3,105462.51,72123.3968
000920.SZ,20070205,5.01,5.01,5.01,5.01,4.55,0.46,10.11,66871.48,33502.6115
000922.SZ,20070205,7.25,7.57,7.1,7.2,7.25,-0.05,-0.69,38870.11,28419.7433
000923.SZ,20070205,6.04,6.13,5.9,5.92,6.11,-0.19,-3.11,22196.09,13267.0489
000925.SZ,20070205,6.81,7.0,6.73,6.73,7.08,-0.35,-4.94,6963.93,4741.3188
000926.SZ,20070205,13.32,13.65,13.25,13.38,13.32,0.06,0.45,17421.1,23392.5572
000927.SZ,20070205,7.91,8.77,7.83,8.77,7.97,0.8,10.04,142576.46,121590.5169
000928.SZ,20070205,8.51,8.55,8.09,8.1,8.52,-0.42,-4.93,33971.72,28229.1209
000929.SZ,20070205,4.61,4.75,4.61,4.7,4.61,0.09,1.95,24458.38,11460.5798
000930.SZ,20070205,6.46,6.59,6.31,6.33,6.35,-0.02,-0.32,343989.17,222373.0561
000931.SZ,20070205,5.6,5.69,5.48,5.59,5.6,-0.01,-0.18,62846.07,35020.919
000933.SZ,20070205,12.17,12.48,11.98,12.22,12.19,0.03,0.25,56792.09,69260.4674
000936.SZ,20070205,5.01,5.1,4.95,5.04,5.03,0.01,0.2,67128.26,33718.5873
000937.SZ,20070205,6.76,6.99,6.75,6.97,6.76,0.21,3.11,153655.38,106112.5055
000938.SZ,20070205,9.82,10.5,9.82,10.26,10.03,0.23,2.29,36638.44,37446.8124
000939.SZ,20070205,8.59,9.0,8.59,8.9,8.59,0.31,3.61,61584.66,54403.6819
000948.SZ,20070205,5.87,6.04,5.85,5.92,5.86,0.06,1.02,14827.64,8832.3997
000949.SZ,20070205,5.21,5.4,5.2,5.3,5.26,0.04,0.76,71799.17,38223.3053
000950.SZ,20070205,7.17,7.3,7.06,7.18,7.17,0.01,0.14,11154.48,8044.4014
000951.SZ,20070205,24.54,26.48,23.54,25.0,24.33,0.67,2.75,20027.52,50710.7145
000952.SZ,20070205,4.21,4.3,4.12,4.23,4.27,-0.04,-0.94,54458.08,22879.9121
000953.SZ,20070205,4.68,4.8,4.37,4.39,4.7,-0.31,-6.6,90507.03,40627.0858
000955.SZ,20070205,3.11,3.36,3.11,3.3,3.19,0.11,3.45,46139.68,15223.9742
000957.SZ,20070205,3.3,3.45,3.3,3.42,3.3,0.12,3.64,36391.07,12378.8895
000958.SZ,20070205,3.44,3.51,3.41,3.46,3.43,0.03,0.87,56081.63,19391.529
000959.SZ,20070205,4.1,4.22,4.06,4.15,4.12,0.03,0.73,218289.7,90672.9115
000960.SZ,20070205,12.2,12.8,12.01,12.4,12.5,-0.1,-0.8,64707.55,79168.0526
000961.SZ,20070205,3.69,3.83,3.68,3.75,3.8,-0.05,-1.32,35405.4,13293.9502
000962.SZ,20070205,8.51,8.77,8.5,8.59,8.5,0.09,1.06,53704.38,46323.24
000963.SZ,20070205,5.95,5.99,5.85,5.97,5.89,0.08,1.36,99446.71,58959.0424
000965.SZ,20070205,8.1,8.1,7.7,7.81,8.0,-0.19,-2.38,18885.56,14800.3421
000966.SZ,20070205,4.6,4.88,4.58,4.85,4.6,0.25,5.43,77596.14,37150.7784
000967.SZ,20070205,5.2,5.37,5.08,5.36,5.23,0.13,2.49,14831.14,7854.5115
000968.SZ,20070205,5.48,5.89,5.48,5.85,5.43,0.42,7.73,171555.79,98193.9478
000969.SZ,20070205,11.6,12.15,11.58,12.0,11.67,0.33,2.83,49557.73,58987.6352
000970.SZ,20070205,9.79,10.48,9.79,10.13,9.89,0.24,2.43,68761.34,70246.0914
000971.SZ,20070205,3.71,3.79,3.55,3.62,3.77,-0.15,-3.98,76465.86,27827.5998
000972.SZ,20070205,18.13,18.6,17.8,18.58,18.15,0.43,2.37,6962.8,12662.0239
000973.SZ,20070205,2.67,2.75,2.67,2.73,2.65,0.08,3.02,98444.89,26799.7618
000975.SZ,20070205,4.79,5.09,4.73,5.06,4.85,0.21,4.33,117468.17,58575.9567
000976.SZ,20070205,2.92,3.04,2.92,2.99,2.91,0.08,2.75,73509.67,21851.7318
000977.SZ,20070205,6.47,6.68,6.39,6.49,6.39,0.1,1.56,24492.54,16029.1704
000978.SZ,20070205,13.6,14.2,13.1,13.59,14.04,-0.45,-3.21,9353.35,12711.5674
000979.SZ,20070205,2.87,2.99,2.85,2.96,2.87,0.09,3.14,33844.6,9994.6056
000980.SZ,20070205,4.18,4.37,4.14,4.29,4.26,0.03,0.7,26731.38,11486.7707
000982.SZ,20070205,5.01,5.06,4.96,5.0,5.01,-0.01,-0.2,7718.34,3864.8652
000983.SZ,20070205,13.1,13.62,13.08,13.15,12.99,0.16,1.23,276999.3,370436.714
000985.SZ,20070205,7.62,7.94,7.58,7.89,7.63,0.26,3.41,22663.93,17710.1598
000987.SZ,20070205,22.1,23.6,22.1,22.55,22.78,-0.23,-1.01,10753.42,24855.822
000988.SZ,20070205,8.22,8.77,8.22,8.5,8.25,0.25,3.03,85116.11,73117.0992
000989.SZ,20070205,7.57,7.85,7.45,7.58,7.55,0.03,0.4,60624.37,46323.9988
000993.SZ,20070205,4.18,4.28,4.1,4.14,4.19,-0.05,-1.19,46550.0,19455.7572
000995.SZ,20070205,5.02,5.15,4.96,5.05,5.02,0.03,0.6,13023.6,6587.73
000996.SZ,20070205,5.75,5.99,5.72,5.89,5.7,0.19,3.33,19090.94,11230.591
000997.SZ,20070205,8.83,9.2,8.83,8.97,8.83,0.14,1.59,39708.77,35735.5106
000998.SZ,20070205,10.21,11.29,10.21,11.03,10.27,0.76,7.4,75481.37,82538.7879
000999.SZ,20070205,10.38,10.58,10.22,10.22,10.76,-0.54,-5.02,49112.26,50401.2533
001696.SZ,20070205,12.5,12.99,12.48,12.61,12.65,-0.04,-0.32,4995.67,6343.4252
001896.SZ,20070205,3.72,3.89,3.69,3.76,3.76,0.0,0.0,21017.24,8007.8335
002001.SZ,20070205,5.8,5.93,5.72,5.9,5.82,0.08,1.37,29900.26,17544.1921
002002.SZ,20070205,6.0,6.29,5.92,6.25,5.94,0.31,5.22,42753.39,26441.1441
002003.SZ,20070205,22.2,22.75,21.7,22.3,22.99,-0.69,-3.0,7391.24,16377.9491
002004.SZ,20070205,12.84,13.06,12.71,12.91,12.81,0.1,0.78,4818.75,6224.4803
002005.SZ,20070205,5.62,5.77,5.52,5.73,5.63,0.1,1.78,14772.14,8410.6961
002006.SZ,20070205,5.75,5.98,5.75,5.92,5.75,0.17,2.96,21886.3,12894.6589
002007.SZ,20070205,29.9,30.28,29.3,29.41,30.0,-0.59,-1.97,6746.9,19964.2058
002008.SZ,20070205,20.16,20.72,20.15,20.5,20.45,0.05,0.24,7454.92,15194.1809
002009.SZ,20070205,12.85,13.1,12.85,12.95,12.89,0.06,0.47,8126.54,10525.2499
002010.SZ,20070205,18.4,18.5,16.5,16.85,18.13,-1.28,-7.06,10555.17,18245.0524
002011.SZ,20070205,7.85,8.03,7.85,7.94,7.85,0.09,1.15,16858.48,13392.2184
002012.SZ,20070205,4.61,4.84,4.55,4.73,4.62,0.11,2.38,36534.35,17247.8238
002013.SZ,20070205,10.5,11.69,10.5,11.69,10.63,1.06,9.97,37296.48,41973.2731
002014.SZ,20070205,11.07,11.25,10.91,11.08,11.08,0.0,0.0,9858.36,10929.4489
002015.SZ,20070205,7.4,7.65,7.4,7.58,7.46,0.12,1.61,15684.1,11862.7858
002016.SZ,20070205,6.15,6.43,6.08,6.37,6.1,0.27,4.43,25522.53,16104.6665
002017.SZ,20070205,8.6,9.05,8.6,8.88,8.66,0.22,2.54,29899.68,26588.3863
002018.SZ,20070205,12.3,13.3,12.25,13.3,12.09,1.21,10.01,52602.29,68117.4279
002019.SZ,20070205,12.8,13.5,12.58,13.45,12.8,0.65,5.08,11579.71,15352.2048
002020.SZ,20070205,6.59,6.59,6.37,6.53,6.36,0.17,2.67,11030.18,7162.7912
002021.SZ,20070205,8.8,9.09,8.75,8.98,8.79,0.19,2.16,19601.88,17621.4317
002022.SZ,20070205,20.58,21.0,20.26,20.5,20.6,-0.1,-0.49,6850.49,14062.9334
002023.SZ,20070205,10.9,11.6,10.88,11.5,10.91,0.59,5.41,23201.72,26458.9686
002024.SZ,20070205,67.0,68.0,63.0,65.1,68.0,-2.9,-4.26,20041.79,131496.1795
002025.SZ,20070205,24.26,26.0,24.26,25.71,24.3,1.41,5.8,26965.99,67930.3131
002026.SZ,20070205,5.7,5.86,5.67,5.83,5.71,0.12,2.1,17305.88,10054.3886
002027.SZ,20070205,5.73,5.91,5.71,5.85,5.78,0.07,1.21,30116.18,17568.9956
002028.SZ,20070205,46.9,47.0,44.01,45.23,46.5,-1.27,-2.73,14461.86,65539.5094
002029.SZ,20070205,21.0,21.33,20.5,20.95,21.25,-0.3,-1.41,3930.56,8160.9502
002030.SZ,20070205,8.48,8.84,8.43,8.79,8.48,0.31,3.66,25317.83,22148.2108
002031.SZ,20070205,11.8,12.21,11.75,12.03,11.86,0.17,1.43,9585.59,11509.7329
002032.SZ,20070205,23.4,23.48,22.5,22.9,23.5,-0.6,-2.55,6263.55,14301.1389
002033.SZ,20070205,15.01,15.3,14.8,15.1,15.1,0.0,0.0,12792.33,19182.5613
002034.SZ,20070205,8.02,8.21,7.99,8.15,8.03,0.12,1.49,12197.96,9889.6514
002035.SZ,20070205,6.86,6.96,6.73,6.89,6.84,0.05,0.73,17419.24,11951.961
002036.SZ,20070205,10.85,11.1,10.59,10.76,10.8,-0.04,-0.37,15919.28,17114.5956
002037.SZ,20070205,14.45,14.5,13.52,13.71,14.26,-0.55,-3.86,13511.08,18666.776
002038.SZ,20070205,21.7,21.7,20.55,21.3,21.48,-0.18,-0.84,10003.38,20959.7949
002039.SZ,20070205,10.5,10.79,9.95,10.0,10.65,-0.65,-6.1,11242.84,11479.6883
002040.SZ,20070205,5.48,5.54,5.4,5.51,5.43,0.08,1.47,19128.89,10508.0734
002041.SZ,20070205,9.79,10.15,9.71,10.02,9.88,0.14,1.42,16747.69,16724.5363
002042.SZ,20070205,3.8,3.94,3.78,3.9,3.8,0.1,2.63,21151.52,8221.1111
002043.SZ,20070205,6.5,6.72,6.5,6.63,6.51,0.12,1.84,12049.1,7996.8422
002044.SZ,20070205,4.92,4.99,4.87,4.92,4.91,0.01,0.2,13865.7,6848.5452
002045.SZ,20070205,17.4,18.3,17.4,18.21,17.7,0.51,2.88,6547.91,11787.3634
002046.SZ,20070205,14.41,14.98,14.4,14.76,14.51,0.25,1.72,8657.48,12743.1787
002048.SZ,20070205,14.32,14.7,14.25,14.61,14.28,0.33,2.31,53126.24,76916.6501
002049.SZ,20070205,13.05,13.49,13.05,13.47,13.02,0.45,3.46,11188.16,14931.1001
002050.SZ,20070205,9.06,9.29,9.04,9.24,9.0,0.24,2.67,12991.06,11949.3221
002051.SZ,20070205,16.46,16.7,16.3,16.58,16.45,0.13,0.79,13284.9,21949.4449
002052.SZ,20070205,24.5,25.64,24.08,25.12,24.18,0.94,3.89,6737.02,16915.2808
002053.SZ,20070205,12.42,12.69,12.41,12.64,12.47,0.17,1.36,17615.33,22163.1185
002054.SZ,20070205,11.62,12.07,11.6,11.8,11.54,0.26,2.25,21342.63,25389.1962
002055.SZ,20070205,15.38,15.64,15.32,15.62,15.39,0.23,1.49,4696.75,7302.5901
002056.SZ,20070205,21.52,22.66,21.52,22.35,21.73,0.62,2.85,19459.07,43470.1256
002057.SZ,20070205,9.64,9.75,9.54,9.7,9.57,0.13,1.36,6417.6,6204.8467
002058.SZ,20070205,10.78,10.83,10.65,10.65,10.62,0.03,0.28,4474.29,4804.4956
002059.SZ,20070205,7.52,7.69,7.49,7.63,7.51,0.12,1.6,11960.21,9080.001
002060.SZ,20070205,7.62,7.89,7.59,7.8,7.63,0.17,2.23,83514.97,64905.5642
002061.SZ,20070205,15.5,16.01,15.45,15.7,15.59,0.11,0.71,20819.31,32874.9363
002062.SZ,20070205,13.78,14.25,13.72,14.17,13.79,0.38,2.76,13564.92,19022.2795
002063.SZ,20070205,14.01,14.47,14.01,14.25,14.12,0.13,0.92,5322.0,7607.6674
002064.SZ,20070205,22.6,23.25,22.2,22.5,22.54,-0.04,-0.18,7862.98,17880.9671
002065.SZ,20070205,29.8,30.46,29.8,30.05,29.73,0.32,1.08,4627.14,13951.6735
002066.SZ,20070205,12.94,13.2,12.9,13.14,12.95,0.19,1.47,3972.7,5201.028
002067.SZ,20070205,6.96,7.05,6.9,7.01,6.96,0.05,0.72,27015.18,18858.6703
002068.SZ,20070205,15.32,15.69,15.29,15.48,15.32,0.16,1.04,7343.89,11400.6065
002069.SZ,20070205,86.49,86.5,85.68,86.01,87.3,-1.29,-1.48,5529.03,47540.69
002070.SZ,20070205,20.25,21.5,20.01,20.8,20.55,0.25,1.22,4799.15,9917.8618
002071.SZ,20070205,8.0,8.28,7.97,8.21,8.08,0.13,1.61,14910.02,12149.2671
002072.SZ,20070205,5.56,5.76,5.5,5.74,5.46,0.28,5.13,76617.58,43444.7151
002073.SZ,20070205,56.86,56.99,54.57,56.3,56.8,-0.5,-0.88,2795.27,15621.543
002074.SZ,20070205,14.99,15.38,14.91,15.2,15.02,0.18,1.2,4452.0,6782.101
002075.SZ,20070205,9.6,9.94,9.6,9.84,9.78,0.06,0.61,15230.96,14970.3433
002076.SZ,20070205,21.5,21.9,21.0,21.75,21.5,0.25,1.16,2390.94,5130.717
002077.SZ,20070205,8.93,9.1,8.89,9.09,8.99,0.1,1.11,14952.23,13469.1556
002078.SZ,20070205,25.91,26.8,25.26,26.78,26.0,0.78,3.0,29415.35,77086.0063
002079.SZ,20070205,11.02,11.23,11.01,11.18,11.02,0.16,1.45,6304.99,7037.3389
002080.SZ,20070205,24.5,25.48,24.5,24.8,24.92,-0.12,-0.48,6985.8,17375.533
002081.SZ,20070205,28.86,30.18,28.86,29.4,28.8,0.6,2.08,2627.17,7840.1286
002082.SZ,20070205,16.22,17.0,16.22,16.78,16.1,0.68,4.22,14950.7,25085.8593
002083.SZ,20070205,9.6,9.76,9.55,9.64,9.62,0.02,0.21,23556.6,22665.0071
002084.SZ,20070205,27.4,28.68,27.4,27.71,27.4,0.31,1.13,13436.03,37741.5399
002085.SZ,20070205,8.18,8.43,8.13,8.27,8.23,0.04,0.49,17768.6,14752.4074
002086.SZ,20070205,12.16,12.38,12.16,12.3,12.2,0.1,0.82,4898.02,6013.4327
002087.SZ,20070205,6.61,6.68,6.53,6.62,6.61,0.01,0.15,21449.72,14186.2334
002088.SZ,20070205,36.4,38.8,36.0,37.6,36.56,1.04,2.84,2338.37,8892.6421
002089.SZ,20070205,14.9,15.12,14.86,15.12,14.94,0.18,1.2,2440.19,3664.8803
002090.SZ,20070205,24.23,24.48,24.1,24.36,24.25,0.11,0.45,2828.65,6857.6252
002091.SZ,20070205,14.85,15.74,14.8,15.34,14.8,0.54,3.65,23418.34,35825.5233
002092.SZ,20070205,12.1,12.58,12.1,12.4,12.29,0.11,0.9,25324.69,31490.1533
002093.SZ,20070205,20.82,21.55,20.82,21.3,21.05,0.25,1.19,1926.59,4101.6481
002094.SZ,20070205,13.05,13.37,13.03,13.2,13.1,0.1,0.76,4214.01,5559.1712
002095.SZ,20070205,56.0,56.38,55.13,55.55,56.7,-1.15,-2.03,3723.62,20727.8893
002096.SZ,20070205,16.47,17.15,16.47,16.97,16.24,0.73,4.5,11382.43,19195.3257
002097.SZ,20070205,38.89,40.65,38.78,39.96,38.88,1.08,2.78,9683.09,38628.6181
002098.SZ,20070205,16.73,17.07,16.0,16.03,17.0,-0.97,-5.71,36610.51,59675.6873
002099.SZ,20070205,17.45,17.75,17.18,17.53,17.5,0.03,0.17,11426.19,20055.4782
002100.SZ,20070205,21.1,21.75,21.1,21.19,21.74,-0.55,-2.53,9348.11,19931.1994
002101.SZ,20070205,17.6,17.8,17.5,17.74,17.61,0.13,0.74,3096.5,5469.748
002102.SZ,20070205,12.51,12.8,12.12,12.52,12.9,-0.38,-2.95,10129.69,12530.8164
002104.SZ,20070205,13.25,13.37,13.11,13.26,13.26,0.0,0.0,4800.09,6369.3959
002105.SZ,20070205,7.7,7.95,7.68,7.75,7.75,0.0,0.0,22897.1,17840.9027
002106.SZ,20070205,37.1,38.35,36.78,37.49,37.9,-0.41,-1.08,10921.89,40890.5626
002107.SZ,20070205,18.8,19.12,18.78,18.91,18.8,0.11,0.59,5452.93,10319.9573
002108.SZ,20070205,17.14,17.28,17.01,17.1,17.14,-0.04,-0.23,5276.56,9036.322
002109.SZ,20070205,15.4,15.7,15.4,15.44,15.59,-0.15,-0.96,11662.91,18071.5911
002110.SZ,20070205,10.61,10.75,10.1,10.48,10.77,-0.29,-2.69,91893.56,95081.3499
002111.SZ,20070205,29.03,29.85,29.03,29.35,29.2,0.15,0.51,5975.16,17584.7454
600000.SH,20070205,22.65,23.1,21.52,21.7,23.0,-1.3,-5.65,272386.56,602569.888
600001.SH,20070205,5.1,5.28,4.82,4.9,5.15,-0.25,-4.85,318809.13,162132.945
600004.SH,20070205,9.82,10.18,9.5,10.13,9.81,0.32,3.26,224989.91,223679.593
600005.SH,20070205,7.62,7.9,7.35,7.5,7.75,-0.25,-3.23,471582.19,360270.544
600006.SH,20070205,3.82,4.02,3.76,3.93,3.83,0.1,2.61,257199.21,100129.294
600007.SH,20070205,13.62,13.8,13.05,13.25,13.82,-0.57,-4.12,79421.28,105451.572
600008.SH,20070205,6.28,6.38,6.18,6.24,6.24,0.0,0.0,159564.98,100003.48
600009.SH,20070205,26.22,26.44,24.03,24.08,25.95,-1.87,-7.21,160252.7,399962.686
600010.SH,20070205,3.51,3.55,3.41,3.48,3.54,-0.06,-1.69,647610.15,225291.304
600011.SH,20070205,6.95,7.01,6.74,6.83,6.98,-0.15,-2.15,224296.7,154283.972
600012.SH,20070205,6.9,6.96,6.8,6.83,6.89,-0.06,-0.87,37536.5,25736.227
600015.SH,20070205,9.3,9.32,8.63,8.65,9.34,-0.69,-7.39,1318285.34,1170191.803
600016.SH,20070205,11.45,11.65,10.63,10.84,11.51,-0.67,-5.82,1165420.41,1280798.908
600017.SH,20070205,7.98,8.12,7.88,8.03,7.98,0.05,0.63,83282.72,66664.24
600018.SH,20070205,7.53,7.64,7.43,7.46,7.46,0.0,0.0,890218.97,670327.239
600019.SH,20070205,8.7,8.86,8.2,8.36,8.81,-0.45,-5.11,1136728.05,963231.49
600020.SH,20070205,4.84,4.93,4.82,4.85,4.84,0.01,0.21,129541.42,63103.63
600021.SH,20070205,5.35,5.4,5.24,5.27,5.37,-0.1,-1.86,81128.94,43052.717
600022.SH,20070205,8.45,8.99,8.11,8.52,8.58,-0.06,-0.7,142018.58,119227.057
600026.SH,20070205,11.65,11.84,11.35,11.55,11.65,-0.1,-0.86,108146.6,124862.52
600028.SH,20070205,8.9,8.9,8.58,8.7,9.05,-0.35,-3.87,964050.14,840057.04
600029.SH,20070205,4.99,5.16,4.91,4.93,5.17,-0.24,-4.64,280703.08,139587.827
600030.SH,20070205,33.0,34.38,32.11,33.1,33.16,-0.06,-0.18,243760.11,809755.964
600031.SH,20070205,32.6,33.99,30.0,32.91,32.95,-0.04,-0.12,40074.06,125990.818
600033.SH,20070205,5.76,5.84,5.68,5.74,5.78,-0.04,-0.69,104389.47,60057.199
600035.SH,20070205,4.69,4.73,4.6,4.64,4.69,-0.05,-1.07,95397.79,44445.653
600036.SH,20070205,16.15,16.35,15.62,15.63,16.15,-0.52,-3.22,689939.26,1095441.109
600037.SH,20070205,28.0,29.5,26.7,27.89,28.92,-1.03,-3.56,39441.6,110545.861
600038.SH,20070205,14.5,15.57,14.5,15.57,14.15,1.42,10.04,14613.55,22191.082
600039.SH,20070205,4.15,4.22,4.08,4.13,4.17,-0.04,-0.96,55073.49,22723.048
600048.SH,20070205,38.59,39.45,38.02,38.86,38.64,0.22,0.57,25680.71,99362.652
600050.SH,20070205,4.6,4.74,4.5,4.53,4.65,-0.12,-2.58,2523671.38,1167116.657
600051.SH,20070205,8.61,8.96,8.56,8.78,8.66,0.12,1.39,34517.7,30335.926
600052.SH,20070205,6.52,6.84,6.48,6.68,6.53,0.15,2.3,33770.26,22471.822
600054.SH,20070205,14.42,14.66,13.0,14.64,14.39,0.25,1.74,42346.44,59728.251
600055.SH,20070205,7.44,7.92,7.44,7.85,7.46,0.39,5.23,31107.61,24173.375
600056.SH,20070205,7.87,8.38,7.87,8.01,7.68,0.33,4.3,43082.23,34529.307
600057.SH,20070205,5.55,5.61,5.2,5.61,5.1,0.51,10.0,465177.27,255009.778
600058.SH,20070205,9.4,10.3,9.37,10.1,9.43,0.67,7.11,221058.73,220425.502
600059.SH,20070205,25.69,27.47,25.18,27.05,25.06,1.99,7.94,36817.23,98158.877
600060.SH,20070205,7.95,8.32,7.95,8.19,8.05,0.14,1.74,75007.42,61643.937
600061.SH,20070205,3.24,3.3,3.21,3.27,3.23,0.04,1.24,39734.04,12944.854
600062.SH,20070205,10.16,10.58,10.11,10.39,10.37,0.02,0.19,26779.98,27726.52
600063.SH,20070205,8.8,9.1,8.3,8.3,9.22,-0.92,-9.98,95532.82,80751.848
600064.SH,20070205,11.65,11.97,11.15,11.27,12.11,-0.84,-6.94,73748.67,84325.158
600066.SH,20070205,15.31,16.46,15.31,16.37,15.31,1.06,6.92,27380.45,43449.267
600067.SH,20070205,7.26,7.51,7.2,7.33,7.21,0.12,1.66,63772.18,46930.354
600069.SH,20070205,5.25,5.37,5.19,5.3,5.3,0.0,0.0,75248.84,39749.405
600070.SH,20070205,4.26,4.36,4.24,4.33,4.3,0.03,0.7,21744.79,9372.068
600071.SH,20070205,7.06,7.5,7.06,7.39,7.06,0.33,4.67,35106.18,25471.027
600072.SH,20070205,8.77,9.0,8.48,8.49,8.77,-0.28,-3.19,129675.76,112844.564
600073.SH,20070205,9.9,10.2,9.46,9.96,9.8,0.16,1.63,137941.16,136116.924
600074.SH,20070205,3.12,3.16,3.08,3.12,3.13,-0.01,-0.32,86336.53,26931.225
600076.SH,20070205,2.18,2.24,2.17,2.22,2.19,0.03,1.37,51513.28,11433.303
600077.SH,20070205,5.82,5.96,5.79,5.88,5.82,0.06,1.03,13264.95,7792.899
600078.SH,20070205,7.78,7.96,7.7,7.85,7.71,0.14,1.82,53159.89,41839.592
600079.SH,20070205,6.07,6.23,6.0,6.14,6.08,0.06,0.99,61979.35,38075.597
600080.SH,20070205,3.27,3.34,3.25,3.3,3.27,0.03,0.92,35351.99,11664.214
600081.SH,20070205,4.26,4.4,4.26,4.35,4.29,0.06,1.4,26897.75,11635.226
600082.SH,20070205,7.69,7.69,7.14,7.24,7.14,0.1,1.4,26506.42,19362.543
600083.SH,20070205,2.96,3.06,2.9,3.03,2.97,0.06,2.02,40808.34,12199.952
600085.SH,20070205,20.87,21.1,20.66,20.73,21.05,-0.32,-1.52,36318.86,75547.72
600086.SH,20070205,8.8,9.15,8.59,8.87,8.56,0.31,3.62,79342.74,70332.729
600087.SH,20070205,7.51,8.13,7.51,8.13,7.39,0.74,10.01,217426.26,171712.529
600088.SH,20070205,16.06,16.78,15.91,16.34,16.16,0.18,1.11,19504.35,31875.845
600090.SH,20070205,4.93,5.22,4.93,5.18,4.97,0.21,4.23,41568.17,21434.807
600091.SH,20070205,4.92,5.06,4.9,4.99,4.84,0.15,3.1,77399.81,38639.608
600093.SH,20070205,2.54,2.6,2.51,2.56,2.53,0.03,1.19,45600.02,11659.986
600095.SH,20070205,3.66,3.8,3.66,3.76,3.66,0.1,2.73,39985.64,15031.834
600096.SH,20070205,16.31,16.75,16.11,16.21,16.42,-0.21,-1.28,49763.53,81619.169
600097.SH,20070205,6.19,6.58,5.84,6.45,6.29,0.16,2.54,46238.27,28689.774
600098.SH,20070205,7.49,7.65,7.4,7.5,7.52,-0.02,-0.27,74614.42,55985.067
600099.SH,20070205,4.15,4.31,4.15,4.29,4.21,0.08,1.9,28935.13,12291.758
600102.SH,20070205,9.61,9.96,9.56,9.59,9.72,-0.13,-1.34,65956.05,63935.905
600103.SH,20070205,3.8,3.82,3.41,3.41,3.79,-0.38,-10.03,449864.19,156606.172
600104.SH,20070205,8.85,9.49,8.65,9.01,9.01,0.0,0.0,283940.09,257177.722
600105.SH,20070205,5.3,5.6,5.3,5.47,5.3,0.17,3.21,121033.89,66353.939
600106.SH,20070205,7.32,7.6,7.2,7.4,7.32,0.08,1.09,42345.14,31437.245
600108.SH,20070205,3.16,3.18,3.05,3.09,3.19,-0.1,-3.13,415554.41,129180.385
600110.SH,20070205,9.71,9.99,9.6,9.72,9.81,-0.09,-0.92,58260.49,57231.926
600111.SH,20070205,13.0,13.46,12.91,13.25,13.1,0.15,1.15,37557.07,49741.491
600112.SH,20070205,4.45,4.67,4.45,4.64,4.48,0.16,3.57,20576.45,9455.392
600113.SH,20070205,5.91,6.29,5.91,6.27,5.95,0.32,5.38,25474.11,15627.058
600114.SH,20070205,5.85,5.97,5.8,5.87,5.85,0.02,0.34,16121.22,9445.327
600115.SH,20070205,3.5,3.7,3.45,3.57,3.57,0.0,0.0,79415.67,28280.139
600116.SH,20070205,4.61,4.7,4.48,4.57,4.61,-0.04,-0.87,14672.74,6701.038
600117.SH,20070205,4.85,5.13,4.85,5.04,4.83,0.21,4.35,252479.67,126748.01
600118.SH,20070205,21.72,23.0,21.72,22.4,21.75,0.65,2.99,15127.9,33576.631
600119.SH,20070205,3.85,4.06,3.83,4.0,3.86,0.14,3.63,89262.89,35467.606
600120.SH,20070205,3.93,4.09,3.93,4.04,3.92,0.12,3.06,86350.67,34848.321
600121.SH,20070205,4.72,4.84,4.7,4.74,4.72,0.02,0.42,67514.31,32128.608
600122.SH,20070205,9.28,9.48,9.16,9.32,9.37,-0.05,-0.53,37431.81,34881.877
600123.SH,20070205,19.42,19.76,19.1,19.51,19.34,0.17,0.88,45852.25,89446.889
600125.SH,20070205,9.36,9.8,9.3,9.72,9.22,0.5,5.42,131455.06,125713.699
600126.SH,20070205,4.72,4.79,4.69,4.71,4.75,-0.04,-0.84,40789.71,19323.766
600127.SH,20070205,4.08,4.3,4.08,4.2,4.04,0.16,3.96,330510.71,138146.058
600128.SH,20070205,5.3,5.48,5.26,5.32,5.3,0.02,0.38,41271.92,22117.85
600129.SH,20070205,7.29,7.45,7.25,7.32,7.29,0.03,0.41,28964.88,21264.831
600130.SH,20070205,4.27,4.54,4.26,4.53,4.27,0.26,6.09,322623.16,143055.348
600131.SH,20070205,4.7,4.9,4.67,4.89,4.72,0.17,3.6,43266.95,20734.386
600132.SH,20070205,32.99,33.2,32.01,32.86,32.84,0.02,0.06,14042.23,45854.983
600133.SH,20070205,6.28,6.57,6.28,6.57,6.26,0.31,4.95,54402.99,35271.951
600135.SH,20070205,7.25,7.4,6.98,6.99,7.35,-0.36,-4.9,32257.37,23173.738
600136.SH,20070205,3.53,3.68,3.53,3.64,3.59,0.05,1.39,9495.29,3449.351
600138.SH,20070205,15.31,16.32,15.31,16.04,15.59,0.45,2.89,37783.07,59963.628
600141.SH,20070205,7.98,8.11,7.94,8.08,8.0,0.08,1.0,11977.32,9621.563
600143.SH,20070205,50.0,52.17,48.61,51.6,50.82,0.78,1.53,3750.14,19194.641
600145.SH,20070205,4.72,4.72,4.72,4.72,4.29,0.43,10.02,34696.13,16376.573
600146.SH,20070205,5.16,5.71,5.02,5.71,5.19,0.52,10.02,85692.77,46415.659
600148.SH,20070205,4.94,5.11,4.92,5.08,4.96,0.12,2.42,11923.23,6028.009
600149.SH,20070205,4.42,4.5,4.23,4.39,4.34,0.05,1.15,141201.31,61704.183
600150.SH,20070205,66.81,66.81,66.81,66.81,60.74,6.07,9.99,16766.98,112020.193
600151.SH,20070205,10.6,11.0,10.41,10.87,10.59,0.28,2.64,131097.05,141547.222
600152.SH,20070205,4.33,4.43,4.26,4.28,4.36,-0.08,-1.83,24680.03,10667.881
600156.SH,20070205,4.61,4.76,4.43,4.44,4.69,-0.25,-5.33,89107.98,40664.979
600158.SH,20070205,15.5,16.58,15.5,15.86,16.11,-0.25,-1.55,39183.63,62674.588
600159.SH,20070205,5.61,5.79,5.48,5.7,5.6,0.1,1.79,35329.94,19800.362
600160.SH,20070205,5.79,5.94,5.72,5.94,5.73,0.21,3.66,56868.33,33343.251
600161.SH,20070205,28.01,28.9,28.01,28.52,28.52,0.0,0.0,7559.93,21564.316
600162.SH,20070205,5.95,6.14,5.8,6.04,5.8,0.24,4.14,91224.39,54514.281
600163.SH,20070205,4.22,4.24,4.0,4.04,4.21,-0.17,-4.04,39239.45,15943.426
600165.SH,20070205,3.5,3.59,3.46,3.58,3.53,0.05,1.42,23633.33,8372.835
600166.SH,20070205,4.56,4.7,4.49,4.68,4.56,0.12,2.63,89281.74,41117.918
600168.SH,20070205,4.23,4.34,4.19,4.27,4.22,0.05,1.18,24929.82,10647.285
600169.SH,20070205,9.78,10.1,9.7,10.02,9.76,0.26,2.66,36601.17,36398.705
600170.SH,20070205,5.99,6.12,5.96,6.04,5.99,0.05,0.83,49982.23,30261.013
600171.SH,20070205,6.6,6.98,6.6,6.89,6.58,0.31,4.71,124684.95,85300.464
600172.SH,20070205,6.1,6.28,6.06,6.15,5.96,0.19,3.19,144317.42,89052.007
600173.SH,20070205,3.9,3.9,3.9,3.9,3.71,0.19,5.12,406.5,158.535
600175.SH,20070205,5.4,5.74,5.38,5.71,5.46,0.25,4.58,19513.14,10819.419
600176.SH,20070205,8.56,9.06,8.54,8.93,8.55,0.38,4.44,55920.23,49433.384
600177.SH,20070205,10.5,10.66,10.0,10.23,10.58,-0.35,-3.31,202454.5,207568.729
600178.SH,20070205,5.07,5.41,5.01,5.4,5.13,0.27,5.26,107515.58,55705.073
600179.SH,20070205,3.65,3.83,3.65,3.8,3.68,0.12,3.26,43405.9,16226.301
600180.SH,20070205,5.84,5.99,5.8,5.93,5.83,0.1,1.72,33580.74,19847.185
600182.SH,20070205,4.55,4.74,4.48,4.7,4.54,0.16,3.52,83600.83,38586.625
600183.SH,20070205,9.72,10.0,9.68,9.81,9.79,0.02,0.2,69710.75,68596.169
600184.SH,20070205,13.2,13.74,13.17,13.59,13.21,0.38,2.88,15650.31,21186.156
600185.SH,20070205,3.75,3.92,3.75,3.87,3.75,0.12,3.2,30064.67,11595.749
600188.SH,20070205,7.88,8.07,7.83,7.92,7.91,0.01,0.13,92641.47,73847.85
600189.SH,20070205,8.27,8.43,8.17,8.36,8.32,0.04,0.48,42217.23,35060.235
600190.SH,20070205,4.77,4.89,4.75,4.86,4.78,0.08,1.67,48554.61,23507.197
600191.SH,20070205,11.2,11.24,10.04,10.05,11.16,-1.11,-9.95,143583.08,149091.432
600192.SH,20070205,8.19,8.49,8.16,8.2,8.16,0.04,0.49,43411.33,36288.722
600193.SH,20070205,5.43,5.65,5.17,5.3,5.54,-0.24,-4.33,67475.75,36465.316
600195.SH,20070205,13.62,15.1,13.6,14.07,13.81,0.26,1.88,81935.81,116340.79
600196.SH,20070205,7.1,7.2,7.0,7.18,7.1,0.08,1.13,137482.13,97667.424
600197.SH,20070205,6.62,6.85,6.45,6.78,6.63,0.15,2.26,76884.36,51677.473
600198.SH,20070205,15.25,16.18,15.25,16.16,15.16,1.0,6.6,75841.68,119084.255
600199.SH,20070205,4.45,4.56,4.26,4.55,4.48,0.07,1.56,72470.98,31718.18
600200.SH,20070205,4.03,4.13,4.01,4.08,4.03,0.05,1.24,138916.25,56524.694
600201.SH,20070205,6.8,7.28,6.72,7.15,6.76,0.39,5.77,61630.18,43161.602
600202.SH,20070205,7.76,8.01,7.73,7.86,7.79,0.07,0.9,25508.72,20067.184
600203.SH,20070205,4.24,4.24,3.9,3.94,4.0,-0.06,-1.5,134806.42,55120.101
600206.SH,20070205,16.0,16.65,15.5,16.52,15.93,0.59,3.7,24355.48,39691.578
600207.SH,20070205,3.18,3.3,3.17,3.26,3.18,0.08,2.52,120895.13,39347.314
600208.SH,20070205,7.45,7.56,7.29,7.35,7.53,-0.18,-2.39,41025.75,30432.528
600209.SH,20070205,2.86,2.92,2.78,2.87,2.93,-0.06,-2.05,132824.26,37625.764
600210.SH,20070205,3.55,3.78,3.53,3.73,3.54,0.19,5.37,478834.68,175977.765
600211.SH,20070205,17.1,17.38,16.41,16.56,17.26,-0.7,-4.06,8064.47,13640.217
600212.SH,20070205,3.2,3.23,3.14,3.2,3.17,0.03,0.95,72111.06,23086.569
600215.SH,20070205,6.2,6.28,6.07,6.07,6.2,-0.13,-2.1,88070.37,54503.674
600216.SH,20070205,4.71,4.85,4.7,4.77,4.73,0.04,0.85,33377.33,15997.702
600217.SH,20070205,2.45,2.54,2.44,2.52,2.47,0.05,2.02,79125.84,19822.096
600218.SH,20070205,3.71,3.78,3.64,3.76,3.73,0.03,0.8,33467.16,12435.497
600219.SH,20070205,9.45,9.47,9.1,9.29,9.45,-0.16,-1.69,106315.94,98783.808
600220.SH,20070205,5.31,5.55,5.26,5.41,5.38,0.03,0.56,191621.24,104070.5
600221.SH,20070205,4.17,4.2,4.08,4.15,4.2,-0.05,-1.19,118697.93,49154.168
600223.SH,20070205,2.79,2.85,2.77,2.83,2.82,0.01,0.35,50535.38,14260.127
600225.SH,20070205,1.96,2.08,1.96,2.08,1.98,0.1,5.05,45185.36,9334.13
600226.SH,20070205,5.85,5.9,5.71,5.83,5.9,-0.07,-1.19,38772.96,22544.513
600227.SH,20070205,13.46,13.81,12.59,12.69,13.43,-0.74,-5.51,61204.95,80979.445
600228.SH,20070205,3.38,3.52,3.36,3.48,3.38,0.1,2.96,38311.25,13250.965
600229.SH,20070205,4.7,4.75,4.62,4.67,4.69,-0.02,-0.43,21695.69,10160.95
600230.SH,20070205,10.9,12.36,10.75,12.36,11.24,1.12,9.96,90409.45,105548.18
600231.SH,20070205,5.99,6.05,5.88,5.98,5.97,0.01,0.17,74608.11,44543.93
600232.SH,20070205,9.45,9.58,8.63,8.73,9.58,-0.85,-8.87,46827.38,41863.676
600233.SH,20070205,4.76,4.89,4.76,4.86,4.79,0.07,1.46,19266.36,9323.88
600235.SH,20070205,4.6,4.72,4.55,4.7,4.65,0.05,1.08,50489.88,23496.889
600236.SH,20070205,7.14,7.26,6.96,7.05,7.12,-0.07,-0.98,45548.24,32258.507
600237.SH,20070205,3.88,4.04,3.86,3.98,3.86,0.12,3.11,47632.53,18878.32
600238.SH,20070205,9.2,9.8,9.2,9.5,9.5,0.0,0.0,66222.49,63286.08
600240.SH,20070205,7.08,7.42,7.08,7.24,7.07,0.17,2.4,30608.38,22345.928
600241.SH,20070205,6.88,7.16,6.71,7.14,6.95,0.19,2.73,26028.75,17950.156
600242.SH,20070205,1.62,1.7,1.61,1.69,1.63,0.06,3.68,31541.17,5277.191
600243.SH,20070205,5.23,5.52,5.14,5.41,5.21,0.2,3.84,127929.6,67750.482
600246.SH,20070205,27.35,28.47,27.15,27.74,27.45,0.29,1.06,7346.5,20501.602
600247.SH,20070205,4.07,4.16,3.96,4.09,4.05,0.04,0.99,114318.36,46808.394
600249.SH,20070205,12.44,12.75,12.11,12.16,12.54,-0.38,-3.03,30504.9,37519.985
600250.SH,20070205,5.06,5.18,4.9,4.91,5.06,-0.15,-2.96,22305.87,11253.762
600251.SH,20070205,20.36,20.36,20.36,20.36,18.51,1.85,9.99,10273.96,20917.783
600252.SH,20070205,6.0,6.18,5.8,5.89,6.0,-0.11,-1.83,30870.93,18335.738
600253.SH,20070205,3.84,3.96,3.84,3.93,3.83,0.1,2.61,31128.74,12156.287
600255.SH,20070205,11.56,11.99,11.51,11.75,11.57,0.18,1.56,24709.11,29100.002
600256.SH,20070205,6.14,6.26,6.12,6.2,6.17,0.03,0.49,53013.49,32841.239
600257.SH,20070205,5.72,5.8,5.3,5.68,5.76,-0.08,-1.39,60552.41,33978.626
600258.SH,20070205,17.28,17.9,17.28,17.62,17.35,0.27,1.56,12128.75,21318.57
600259.SH,20070205,2.16,2.21,2.16,2.18,2.16,0.02,0.93,18094.78,3954.049
600260.SH,20070205,8.39,8.69,8.38,8.49,8.36,0.13,1.56,59982.89,51323.127
600261.SH,20070205,14.1,14.84,14.1,14.8,14.13,0.67,4.74,28687.61,41909.757
600262.SH,20070205,9.56,10.12,9.56,9.96,9.84,0.12,1.22,14725.79,14681.901
600263.SH,20070205,7.47,7.75,7.47,7.58,7.49,0.09,1.2,28327.21,21607.03
600265.SH,20070205,4.89,5.0,4.81,4.96,4.92,0.04,0.81,14885.81,7318.491
600266.SH,20070205,10.2,10.55,10.2,10.39,10.02,0.37,3.69,69829.27,72629.214
600267.SH,20070205,6.27,6.42,6.24,6.39,6.27,0.12,1.91,37196.2,23578.417
600268.SH,20070205,11.0,11.48,10.94,11.29,11.13,0.16,1.44,14884.24,16754.952
600269.SH,20070205,9.3,9.49,8.7,8.94,9.37,-0.43,-4.59,170379.82,154613.663
600270.SH,20070205,9.18,9.4,9.14,9.25,9.21,0.04,0.43,70547.0,65437.279
600271.SH,20070205,48.21,48.93,47.0,48.48,48.26,0.22,0.46,2543.34,12282.336
600273.SH,20070205,3.45,3.55,3.43,3.48,3.45,0.03,0.87,35796.64,12466.281
600275.SH,20070205,3.53,3.66,3.49,3.6,3.56,0.04,1.12,57878.26,20783.205
600277.SH,20070205,6.38,6.57,6.28,6.43,6.38,0.05,0.78,28478.7,18301.147
600278.SH,20070205,6.36,6.51,6.2,6.35,6.35,0.0,0.0,39887.36,25232.289
600279.SH,20070205,5.7,5.87,5.68,5.71,5.73,-0.02,-0.35,17584.88,10113.432
600280.SH,20070205,15.2,16.17,15.01,15.99,15.2,0.79,5.2,13867.7,21677.443
600281.SH,20070205,3.85,4.0,3.85,3.95,3.84,0.11,2.86,36018.07,14196.872
600282.SH,20070205,4.44,4.48,4.32,4.38,4.45,-0.07,-1.57,70248.82,30857.097
600283.SH,20070205,5.68,5.68,5.36,5.37,5.7,-0.33,-5.79,65129.6,35841.21
600284.SH,20070205,5.9,6.11,5.87,6.01,5.89,0.12,2.04,25457.13,15267.238
600285.SH,20070205,7.2,7.4,7.12,7.27,7.21,0.06,0.83,9075.87,6611.121
600287.SH,20070205,4.27,4.47,4.18,4.27,4.26,0.01,0.23,57811.65,24937.967
600288.SH,20070205,5.36,5.7,5.26,5.66,5.24,0.42,8.02,142745.26,78717.315
600289.SH,20070205,15.9,16.1,15.64,16.0,15.81,0.19,1.2,14116.61,22446.962
600290.SH,20070205,23.98,24.45,22.52,22.98,24.89,-1.91,-7.67,27481.06,64520.996
600292.SH,20070205,5.05,5.18,4.97,5.07,5.13,-0.06,-1.17,44595.63,22598.086
600293.SH,20070205,3.19,3.3,3.19,3.3,3.2,0.1,3.13,61539.76,20101.19
600295.SH,20070205,5.46,5.65,5.45,5.57,5.46,0.11,2.01,29940.97,16627.437
600297.SH,20070205,6.61,6.8,6.61,6.72,6.68,0.04,0.6,9244.35,6202.749
600298.SH,20070205,22.64,23.2,22.02,22.82,22.64,0.18,0.8,4665.19,10675.572
600299.SH,20070205,24.9,25.3,23.5,24.53,25.14,-0.61,-2.43,9498.26,23451.602
600300.SH,20070205,6.55,6.58,6.18,6.21,6.57,-0.36,-5.48,180538.22,114509.071
600301.SH,20070205,5.02,5.25,5.02,5.2,4.99,0.21,4.21,32482.92,16761.559
600302.SH,20070205,6.12,6.24,6.03,6.14,6.12,0.02,0.33,38525.39,23580.649
600303.SH,20070205,8.85,9.25,8.8,9.09,8.88,0.21,2.36,31646.75,28774.43
600305.SH,20070205,16.39,17.12,16.2,17.06,16.39,0.67,4.09,23365.11,39450.634
600306.SH,20070205,5.13,5.34,5.05,5.24,5.16,0.08,1.55,25542.64,13380.27
600307.SH,20070205,5.16,5.25,5.1,5.19,5.18,0.01,0.19,73857.44,38133.699
600308.SH,20070205,12.85,13.09,12.57,12.63,12.85,-0.22,-1.71,75499.43,96206.312
600309.SH,20070205,31.1,33.2,30.8,32.67,32.08,0.59,1.84,29527.54,96466.433
600310.SH,20070205,13.0,13.5,12.81,13.38,12.97,0.41,3.16,31795.42,42026.468
600311.SH,20070205,3.41,3.51,3.4,3.48,3.45,0.03,0.87,38144.18,13221.64
600312.SH,20070205,16.68,16.85,16.4,16.42,16.73,-0.31,-1.85,15863.9,26288.721
600313.SH,20070205,4.11,4.49,4.11,4.44,4.28,0.16,3.74,28656.53,12443.679
600315.SH,20070205,27.4,28.2,26.52,27.78,28.19,-0.41,-1.45,11001.13,30130.299
600316.SH,20070205,21.44,22.54,21.0,22.22,21.45,0.77,3.59,59943.55,131716.867
600317.SH,20070205,10.95,11.89,10.95,11.72,10.91,0.81,7.42,170631.05,194829.798
600318.SH,20070205,6.98,7.19,6.98,7.19,6.85,0.34,4.96,40883.33,29206.201
600319.SH,20070205,5.4,5.59,5.35,5.55,5.45,0.1,1.83,17193.08,9482.406
600320.SH,20070205,12.79,13.65,12.71,13.29,12.91,0.38,2.94,362618.21,478434.561
600321.SH,20070205,5.66,5.84,5.6,5.74,5.66,0.08,1.41,23725.34,13610.891
600322.SH,20070205,5.68,5.85,5.65,5.78,5.7,0.08,1.4,74550.85,42947.684
600323.SH,20070205,9.2,9.35,9.2,9.24,9.2,0.04,0.43,22479.45,20824.455
600325.SH,20070205,11.1,11.24,10.76,11.2,11.04,0.16,1.45,18059.54,19875.944
600326.SH,20070205,8.25,8.88,8.25,8.66,8.3,0.36,4.34,30996.79,26699.856
600327.SH,20070205,8.71,9.13,8.7,8.99,8.7,0.29,3.33,19174.87,17190.351
600328.SH,20070205,5.65,5.71,5.38,5.42,5.71,-0.29,-5.08,97224.45,53569.413
600329.SH,20070205,5.61,5.77,5.54,5.65,5.61,0.04,0.71,19178.39,10799.202
600330.SH,20070205,7.03,7.35,7.02,7.3,7.1,0.2,2.82,44941.21,32604.489
600331.SH,20070205,18.05,18.57,17.61,18.23,18.28,-0.05,-0.27,93485.69,168714.051
600332.SH,20070205,11.7,12.19,11.61,11.89,11.84,0.05,0.42,22346.76,26592.523
600333.SH,20070205,5.02,5.33,4.98,5.32,5.03,0.29,5.77,105940.01,55187.117
600335.SH,20070205,5.49,5.57,5.31,5.46,5.55,-0.09,-1.62,15832.29,8629.042
600336.SH,20070205,5.2,5.2,4.72,4.76,5.24,-0.48,-9.16,91921.05,45383.456
600337.SH,20070205,13.5,14.18,13.2,13.7,13.44,0.26,1.93,12361.96,17021.677
600338.SH,20070205,5.3,5.57,5.3,5.55,5.32,0.23,4.32,6014.58,3297.553
600339.SH,20070205,5.15,5.36,5.11,5.29,5.09,0.2,3.93,78086.59,41094.07
600340.SH,20070205,3.89,4.01,3.83,3.98,3.86,0.12,3.11,27745.41,10954.622
600343.SH,20070205,14.72,15.98,14.5,15.73,14.58,1.15,7.89,64228.06,98842.53
600345.SH,20070205,8.67,9.18,8.53,9.02,8.5,0.52,6.12,108874.19,95990.098
600346.SH,20070205,5.19,5.25,5.05,5.22,5.07,0.15,2.96,19688.11,10162.389
600348.SH,20070205,17.71,18.35,17.5,18.02,17.82,0.2,1.12,54258.87,97394.974
600350.SH,20070205,5.3,5.4,5.02,5.05,5.38,-0.33,-6.13,149206.98,77400.296
600351.SH,20070205,5.82,5.99,5.7,5.9,5.82,0.08,1.37,18318.03,10679.577
600352.SH,20070205,5.96,6.4,5.95,6.26,5.9,0.36,6.1,188295.23,117355.748
600353.SH,20070205,5.35,5.47,5.33,5.45,5.37,0.08,1.49,10534.31,5697.986
600354.SH,20070205,6.45,6.79,6.44,6.7,6.49,0.21,3.24,104814.8,70086.703
600355.SH,20070205,4.55,4.65,4.53,4.59,4.55,0.04,0.88,16888.91,7753.704
600356.SH,20070205,7.29,7.48,7.29,7.35,7.33,0.02,0.27,9381.78,6923.872
600357.SH,20070205,5.71,5.94,5.62,5.91,5.76,0.15,2.6,211112.26,121544.457
600358.SH,20070205,4.8,4.98,4.7,4.95,4.81,0.14,2.91,82479.17,40004.285
600359.SH,20070205,4.51,4.68,4.5,4.56,4.49,0.07,1.56,44324.37,20355.259
600360.SH,20070205,18.6,19.4,18.6,18.95,18.83,0.12,0.64,13689.85,26055.947
600361.SH,20070205,22.5,22.79,22.18,22.51,22.66,-0.15,-0.66,10056.89,22672.734
600362.SH,20070205,13.48,13.64,13.28,13.32,13.64,-0.32,-2.35,111358.74,149498.692
600363.SH,20070205,6.07,6.56,6.07,6.32,5.96,0.36,6.04,254169.06,161441.214
600365.SH,20070205,8.33,8.54,8.18,8.52,8.32,0.2,2.4,16884.35,14103.438
600366.SH,20070205,6.04,6.27,5.8,6.18,6.14,0.04,0.65,65225.73,39501.998
600367.SH,20070205,6.0,6.16,5.98,6.06,6.01,0.05,0.83,37029.42,22476.683
600368.SH,20070205,3.95,4.02,3.92,3.99,3.95,0.04,1.01,16063.54,6397.887
600370.SH,20070205,4.59,4.72,4.56,4.67,4.64,0.03,0.65,23866.66,11101.916
600371.SH,20070205,13.5,13.6,13.26,13.5,13.49,0.01,0.07,15500.54,20890.531
600372.SH,20070205,3.74,4.1,3.65,4.05,3.77,0.28,7.43,111839.22,43554.11
600373.SH,20070205,4.09,4.27,4.09,4.26,4.14,0.12,2.9,21324.77,8943.502
600375.SH,20070205,5.3,5.5,5.18,5.38,5.31,0.07,1.32,46413.47,24817.103
600376.SH,20070205,6.06,6.3,6.06,6.26,6.16,0.1,1.62,19120.16,11818.244
600377.SH,20070205,5.8,5.86,5.72,5.78,5.8,-0.02,-0.34,43201.48,24941.954
600378.SH,20070205,4.98,5.14,4.9,5.09,4.86,0.23,4.73,155967.16,78515.707
600379.SH,20070205,11.0,11.15,10.88,10.98,10.94,0.04,0.37,4784.36,5250.546
600380.SH,20070205,8.02,8.02,6.76,6.87,7.29,-0.42,-5.76,208910.41,149031.547
600381.SH,20070205,2.75,2.85,2.75,2.78,2.82,-0.04,-1.42,48655.46,13568.056
600382.SH,20070205,12.01,12.3,11.18,11.26,12.42,-1.16,-9.34,62457.15,73577.371
600383.SH,20070205,14.6,14.86,13.9,14.6,14.81,-0.21,-1.42,49208.84,70844.582
600385.SH,20070205,2.67,2.89,2.66,2.85,2.8,0.05,1.79,17861.55,4887.111
600386.SH,20070205,8.74,9.01,8.65,8.82,8.88,-0.06,-0.68,24034.29,21254.563
600387.SH,20070205,6.45,6.53,6.31,6.43,6.48,-0.05,-0.77,21010.78,13427.045
600388.SH,20070205,12.12,12.5,12.05,12.46,11.98,0.48,4.01,27398.71,33868.313
600389.SH,20070205,5.15,5.32,5.15,5.28,5.2,0.08,1.54,12730.47,6701.3
600390.SH,20070205,9.0,9.25,8.86,9.12,9.01,0.11,1.22,27768.21,25172.922
600391.SH,20070205,12.33,13.2,12.33,12.89,12.33,0.56,4.54,23559.07,30195.121
600392.SH,20070205,11.06,11.51,11.01,11.42,11.06,0.36,3.26,19784.22,22481.473
600393.SH,20070205,4.54,4.81,4.54,4.7,4.54,0.16,3.52,38148.7,17990.783
600395.SH,20070205,4.87,4.98,4.85,4.94,4.85,0.09,1.86,27881.15,13723.643
600396.SH,20070205,9.08,9.96,9.08,9.55,9.12,0.43,4.71,110292.65,104327.214
600397.SH,20070205,4.0,4.4,3.97,4.4,4.0,0.4,10.0,98093.41,42136.888
600398.SH,20070205,6.42,6.58,6.38,6.49,6.41,0.08,1.25,79123.99,51395.848
600399.SH,20070205,4.68,4.88,4.62,4.68,4.7,-0.02,-0.43,99750.93,47399.917
600400.SH,20070205,3.55,3.64,3.51,3.61,3.55,0.06,1.69,47721.82,17186.961
600401.SH,20070205,4.48,4.63,4.42,4.61,4.41,0.2,4.54,179320.3,81599.009
600403.SH,20070205,7.02,7.28,7.0,7.15,7.05,0.1,1.42,19369.05,13839.466
600405.SH,20070205,9.2,9.34,8.7,8.77,9.29,-0.52,-5.6,33137.76,29542.329
600406.SH,20070205,26.47,27.08,25.58,26.02,26.47,-0.45,-1.7,8599.33,22635.358
600408.SH,20070205,5.76,6.08,5.76,6.03,5.79,0.24,4.15,96768.41,57925.09
600409.SH,20070205,4.91,5.03,4.9,5.03,4.88,0.15,3.07,73321.72,36516.399
600410.SH,20070205,29.5,30.48,28.88,29.57,29.79,-0.22,-0.74,3709.93,10939.234
600415.SH,20070205,74.78,77.2,74.02,75.3,75.31,-0.01,-0.01,7424.48,56499.136
600416.SH,20070205,16.89,17.25,16.28,16.77,16.92,-0.15,-0.89,28468.71,47109.421
600418.SH,20070205,6.61,7.04,6.6,6.9,6.7,0.2,2.99,255421.8,174798.914
600420.SH,20070205,7.12,7.28,6.98,7.15,7.14,0.01,0.14,29011.98,20625.738
600421.SH,20070205,4.35,4.55,4.33,4.52,4.33,0.19,4.39,36663.13,16425.169
600422.SH,20070205,4.47,4.66,4.42,4.59,4.5,0.09,2.0,150604.17,68700.131
600423.SH,20070205,13.99,14.33,13.8,14.29,14.13,0.16,1.13,19746.52,27767.502
600425.SH,20070205,6.0,6.2,6.0,6.2,5.64,0.56,9.93,80368.78,49763.322
600426.SH,20070205,13.75,14.0,13.54,13.89,13.62,0.27,1.98,39470.37,54243.979
600428.SH,20070205,14.1,14.24,13.54,13.71,14.29,-0.58,-4.06,66924.6,92442.676
600429.SH,20070205,3.61,3.76,3.59,3.76,3.58,0.18,5.03,38614.28,14389.067
600433.SH,20070205,5.84,6.04,5.82,6.0,5.84,0.16,2.74,42045.56,25103.837
600435.SH,20070205,7.23,7.59,7.12,7.55,7.32,0.23,3.14,63250.82,46743.621
600436.SH,20070205,28.28,29.0,27.48,28.01,28.4,-0.39,-1.37,9786.67,27652.966
600438.SH,20070205,15.27,15.98,15.27,15.82,14.98,0.84,5.61,46002.12,72266.7
600439.SH,20070205,22.81,23.35,22.33,22.93,22.64,0.29,1.28,6758.94,15417.436
600444.SH,20070205,7.52,8.1,7.52,7.88,7.54,0.34,4.51,33193.84,26164.992
600446.SH,20070205,13.5,13.51,13.1,13.2,13.06,0.14,1.07,42680.0,56504.848
600448.SH,20070205,3.09,3.18,3.09,3.13,3.12,0.01,0.32,52080.19,16356.685
600449.SH,20070205,5.6,5.85,5.6,5.74,5.68,0.06,1.06,14486.88,8342.793
600452.SH,20070205,5.53,5.65,5.48,5.58,5.53,0.05,0.9,22326.38,12435.702
600455.SH,20070205,9.15,9.41,9.11,9.26,9.26,0.0,0.0,10687.13,9889.319
600456.SH,20070205,36.0,36.0,34.6,34.79,36.16,-1.37,-3.79,26376.59,92762.577
600458.SH,20070205,16.35,16.77,14.98,15.66,16.16,-0.5,-3.09,29939.19,47204.984
600459.SH,20070205,22.5,22.95,22.31,22.77,22.74,0.03,0.13,16371.8,36973.304
600460.SH,20070205,10.4,10.9,10.38,10.71,10.48,0.23,2.19,48526.25,52003.547
600461.SH,20070205,5.58,5.74,5.58,5.7,5.59,0.11,1.97,16957.07,9630.579
600462.SH,20070205,6.11,6.11,6.11,6.11,5.82,0.29,4.98,8042.82,4914.163
600463.SH,20070205,7.65,7.83,7.63,7.76,7.64,0.12,1.57,11994.27,9287.366
600466.SH,20070205,4.05,4.21,4.0,4.17,4.07,0.1,2.46,58527.31,24228.803
600467.SH,20070205,8.88,9.41,8.84,9.3,9.04,0.26,2.88,65951.46,60744.036
600468.SH,20070205,5.62,5.73,5.52,5.61,5.6,0.01,0.18,27089.99,15245.298
600470.SH,20070205,8.62,9.07,8.61,9.05,8.67,0.38,4.38,61738.99,55252.526
600472.SH,20070205,10.8,11.0,10.68,10.83,10.71,0.12,1.12,44552.06,48284.939
600475.SH,20070205,11.55,11.75,11.35,11.66,11.63,0.03,0.26,24173.71,27948.555
600476.SH,20070205,8.3,8.52,8.25,8.46,8.2,0.26,3.17,20188.46,16998.676
600477.SH,20070205,3.81,3.95,3.8,3.91,3.86,0.05,1.3,35834.33,13958.834
600479.SH,20070205,16.38,18.16,16.2,17.03,16.51,0.52,3.15,10004.96,17536.429
600480.SH,20070205,4.65,4.74,4.6,4.68,4.57,0.11,2.41,45138.9,21112.995
600481.SH,20070205,10.41,10.95,10.41,10.81,10.47,0.34,3.25,21319.48,22933.059
600482.SH,20070205,10.53,10.92,10.5,10.68,10.52,0.16,1.52,48620.49,52214.698
600485.SH,20070205,14.09,14.31,13.0,14.3,13.8,0.5,3.62,17038.59,23837.472
600486.SH,20070205,11.25,11.63,11.22,11.51,11.31,0.2,1.77,5538.94,6338.786
600487.SH,20070205,13.21,13.45,13.0,13.33,13.06,0.27,2.07,15291.13,20246.844
600488.SH,20070205,4.55,4.64,4.52,4.6,4.54,0.06,1.32,42779.8,19608.798
600489.SH,20070205,20.88,21.23,19.78,19.8,21.65,-1.85,-8.55,100212.45,203479.393
600490.SH,20070205,6.88,6.99,6.86,6.94,6.89,0.05,0.73,9982.15,6917.598
600491.SH,20070205,7.28,7.58,7.22,7.4,7.36,0.04,0.54,40256.51,29935.441
600493.SH,20070205,4.75,4.89,4.71,4.88,4.77,0.11,2.31,17973.87,8673.913
600495.SH,20070205,21.84,22.0,20.5,21.24,21.89,-0.65,-2.97,13692.95,28946.267
600496.SH,20070205,7.62,7.88,7.62,7.69,7.71,-0.02,-0.26,20428.71,15796.929
600497.SH,20070205,69.97,71.48,65.71,67.91,72.28,-4.37,-6.05,55368.74,380705.487
600498.SH,20070205,9.12,9.48,9.1,9.39,9.07,0.32,3.53,93654.08,87311.466
600499.SH,20070205,9.32,9.5,9.03,9.28,9.34,-0.06,-0.64,13025.14,12109.263
600500.SH,20070205,7.9,8.25,7.75,8.13,7.89,0.24,3.04,103824.36,82962.235
600501.SH,20070205,16.7,17.6,16.5,16.73,16.74,-0.01,-0.06,154842.38,264077.956
600502.SH,20070205,5.37,5.6,5.33,5.48,5.37,0.11,2.05,53582.64,29510.082
600503.SH,20070205,5.38,5.62,5.29,5.35,5.39,-0.04,-0.74,13473.29,7362.741
600505.SH,20070205,4.64,4.64,4.64,4.64,4.42,0.22,4.98,438.5,203.464
600506.SH,20070205,4.2,4.64,4.19,4.64,4.22,0.42,9.95,65839.27,30130.285
600508.SH,20070205,8.39,8.59,8.36,8.47,8.38,0.09,1.07,93569.69,79178.076
600509.SH,20070205,16.01,17.2,15.6,16.33,15.99,0.34,2.13,45760.65,74405.104
600510.SH,20070205,5.25,5.72,5.22,5.72,5.2,0.52,10.0,204684.36,111508.306
600511.SH,20070205,22.88,24.03,22.2,24.0,23.34,0.66,2.83,14412.61,33917.5
600512.SH,20070205,4.55,4.58,4.4,4.5,4.5,0.0,0.0,56378.06,25335.896
600513.SH,20070205,8.8,9.23,8.58,9.12,8.68,0.44,5.07,14744.75,13255.008
600516.SH,20070205,4.01,4.15,3.96,4.07,4.04,0.03,0.74,48265.16,19441.175
600517.SH,20070205,17.84,18.12,17.55,17.97,17.84,0.13,0.73,14532.49,26035.888
600518.SH,20070205,14.3,15.08,14.3,15.02,14.37,0.65,4.52,42703.9,63297.702
600519.SH,20070205,100.99,101.0,96.72,97.0,101.0,-4.0,-3.96,19837.99,194534.21
600520.SH,20070205,4.98,5.22,4.95,5.18,4.93,0.25,5.07,38852.22,19944.391
600521.SH,20070205,14.84,15.27,14.7,15.07,14.7,0.37,2.52,15822.56,23800.694
600522.SH,20070205,5.36,5.64,5.36,5.51,5.39,0.12,2.23,60526.75,33357.615
600523.SH,20070205,11.77,12.5,11.7,12.5,11.36,1.14,10.04,191197.6,232818.234
600525.SH,20070205,36.0,37.48,36.0,37.21,37.13,0.08,0.22,2628.5,9689.566
600526.SH,20070205,6.4,6.58,6.38,6.54,6.4,0.14,2.19,10848.98,7049.185
600527.SH,20070205,7.72,8.51,7.66,8.5,7.98,0.52,6.52,35603.91,29467.464
600528.SH,20070205,10.74,11.05,9.64,9.77,10.71,-0.94,-8.78,172710.77,176024.471
600529.SH,20070205,10.92,11.52,10.81,11.04,11.0,0.04,0.36,32631.06,36145.399
600530.SH,20070205,6.44,6.69,6.35,6.62,6.37,0.25,3.92,39504.93,25886.216
600531.SH,20070205,8.29,8.52,8.29,8.41,8.43,-0.02,-0.24,47721.76,40046.812
600532.SH,20070205,4.67,5.06,4.65,4.97,4.64,0.33,7.11,72543.02,35312.919
600533.SH,20070205,10.29,10.29,10.0,10.1,10.29,-0.19,-1.85,39662.49,40214.019
600535.SH,20070205,21.07,21.75,21.05,21.29,21.39,-0.1,-0.47,14481.6,31001.677
600536.SH,20070205,14.3,14.7,14.3,14.55,14.37,0.18,1.25,6619.15,9599.587
600537.SH,20070205,3.78,3.85,3.73,3.81,3.77,0.04,1.06,25359.61,9620.742
600538.SH,20070205,3.52,3.52,3.27,3.32,3.2,0.12,3.75,111015.86,37736.545
600539.SH,20070205,4.94,4.94,4.94,4.94,4.7,0.24,5.11,2350.5,1161.147
600540.SH,20070205,5.39,5.64,5.39,5.61,5.47,0.14,2.56,22643.49,12582.648
600543.SH,20070205,7.12,7.5,7.08,7.43,7.08,0.35,4.94,33893.1,24824.785
600545.SH,20070205,4.69,4.79,4.68,4.79,4.69,0.1,2.13,18562.19,8789.606
600546.SH,20070205,5.85,6.07,5.83,5.98,5.88,0.1,1.7,50032.88,29907.559
600548.SH,20070205,6.6,6.6,6.31,6.36,6.63,-0.27,-4.07,37024.83,23815.419
600549.SH,20070205,21.96,22.0,20.6,20.86,22.44,-1.58,-7.04,32510.99,69598.816
600551.SH,20070205,7.22,7.35,7.0,7.24,7.12,0.12,1.69,12033.51,8677.733
600552.SH,20070205,4.1,4.53,4.08,4.53,4.12,0.41,9.95,123617.24,55062.672
600553.SH,20070205,4.22,4.42,4.2,4.3,4.22,0.08,1.9,79474.71,34324.578
600555.SH,20070205,7.26,7.33,6.97,7.08,7.3,-0.22,-3.01,46310.35,33029.843
600556.SH,20070205,3.32,3.39,3.3,3.38,3.33,0.05,1.5,42044.92,14120.335
600557.SH,20070205,11.85,12.7,11.65,12.61,11.91,0.7,5.88,14550.63,17804.891
600558.SH,20070205,7.51,7.84,7.48,7.8,7.5,0.3,4.0,17231.38,13267.004
600559.SH,20070205,5.08,5.23,5.08,5.16,5.11,0.05,0.98,14289.19,7366.611
600560.SH,20070205,9.11,9.67,9.08,9.52,9.1,0.42,4.62,32259.78,30457.308
600561.SH,20070205,7.41,7.68,7.29,7.66,7.45,0.21,2.82,26795.14,20071.757
600562.SH,20070205,5.9,6.1,5.86,6.0,5.92,0.08,1.35,7964.65,4774.486
600563.SH,20070205,14.55,15.3,14.5,14.8,14.65,0.15,1.02,5996.18,8830.876
600565.SH,20070205,7.48,7.78,7.48,7.66,7.54,0.12,1.59,12555.94,9599.145
600566.SH,20070205,6.3,6.36,6.07,6.11,6.34,-0.23,-3.63,56903.42,35196.913
600567.SH,20070205,3.83,4.03,3.83,3.92,3.89,0.03,0.77,117040.78,46259.688
600568.SH,20070205,4.4,4.94,4.4,4.94,4.49,0.45,10.02,149799.22,71217.241
600569.SH,20070205,3.33,3.44,3.28,3.38,3.38,0.0,0.0,280246.11,93802.022
600570.SH,20070205,12.5,12.9,12.48,12.71,12.5,0.21,1.68,13760.56,17513.505
600571.SH,20070205,4.47,4.67,4.47,4.58,4.5,0.08,1.78,23991.38,11026.977
600572.SH,20070205,9.8,10.09,9.8,9.96,9.82,0.14,1.43,9380.22,9304.351
600573.SH,20070205,6.35,6.55,6.35,6.47,6.37,0.1,1.57,20735.97,13400.982
600575.SH,20070205,7.26,7.43,7.26,7.39,7.26,0.13,1.79,11577.17,8490.863
600576.SH,20070205,8.2,8.39,7.79,7.79,8.2,-0.41,-5.0,20646.62,16455.491
600577.SH,20070205,8.07,8.36,8.07,8.19,8.06,0.13,1.61,16269.83,13357.817
600578.SH,20070205,5.82,5.94,5.78,5.86,5.81,0.05,0.86,30256.45,17705.543
600579.SH,20070205,3.66,3.94,3.55,3.92,3.63,0.29,7.99,67070.19,25512.973
600580.SH,20070205,9.4,9.92,9.36,9.76,9.3,0.46,4.95,46135.08,44833.763
600581.SH,20070205,4.93,4.95,4.69,4.73,4.93,-0.2,-4.06,68212.93,32610.996
600582.SH,20070205,36.0,36.2,35.21,35.81,35.98,-0.17,-0.47,2641.55,9452.212
600583.SH,20070205,34.43,34.97,33.0,34.9,34.45,0.45,1.31,13909.21,47225.788
600584.SH,20070205,12.64,13.46,12.35,12.99,12.59,0.4,3.18,89047.12,116157.482
600585.SH,20070205,30.1,30.9,28.9,29.51,31.08,-1.57,-5.05,25243.64,75213.559
600586.SH,20070205,8.29,9.13,8.25,8.94,8.3,0.64,7.71,97959.49,86581.37
600587.SH,20070205,12.0,12.95,12.0,12.62,11.82,0.8,6.77,18769.59,23539.209
600588.SH,20070205,38.2,38.93,36.5,38.24,38.2,0.04,0.1,6851.22,26015.151
600589.SH,20070205,9.61,10.09,9.61,10.0,9.73,0.27,2.77,12347.55,12168.876
600590.SH,20070205,12.45,13.03,12.43,12.86,12.3,0.56,4.55,44238.03,56659.608
600591.SH,20070205,3.86,3.96,3.8,3.88,3.93,-0.05,-1.27,127960.93,49529.19
600592.SH,20070205,13.0,13.38,12.93,13.17,13.11,0.06,0.46,10642.03,13991.464
600593.SH,20070205,5.39,5.5,5.35,5.49,5.41,0.08,1.48,10709.55,5809.59
600594.SH,20070205,8.56,8.69,8.52,8.67,8.57,0.1,1.17,14048.9,12118.196
600595.SH,20070205,10.99,11.28,10.9,10.99,10.87,0.12,1.1,48887.99,54241.074
600596.SH,20070205,28.6,30.1,27.5,29.98,29.17,0.81,2.78,16163.69,46686.527
600597.SH,20070205,7.18,7.3,7.12,7.23,7.24,-0.01,-0.14,58470.11,42215.495
600598.SH,20070205,6.82,6.99,6.71,6.87,6.81,0.06,0.88,139309.75,95829.855
600599.SH,20070205,7.93,8.25,7.92,8.19,7.81,0.38,4.87,49540.24,40375.422
600600.SH,20070205,15.51,16.6,15.5,15.92,15.91,0.01,0.06,46827.86,75697.578
600601.SH,20070205,5.23,5.34,5.17,5.28,5.25,0.03,0.57,304814.97,160514.362
600602.SH,20070205,3.82,3.97,3.8,3.93,3.84,0.09,2.34,117643.7,45856.41
600603.SH,20070205,2.73,2.82,2.73,2.77,2.73,0.04,1.47,38309.04,10654.415
600604.SH,20070205,4.09,4.3,3.92,4.2,4.11,0.09,2.19,64443.21,26560.781
600605.SH,20070205,9.18,9.4,9.1,9.3,9.18,0.12,1.31,9915.04,9165.46
600606.SH,20070205,7.94,8.11,7.77,8.06,7.96,0.1,1.26,58096.75,46067.046
600607.SH,20070205,10.1,10.4,9.95,10.22,10.15,0.07,0.69,65618.7,66931.928
600609.SH,20070205,2.87,2.99,2.82,2.99,2.85,0.14,4.91,164515.99,48323.276
600611.SH,20070205,8.38,8.5,8.21,8.28,8.42,-0.14,-1.66,78816.81,65418.027
600612.SH,20070205,11.0,11.24,10.82,10.85,11.15,-0.3,-2.69,6527.87,7189.116
600613.SH,20070205,11.93,14.58,11.93,13.87,13.26,0.61,4.6,25162.49,34641.636
600614.SH,20070205,5.97,6.19,5.97,6.11,6.01,0.1,1.66,4286.6,2613.305
600616.SH,20070205,18.7,19.58,18.0,18.5,20.0,-1.5,-7.5,80515.21,149723.21
600617.SH,20070205,7.36,7.59,6.4,6.43,6.99,-0.56,-8.01,19563.69,13632.744
600618.SH,20070205,5.65,5.82,5.41,5.43,5.71,-0.28,-4.9,68712.09,38694.071
600619.SH,20070205,6.1,6.28,6.0,6.24,6.12,0.12,1.96,22497.44,13978.817
600620.SH,20070205,4.8,4.88,4.62,4.72,4.96,-0.24,-4.84,116755.34,55347.212
600621.SH,20070205,5.02,5.53,4.96,5.4,5.03,0.37,7.36,469372.05,252012.358
600622.SH,20070205,5.13,5.36,5.13,5.24,5.18,0.06,1.16,29315.22,15395.355
600623.SH,20070205,6.9,7.1,6.81,7.03,7.01,0.02,0.29,12268.99,8510.872
600624.SH,20070205,4.28,4.48,4.28,4.35,4.27,0.08,1.87,67785.96,29626.77
600626.SH,20070205,4.3,4.45,4.25,4.39,4.33,0.06,1.39,99218.39,43557.731
600627.SH,20070205,21.5,22.29,19.88,20.14,21.68,-1.54,-7.1,32587.25,67666.347
600628.SH,20070205,12.2,12.92,12.2,12.78,12.42,0.36,2.9,27588.63,34938.586
600630.SH,20070205,4.33,4.55,4.31,4.51,4.31,0.2,4.64,75323.79,33617.427
600631.SH,20070205,12.3,12.58,12.03,12.2,12.36,-0.16,-1.29,61369.21,75848.29
600633.SH,20070205,9.58,9.94,9.08,9.1,9.52,-0.42,-4.41,19849.98,18663.625
600634.SH,20070205,5.98,6.16,5.84,6.13,5.89,0.24,4.07,23238.28,14032.97
600635.SH,20070205,4.49,4.6,4.48,4.56,4.48,0.08,1.79,121229.09,55101.529
600636.SH,20070205,9.6,9.88,9.47,9.5,9.64,-0.14,-1.45,64613.3,61843.428
600637.SH,20070205,4.78,5.12,4.7,5.06,4.83,0.23,4.76,182409.6,91350.607
600638.SH,20070205,7.86,8.61,7.86,8.61,7.83,0.78,9.96,149304.49,122178.927
600639.SH,20070205,13.3,13.3,12.8,12.81,13.4,-0.59,-4.4,26540.52,34456.184
600640.SH,20070205,17.51,17.97,15.96,15.96,17.73,-1.77,-9.98,44258.47,75117.498
600641.SH,20070205,7.6,7.82,7.5,7.72,7.61,0.11,1.45,54134.7,41707.31
600642.SH,20070205,8.37,8.47,8.21,8.23,8.4,-0.17,-2.02,308718.82,256701.835
600643.SH,20070205,10.2,10.34,9.84,9.85,10.28,-0.43,-4.18,69009.34,69158.926
600644.SH,20070205,4.68,4.75,4.56,4.67,4.7,-0.03,-0.64,72159.22,33612.897
600647.SH,20070205,10.46,11.2,10.4,11.1,10.5,0.6,5.71,11436.85,12539.93
600648.SH,20070205,7.18,7.34,7.08,7.21,7.14,0.07,0.98,15133.07,10914.655
600649.SH,20070205,6.48,6.64,6.45,6.54,6.5,0.04,0.62,108987.76,71439.929
600650.SH,20070205,10.45,10.66,10.2,10.28,10.45,-0.17,-1.63,10757.81,11105.175
600651.SH,20070205,8.18,8.6,8.16,8.59,8.21,0.38,4.63,153802.18,129407.629
600652.SH,20070205,5.26,5.4,5.13,5.22,5.15,0.07,1.36,107969.53,56725.568
600653.SH,20070205,3.3,3.44,3.23,3.39,3.33,0.06,1.8,356692.54,118602.127
600654.SH,20070205,3.06,3.25,3.03,3.24,3.06,0.18,5.88,367174.74,116589.103
600655.SH,20070205,13.24,14.03,13.21,13.85,13.4,0.45,3.36,53709.41,73788.588
600656.SH,20070205,2.99,3.03,2.85,2.85,3.0,-0.15,-5.0,52113.48,15102.162
600657.SH,20070205,3.42,3.57,3.38,3.5,3.44,0.06,1.74,120423.28,42227.694
600658.SH,20070205,4.0,4.36,4.0,4.2,4.0,0.2,5.0,93657.38,39448.623
600660.SH,20070205,15.03,15.3,14.6,15.2,15.32,-0.12,-0.78,49079.54,73595.559
600661.SH,20070205,8.96,9.17,8.83,8.99,8.95,0.04,0.45,10748.15,9688.172
600662.SH,20070205,5.05,5.35,5.05,5.22,4.99,0.23,4.61,223177.13,116350.234
600663.SH,20070205,15.04,15.18,14.6,14.99,15.2,-0.21,-1.38,59060.9,87830.109
600664.SH,20070205,8.99,9.26,8.99,8.99,9.46,-0.47,-4.97,12025.56,10863.308
600665.SH,20070205,3.9,4.03,3.89,3.95,3.92,0.03,0.77,32775.07,12983.922
600666.SH,20070205,5.08,5.22,5.04,5.12,5.11,0.01,0.2,26437.55,13513.534
600667.SH,20070205,4.02,4.24,3.99,4.14,4.0,0.14,3.5,54842.03,22502.86
600668.SH,20070205,4.67,4.75,4.4,4.65,4.7,-0.05,-1.06,90771.13,42011.241
600671.SH,20070205,5.84,5.86,5.66,5.68,5.8,-0.12,-2.07,24665.44,14212.926
600673.SH,20070205,9.24,9.7,9.05,9.4,9.22,0.18,1.95,16816.9,15806.045
600674.SH,20070205,5.0,5.29,4.94,5.18,4.97,0.21,4.23,79004.16,40677.786
600675.SH,20070205,9.1,9.36,9.06,9.25,9.02,0.23,2.55,208607.85,191627.014
600676.SH,20070205,5.41,5.8,5.41,5.56,5.39,0.17,3.15,284835.77,160618.356
600677.SH,20070205,6.61,6.76,6.59,6.67,6.54,0.13,1.99,90808.95,60603.293
600678.SH,20070205,3.54,3.79,3.53,3.67,3.53,0.14,3.97,67074.42,24591.148
600679.SH,20070205,7.39,8.15,7.2,8.06,7.5,0.56,7.47,23235.53,18176.361
600680.SH,20070205,9.75,9.9,9.4,9.58,9.7,-0.12,-1.24,18156.51,17478.81
600682.SH,20070205,14.31,14.58,13.77,13.77,14.49,-0.72,-4.97,15645.16,21699.227
600683.SH,20070205,4.49,4.55,4.42,4.49,4.49,0.0,0.0,30107.43,13578.223
600684.SH,20070205,5.43,5.5,5.35,5.45,5.43,0.02,0.37,21713.59,11763.079
600685.SH,20070205,22.01,23.48,22.0,22.7,22.9,-0.2,-0.87,24142.38,54730.72
600686.SH,20070205,14.44,15.18,13.91,15.03,14.44,0.59,4.09,70442.01,100554.3
600687.SH,20070205,4.91,5.08,4.91,5.02,4.87,0.15,3.08,15695.46,7879.162
600688.SH,20070205,6.58,6.59,6.38,6.43,6.6,-0.17,-2.58,121683.37,78571.656
600689.SH,20070205,4.01,4.39,4.01,4.29,4.05,0.24,5.93,66960.45,28324.604
600690.SH,20070205,9.2,9.35,8.8,9.08,9.29,-0.21,-2.26,147486.58,133474.456
600692.SH,20070205,4.46,4.58,4.43,4.48,4.43,0.05,1.13,50219.32,22616.749
600693.SH,20070205,17.08,18.98,16.31,18.98,17.26,1.72,9.97,33398.88,58100.987
600694.SH,20070205,39.81,39.85,38.0,39.2,40.15,-0.95,-2.37,6856.1,26831.067
600695.SH,20070205,4.68,4.72,4.58,4.59,4.82,-0.23,-4.77,12189.12,5647.937
600696.SH,20070205,2.98,3.06,2.95,3.02,2.98,0.04,1.34,35790.89,10810.403
600697.SH,20070205,12.15,12.36,11.9,12.35,12.26,0.09,0.73,11159.16,13536.007
600699.SH,20070205,2.83,3.02,2.77,2.98,2.78,0.2,7.19,215724.2,62626.297
600702.SH,20070205,6.33,6.56,6.18,6.53,6.34,0.19,3.0,80986.13,51708.262
600703.SH,20070205,2.09,2.22,2.03,2.19,2.12,0.07,3.3,26002.47,5494.272
600704.SH,20070205,6.0,6.3,5.87,6.18,6.03,0.15,2.49,114150.83,70209.193
600705.SH,20070205,1.79,1.84,1.78,1.84,1.8,0.04,2.22,127139.68,23097.004
600706.SH,20070205,4.79,4.96,4.73,4.92,4.73,0.19,4.02,21719.28,10556.329
600707.SH,20070205,4.04,4.15,3.92,4.06,3.9,0.16,4.1,214225.45,86667.969
600708.SH,20070205,6.3,6.49,6.01,6.2,6.34,-0.14,-2.21,106170.74,66708.174
600710.SH,20070205,4.85,5.01,4.81,4.97,4.89,0.08,1.64,50525.87,24929.17
600711.SH,20070205,5.99,6.06,5.72,5.9,5.99,-0.09,-1.5,8225.99,4839.23
600712.SH,20070205,6.85,6.89,6.52,6.77,6.85,-0.08,-1.17,29478.67,19775.793
600713.SH,20070205,8.33,9.14,8.3,9.14,8.31,0.83,9.99,65803.56,58892.116
600714.SH,20070205,5.96,6.3,5.91,6.17,6.0,0.17,2.83,29195.63,18067.184
600715.SH,20070205,2.97,3.04,2.91,3.01,2.95,0.06,2.03,56950.17,16986.466
600716.SH,20070205,3.03,3.06,2.88,2.95,3.01,-0.06,-1.99,122464.21,36152.784
600717.SH,20070205,10.65,10.86,10.5,10.74,10.65,0.09,0.85,118156.13,126389.805
600718.SH,20070205,32.68,33.67,32.5,33.6,32.9,0.7,2.13,16062.69,53618.091
600719.SH,20070205,4.76,4.83,4.66,4.79,4.76,0.03,0.63,20991.25,9955.187
600720.SH,20070205,4.68,4.96,4.54,4.89,4.65,0.24,5.16,172325.28,82518.913
600722.SH,20070205,2.35,2.44,2.35,2.41,2.39,0.02,0.84,25453.22,6108.944
600723.SH,20070205,5.9,6.29,5.88,6.22,6.02,0.2,3.32,112536.51,68649.074
600724.SH,20070205,4.5,4.64,4.45,4.57,4.55,0.02,0.44,62714.95,28465.03
600725.SH,20070205,8.84,9.19,8.8,9.06,8.94,0.12,1.34,17835.91,16100.669
600726.SH,20070205,3.64,3.75,3.62,3.68,3.67,0.01,0.27,129911.18,47986.519
600727.SH,20070205,4.75,4.88,4.75,4.81,4.76,0.05,1.05,37796.53,18185.807
600728.SH,20070205,3.92,4.1,3.92,4.1,3.9,0.2,5.13,42548.31,17303.387
600729.SH,20070205,18.6,19.25,17.5,19.06,19.31,-0.25,-1.29,2602.79,4923.037
600730.SH,20070205,5.05,5.22,5.04,5.1,5.09,0.01,0.2,38518.47,19724.488
600731.SH,20070205,4.31,4.71,4.31,4.71,4.28,0.43,10.05,107746.93,48961.466
600732.SH,20070205,5.23,5.34,5.17,5.3,5.23,0.07,1.34,22420.73,11801.01
600734.SH,20070205,2.01,2.07,2.0,2.04,2.01,0.03,1.49,33306.74,6739.483
600735.SH,20070205,3.94,4.02,3.88,3.96,3.97,-0.01,-0.25,18514.77,7314.843
600736.SH,20070205,6.48,6.73,6.39,6.71,6.53,0.18,2.76,46884.06,30940.652
600737.SH,20070205,10.5,10.71,9.8,10.03,10.2,-0.17,-1.67,93554.3,96014.621
600738.SH,20070205,4.68,4.86,4.66,4.84,4.71,0.13,2.76,57015.71,27230.523
600739.SH,20070205,21.9,22.2,20.8,21.35,22.28,-0.93,-4.17,67529.46,143522.914
600740.SH,20070205,11.12,11.12,10.66,10.91,10.99,-0.08,-0.73,52209.16,57171.754
600741.SH,20070205,4.6,4.65,4.5,4.63,4.41,0.22,4.99,238277.2,109533.166
600742.SH,20070205,4.35,4.53,4.35,4.47,4.34,0.13,3.0,41389.36,18436.767
600744.SH,20070205,3.95,4.05,3.86,3.88,3.95,-0.07,-1.77,73884.53,29014.757
600745.SH,20070205,2.23,2.32,2.2,2.3,2.22,0.08,3.6,23232.95,5300.557
600746.SH,20070205,3.81,4.05,3.8,4.04,3.73,0.31,8.31,152942.22,59950.955
600747.SH,20070205,3.3,3.47,3.27,3.44,3.32,0.12,3.61,233954.1,79551.102
600748.SH,20070205,10.23,10.5,10.22,10.38,10.23,0.15,1.47,68003.28,70482.638
600749.SH,20070205,9.24,9.54,9.22,9.36,9.28,0.08,0.86,10669.7,9985.829
600750.SH,20070205,16.71,17.71,16.58,17.02,17.28,-0.26,-1.5,2706.55,4618.667
600751.SH,20070205,4.9,5.04,4.85,4.98,4.9,0.08,1.63,11642.0,5785.732
600753.SH,20070205,4.1,4.23,4.1,4.11,4.18,-0.07,-1.67,9089.65,3773.858
600754.SH,20070205,14.21,14.53,13.9,14.02,14.54,-0.52,-3.58,28140.53,39895.576
600755.SH,20070205,8.18,8.4,8.04,8.22,8.24,-0.02,-0.24,78675.2,64976.565
600756.SH,20070205,8.31,9.13,8.31,8.55,8.3,0.25,3.01,40564.15,34868.877
600760.SH,20070205,2.24,2.31,2.21,2.29,2.24,0.05,2.23,34135.97,7771.375
600761.SH,20070205,23.7,23.7,23.0,23.18,24.03,-0.85,-3.54,13646.02,31837.63
600764.SH,20070205,5.62,5.77,5.5,5.74,5.56,0.18,3.24,39519.65,22478.965
600765.SH,20070205,14.72,15.65,14.6,15.56,14.52,1.04,7.16,21967.7,33211.784
600766.SH,20070205,4.86,5.1,4.86,5.1,4.86,0.24,4.94,20278.13,10284.931
600767.SH,20070205,3.85,3.96,3.85,3.91,3.9,0.01,0.26,11216.85,4380.052
600768.SH,20070205,6.46,6.61,6.44,6.59,6.42,0.17,2.65,35862.92,23420.24
600769.SH,20070205,4.45,4.47,4.12,4.36,4.55,-0.19,-4.18,73254.44,31834.429
600770.SH,20070205,12.79,13.25,12.73,12.94,12.89,0.05,0.39,35125.38,45703.93
600771.SH,20070205,8.12,8.35,8.12,8.22,8.09,0.13,1.61,14009.93,11533.864
600774.SH,20070205,5.02,5.14,5.02,5.1,5.07,0.03,0.59,21793.34,11086.61
600775.SH,20070205,6.64,7.23,6.62,7.02,6.66,0.36,5.41,60337.1,42127.657
600776.SH,20070205,5.13,5.31,5.05,5.28,5.13,0.15,2.92,145868.94,76153.497
600777.SH,20070205,4.24,4.36,4.22,4.3,4.26,0.04,0.94,60413.72,25964.327
600778.SH,20070205,3.4,3.51,3.37,3.47,3.43,0.04,1.17,38238.35,13182.316
600779.SH,20070205,13.35,13.76,12.98,13.39,13.37,0.02,0.15,83342.44,111571.29
600780.SH,20070205,3.6,3.67,3.58,3.63,3.6,0.03,0.83,108115.58,39312.529
600781.SH,20070205,5.06,5.15,4.99,5.05,5.08,-0.03,-0.59,13837.12,7017.02
600782.SH,20070205,4.68,4.81,4.66,4.77,4.68,0.09,1.92,16265.11,7726.501
600783.SH,20070205,4.48,4.55,4.32,4.38,4.49,-0.11,-2.45,32320.75,14335.618
600784.SH,20070205,7.48,7.67,6.73,6.73,7.48,-0.75,-10.03,146990.78,103341.309
600785.SH,20070205,12.63,13.14,12.5,12.97,12.66,0.31,2.45,17975.18,23119.157
600787.SH,20070205,7.9,8.12,7.86,7.99,7.98,0.01,0.13,70729.73,56493.649
600789.SH,20070205,3.28,3.37,3.26,3.3,3.32,-0.02,-0.6,103071.76,34140.447
600790.SH,20070205,7.28,7.6,7.18,7.45,7.29,0.16,2.19,78342.13,58340.631
600791.SH,20070205,6.35,6.48,6.3,6.4,6.39,0.01,0.16,15479.51,9870.712
600792.SH,20070205,5.35,5.45,5.3,5.42,5.37,0.05,0.93,11466.24,6176.848
600793.SH,20070205,5.09,5.29,5.09,5.2,5.19,0.01,0.19,9935.96,5171.131
600794.SH,20070205,4.85,5.02,4.85,4.96,4.86,0.1,2.06,11822.6,5851.03
600796.SH,20070205,5.02,5.08,4.8,4.97,5.0,-0.03,-0.6,126665.57,62458.527
600797.SH,20070205,7.16,7.3,6.91,7.18,7.18,0.0,0.0,157646.1,112172.136
600798.SH,20070205,4.8,4.86,4.75,4.78,4.8,-0.02,-0.42,33297.81,15995.759
600801.SH,20070205,10.49,10.89,10.48,10.66,10.53,0.13,1.23,13719.88,14681.014
600802.SH,20070205,5.8,5.8,5.39,5.39,5.99,-0.6,-10.02,35095.31,18943.607
600803.SH,20070205,4.33,4.48,4.32,4.42,4.33,0.09,2.08,40825.67,18071.655
600804.SH,20070205,13.34,14.2,13.33,13.87,13.49,0.38,2.82,12597.48,17446.009
600805.SH,20070205,3.85,3.99,3.82,3.94,3.87,0.07,1.81,60646.64,23769.322
600807.SH,20070205,5.44,5.67,5.44,5.67,5.4,0.27,5.0,18973.02,10677.108
600808.SH,20070205,5.05,5.15,4.9,4.97,5.2,-0.23,-4.42,435590.35,217514.825
600809.SH,20070205,37.5,38.88,36.05,37.18,37.74,-0.56,-1.48,9447.39,35521.985
600810.SH,20070205,5.03,5.27,4.98,5.19,5.06,0.13,2.57,44729.18,23048.848
600811.SH,20070205,9.29,9.44,9.0,9.04,9.32,-0.28,-3.0,174106.3,159352.797
600812.SH,20070205,3.06,3.15,3.03,3.13,3.08,0.05,1.62,132657.22,41319.9
600814.SH,20070205,5.8,5.98,5.78,5.94,5.82,0.12,2.06,41004.81,24201.946
600815.SH,20070205,5.48,5.72,5.43,5.67,5.5,0.17,3.09,67288.81,37837.011
600816.SH,20070205,9.7,10.1,9.06,9.06,10.07,-1.01,-10.03,255054.79,239523.008
600817.SH,20070205,11.22,11.7,11.2,11.44,10.96,0.48,4.38,64082.91,73227.212
600818.SH,20070205,7.7,7.9,7.7,7.78,7.66,0.12,1.57,15954.15,12471.81
600819.SH,20070205,5.01,5.1,4.7,4.76,4.97,-0.21,-4.23,68220.95,33407.626
600820.SH,20070205,7.94,8.21,7.91,8.09,7.93,0.16,2.02,75666.22,60837.044
600821.SH,20070205,4.46,4.63,4.4,4.42,4.46,-0.04,-0.9,146605.18,66395.171
600822.SH,20070205,10.1,10.57,10.1,10.36,10.31,0.05,0.49,15703.2,16276.272
600823.SH,20070205,5.06,5.2,5.03,5.18,5.05,0.13,2.57,48263.36,24706.872
600824.SH,20070205,6.83,7.08,6.73,7.08,6.83,0.25,3.66,74143.36,51331.274
600826.SH,20070205,11.32,11.5,10.5,10.79,11.12,-0.33,-2.97,68748.9,75310.969
600827.SH,20070205,9.3,9.48,9.22,9.44,9.3,0.14,1.51,39999.54,37618.502
600828.SH,20070205,11.12,11.64,11.12,11.4,11.24,0.16,1.42,6559.84,7454.48
600829.SH,20070205,16.27,16.76,16.01,16.74,16.26,0.48,2.95,9160.32,15069.488
600830.SH,20070205,4.52,4.64,4.39,4.55,4.48,0.07,1.56,178973.23,80571.803
600831.SH,20070205,23.35,23.8,22.28,23.3,23.29,0.01,0.04,11045.72,25135.852
600832.SH,20070205,13.86,14.7,13.86,14.58,13.73,0.85,6.19,458262.84,659188.124
600833.SH,20070205,5.22,5.38,5.1,5.14,5.08,0.06,1.18,72444.24,38036.356
600834.SH,20070205,6.54,6.73,6.47,6.69,6.55,0.14,2.14,26508.95,17433.562
600835.SH,20070205,11.25,11.48,11.11,11.43,11.42,0.01,0.09,54585.6,61589.397
600836.SH,20070205,8.14,8.15,7.73,7.77,8.15,-0.38,-4.66,39844.14,31224.005
600837.SH,20070205,19.8,20.18,18.6,18.6,20.67,-2.07,-10.01,96930.39,186137.901
600838.SH,20070205,4.14,4.26,4.07,4.18,4.14,0.04,0.97,69200.46,28808.716
600839.SH,20070205,4.6,4.73,4.57,4.66,4.65,0.01,0.22,166496.12,77412.864
600840.SH,20070205,11.55,11.8,11.03,11.79,11.61,0.18,1.55,59471.24,67603.173
600841.SH,20070205,9.0,9.17,8.9,8.95,9.01,-0.06,-0.67,3814.3,3425.523
600842.SH,20070205,5.32,5.32,4.8,5.02,4.84,0.18,3.72,235550.0,121496.931
600843.SH,20070205,5.86,6.2,5.86,6.1,5.94,0.16,2.69,11600.6,7040.127
600844.SH,20070205,9.37,9.6,9.35,9.6,9.37,0.23,2.45,2965.78,2805.212
600845.SH,20070205,14.08,14.49,13.82,14.08,14.09,-0.01,-0.07,5381.49,7610.286
600846.SH,20070205,3.75,3.85,3.75,3.78,3.7,0.08,2.16,38248.01,14533.335
600847.SH,20070205,4.09,4.25,4.08,4.25,4.05,0.2,4.94,5847.8,2483.111
600848.SH,20070205,3.7,3.73,3.6,3.63,3.67,-0.04,-1.09,10740.93,3928.774
600850.SH,20070205,4.75,4.97,4.68,4.85,4.77,0.08,1.68,23028.89,11162.026
600851.SH,20070205,6.17,6.28,5.68,5.68,6.31,-0.63,-9.98,284746.26,166849.604
600853.SH,20070205,3.31,3.43,3.28,3.35,3.32,0.03,0.9,62469.46,20937.399
600854.SH,20070205,4.28,4.31,4.1,4.2,4.27,-0.07,-1.64,97717.7,41016.517
600855.SH,20070205,8.4,9.09,8.38,9.02,8.27,0.75,9.07,240766.12,212341.299
600856.SH,20070205,3.6,3.71,3.6,3.69,3.61,0.08,2.22,25945.6,9525.556
600857.SH,20070205,4.73,4.88,4.57,4.62,4.9,-0.28,-5.71,73938.7,34553.479
600858.SH,20070205,25.3,26.75,25.3,26.44,25.61,0.83,3.24,1435.65,3719.881
600859.SH,20070205,26.98,28.2,26.2,26.35,27.32,-0.97,-3.55,11730.42,32100.919
600860.SH,20070205,4.1,4.18,4.08,4.14,4.1,0.04,0.98,25170.8,10412.041
600861.SH,20070205,10.84,10.93,10.6,10.64,10.86,-0.22,-2.03,23975.86,25699.114
600862.SH,20070205,4.49,4.52,4.38,4.38,4.61,-0.23,-4.99,41821.89,18461.645
600863.SH,20070205,3.58,3.68,3.58,3.61,3.61,0.0,0.0,70929.97,25725.71
600864.SH,20070205,13.9,14.15,13.1,13.31,13.95,-0.64,-4.59,19144.33,25968.498
600865.SH,20070205,11.14,11.14,10.9,11.0,10.93,0.07,0.64,5802.82,6374.458
600866.SH,20070205,3.02,3.1,3.0,3.06,3.04,0.02,0.66,76259.67,23413.208
600867.SH,20070205,11.61,12.0,10.91,11.73,11.99,-0.26,-2.17,107782.29,125045.781
600868.SH,20070205,3.06,3.11,3.03,3.09,3.04,0.05,1.64,1179942.47,361494.062
600869.SH,20070205,6.14,6.39,6.1,6.33,6.17,0.16,2.59,10712.08,6686.656
600870.SH,20070205,4.94,5.08,4.9,5.08,4.89,0.19,3.89,66331.81,33194.829
600871.SH,20070205,4.28,4.38,4.27,4.37,4.32,0.05,1.16,29197.9,12668.226
600872.SH,20070205,3.42,3.52,3.41,3.47,3.43,0.04,1.17,83969.61,29105.564
600873.SH,20070205,4.81,4.9,4.61,4.78,4.76,0.02,0.42,34830.03,16618.513
600874.SH,20070205,4.4,4.51,4.3,4.45,4.41,0.04,0.91,40406.17,17980.993
600875.SH,20070205,29.81,29.81,29.81,29.81,27.1,2.71,10.0,223.86,667.327
600876.SH,20070205,3.92,4.24,3.92,4.23,3.91,0.32,8.18,56944.14,23628.665
600877.SH,20070205,2.51,2.59,2.5,2.56,2.51,0.05,1.99,71395.05,18206.411
600879.SH,20070205,17.46,18.56,17.38,18.2,17.84,0.36,2.02,51279.14,91906.247
600880.SH,20070205,22.3,23.01,21.6,22.88,22.0,0.88,4.0,8925.57,20153.714
600881.SH,20070205,7.08,7.25,6.9,7.1,6.83,0.27,3.95,330965.92,235348.635
600882.SH,20070205,3.58,3.68,3.54,3.65,3.58,0.07,1.96,36473.82,13201.939
600883.SH,20070205,7.1,7.46,7.01,7.42,7.1,0.32,4.51,53833.02,39410.334
600884.SH,20070205,7.75,7.75,7.18,7.34,7.78,-0.44,-5.66,192509.21,142767.763
600885.SH,20070205,4.55,4.65,4.47,4.64,4.5,0.14,3.11,24313.62,11173.239
600886.SH,20070205,9.72,10.38,9.65,10.16,9.8,0.36,3.67,104437.18,105864.581
600887.SH,20070205,25.6,26.31,25.1,25.96,25.71,0.25,0.97,78165.51,201536.544
600888.SH,20070205,20.52,21.55,20.51,21.08,20.69,0.39,1.89,10613.78,22292.874
600889.SH,20070205,4.21,4.29,4.15,4.28,4.21,0.07,1.66,19779.02,8395.783
600890.SH,20070205,3.27,3.54,3.27,3.54,3.37,0.17,5.04,63206.81,22051.035
600891.SH,20070205,2.83,2.98,2.8,2.98,2.84,0.14,4.93,60015.1,17690.248
600892.SH,20070205,7.75,7.75,7.48,7.49,7.59,-0.1,-1.32,1224.56,925.122
600894.SH,20070205,3.8,3.81,3.65,3.7,3.67,0.03,0.82,197073.23,73321.423
600895.SH,20070205,8.6,9.13,8.6,8.84,8.56,0.28,3.27,145500.77,129974.583
600896.SH,20070205,6.2,6.25,5.88,5.94,6.18,-0.24,-3.88,88039.35,52620.404
600897.SH,20070205,10.59,11.22,10.5,10.98,10.82,0.16,1.48,67605.63,73615.928
600898.SH,20070205,4.71,4.89,4.71,4.87,4.83,0.04,0.83,12906.97,6224.629
600900.SH,20070205,10.0,10.3,9.84,10.24,10.13,0.11,1.09,414756.5,416575.661
600960.SH,20070205,9.23,9.57,9.2,9.37,9.25,0.12,1.3,12370.79,11594.925
600961.SH,20070205,11.3,11.35,10.96,11.06,11.32,-0.26,-2.3,62689.57,69833.976
600962.SH,20070205,7.56,8.03,7.56,8.01,7.66,0.35,4.57,37491.83,29627.228
600963.SH,20070205,13.9,14.93,13.67,14.65,14.3,0.35,2.45,28226.25,40838.763
600965.SH,20070205,3.91,4.04,3.9,3.96,3.91,0.05,1.28,27490.54,10941.405
600966.SH,20070205,7.07,7.24,7.06,7.16,7.11,0.05,0.7,46041.34,32907.16
600967.SH,20070205,8.2,8.62,8.2,8.52,8.34,0.18,2.16,24575.53,20933.113
600969.SH,20070205,4.48,4.53,4.36,4.53,4.41,0.12,2.72,30105.64,13418.63
600970.SH,20070205,35.81,36.45,35.5,35.93,36.17,-0.24,-0.66,2318.67,8320.23
600971.SH,20070205,13.68,13.99,13.64,13.78,13.68,0.1,0.73,21276.57,29420.016
600973.SH,20070205,14.88,15.82,14.86,15.52,15.17,0.35,2.31,37328.51,57057.899
600975.SH,20070205,7.6,7.86,7.56,7.76,7.61,0.15,1.97,13129.86,10186.825
600976.SH,20070205,7.02,7.3,7.02,7.19,7.12,0.07,0.98,19158.44,13774.63
600978.SH,20070205,14.32,14.6,13.85,14.53,14.38,0.15,1.04,16900.2,24074.403
600979.SH,20070205,5.22,5.35,5.2,5.28,5.24,0.04,0.76,17755.23,9387.115
600980.SH,20070205,6.67,6.95,6.61,6.88,6.72,0.16,2.38,26404.35,18055.177
600981.SH,20070205,4.69,4.88,4.62,4.75,4.69,0.06,1.28,52033.72,24785.863
600982.SH,20070205,4.63,4.72,4.6,4.69,4.62,0.07,1.52,16617.33,7774.241
600983.SH,20070205,3.85,3.95,3.84,3.94,3.87,0.07,1.81,31381.9,12284.402
600984.SH,20070205,4.5,4.5,4.25,4.26,4.37,-0.11,-2.52,50852.38,22227.474
600985.SH,20070205,6.71,6.9,6.6,6.8,6.77,0.03,0.44,21898.3,14866.038
600986.SH,20070205,5.7,5.82,5.62,5.77,5.7,0.07,1.23,13324.21,7622.201
600987.SH,20070205,5.11,5.41,5.09,5.41,4.92,0.49,9.96,334711.57,176465.2
600988.SH,20070205,5.21,5.42,5.21,5.36,5.27,0.09,1.71,5552.23,2973.882
600990.SH,20070205,12.41,13.2,12.41,13.19,12.37,0.82,6.63,16400.92,21147.077
600991.SH,20070205,4.96,5.14,4.89,5.08,4.96,0.12,2.42,24527.48,12367.305
600992.SH,20070205,5.5,5.86,5.5,5.85,5.47,0.38,6.95,67821.38,38749.131
600993.SH,20070205,38.6,38.98,37.29,37.6,38.56,-0.96,-2.49,3211.38,12102.514
600995.SH,20070205,9.0,9.15,8.77,9.02,8.92,0.1,1.12,45088.0,40530.92
600997.SH,20070205,9.99,10.5,9.99,10.45,9.97,0.48,4.81,139660.06,144606.287
601001.SH,20070205,10.83,11.2,10.78,10.96,10.83,0.13,1.2,84213.22,92670.46
601002.SH,20070205,9.52,9.91,9.39,9.65,9.61,0.04,0.42,161431.1,155910.883
601006.SH,20070205,9.75,10.08,9.75,9.81,9.78,0.03,0.31,256141.26,254736.43
601111.SH,20070205,6.31,6.32,6.01,6.05,6.43,-0.38,-5.91,414608.41,254565.23
601166.SH,20070205,24.8,25.0,22.01,22.18,15.98,6.2,38.8,1696943.07,4023211.71
601333.SH,20070205,7.22,7.37,7.22,7.28,7.22,0.06,0.83,345118.49,251820.98
601398.SH,20070205,4.8,4.85,4.68,4.69,4.82,-0.13,-2.7,2404202.4,1140243.105
601588.SH,20070205,6.65,6.85,6.6,6.72,6.67,0.05,0.75,279277.43,187753.347
601607.SH,20070205,9.02,9.5,9.0,9.4,9.02,0.38,4.21,63592.88,59550.124
601628.SH,20070205,35.7,35.7,33.5,33.77,35.99,-2.22,-6.17,239358.42,823378.46
601666.SH,20070205,11.34,11.6,11.3,11.46,11.36,0.1,0.88,83948.36,96199.147
601699.SH,20070205,18.48,19.25,18.29,18.84,18.48,0.36,1.95,86848.76,164437.784
601872.SH,20070205,8.24,8.5,8.13,8.31,8.35,-0.04,-0.48,256945.1,213399.849
601988.SH,20070205,4.65,4.68,4.41,4.42,4.66,-0.24,-5.15,1966341.64,886962.09
601991.SH,20070205,10.3,10.38,10.13,10.23,10.33,-0.1,-0.97,61543.0,62948.174
