ts_code,trade_date,open,high,low,close,pre_close,change,pct_change,vol,amount
000001.SZ,20070905,37.0,37.28,36.04,36.79,37.0,-0.21,-0.57,218303.07,799279.1605
000002.SZ,20070905,34.14,34.5,32.15,33.08,34.13,-1.05,-3.08,1117537.18,3691378.8572
000004.SZ,20070905,10.3,10.55,10.02,10.18,10.55,-0.37,-3.51,29235.67,29890.0683
000005.SZ,20070905,8.21,8.44,8.0,8.13,8.23,-0.1,-1.22,198543.59,162498.871
000006.SZ,20070905,30.9,31.4,29.9,30.32,30.9,-0.58,-1.88,44680.62,136435.8675
000007.SZ,20070905,8.35,8.52,7.98,8.32,8.38,-0.06,-0.72,31608.95,26156.6204
000008.SZ,20070905,11.12,11.5,10.85,10.9,11.01,-0.11,-1.0,24702.85,27878.888
000009.SZ,20070905,13.6,14.23,13.55,14.23,13.55,0.68,5.02,361874.86,507530.676
000010.SZ,20070905,14.27,14.8,14.02,14.3,14.27,0.03,0.21,42450.35,60927.9324
000011.SZ,20070905,15.0,15.27,14.71,14.95,15.0,-0.05,-0.33,24154.0,36228.5659
000012.SZ,20070905,20.75,22.3,20.75,22.0,20.6,1.4,6.8,102660.75,221990.7683
000014.SZ,20070905,23.15,23.65,22.13,22.61,23.28,-0.67,-2.88,42801.7,97809.752
000016.SZ,20070905,9.94,10.0,9.45,9.67,9.89,-0.22,-2.22,77144.28,74859.7881
000018.SZ,20070905,8.65,9.02,8.51,9.02,8.59,0.43,5.01,22426.72,19846.6383
000020.SZ,20070905,7.75,8.2,7.65,8.02,7.81,0.21,2.69,60018.27,48106.8583
000021.SZ,20070905,17.97,18.3,17.52,18.3,17.96,0.34,1.89,132230.87,236653.7715
000022.SZ,20070905,33.11,34.8,33.11,34.59,33.1,1.49,4.5,20800.0,71050.7929
000023.SZ,20070905,12.56,13.01,12.43,13.01,12.55,0.46,3.67,48477.86,62248.647
000024.SZ,20070905,77.5,80.09,75.4,76.01,79.99,-3.98,-4.98,26136.02,202549.1163
000025.SZ,20070905,18.0,18.44,17.4,18.13,18.12,0.01,0.06,16132.39,28642.7271
000026.SZ,20070905,19.6,20.17,19.6,20.1,19.73,0.37,1.88,17420.77,34739.5371
000027.SZ,20070905,27.24,27.75,26.2,26.6,27.24,-0.64,-2.35,167209.92,449353.7657
000028.SZ,20070905,16.7,16.88,16.08,16.4,16.69,-0.29,-1.74,34538.5,56770.6782
000029.SZ,20070905,9.7,10.58,9.31,10.55,9.97,0.58,5.82,311243.89,304288.9894
000031.SZ,20070905,37.8,38.19,35.86,36.31,37.75,-1.44,-3.81,172585.69,631640.8673
000032.SZ,20070905,11.7,11.97,11.6,11.74,11.7,0.04,0.34,25605.87,30192.9288
000033.SZ,20070905,9.25,9.28,8.73,8.96,9.3,-0.34,-3.66,131365.38,117373.9411
000034.SZ,20070905,11.77,11.77,11.5,11.77,11.21,0.56,5.0,51524.17,60525.3031
000036.SZ,20070905,9.2,9.25,8.96,9.05,9.13,-0.08,-0.88,368340.18,334792.2589
000037.SZ,20070905,8.87,8.95,8.56,8.76,8.83,-0.07,-0.79,34596.96,30120.8052
000039.SZ,20070905,31.71,32.6,31.41,31.99,31.4,0.59,1.88,532722.94,1714255.668
000040.SZ,20070905,9.25,9.38,8.9,9.18,9.24,-0.06,-0.65,155451.91,141828.399
000042.SZ,20070905,34.23,34.49,33.36,33.7,33.66,0.04,0.12,32605.36,110058.8313
000043.SZ,20070905,29.88,31.2,29.7,31.15,29.85,1.3,4.36,21002.92,63791.2296
000045.SZ,20070905,8.29,8.48,8.2,8.45,8.3,0.15,1.81,21147.68,17719.3982
000046.SZ,20070905,57.5,57.99,55.6,56.0,57.66,-1.66,-2.88,18760.72,105916.6289
000048.SZ,20070905,6.73,6.74,6.43,6.51,6.77,-0.26,-3.84,114825.27,75035.0529
000049.SZ,20070905,12.1,12.3,11.88,12.15,12.2,-0.05,-0.41,18128.78,21813.4946
000050.SZ,20070905,15.29,15.5,14.8,15.08,15.3,-0.22,-1.44,36722.91,55387.6072
000055.SZ,20070905,8.45,8.55,8.25,8.49,8.45,0.04,0.47,38985.6,32662.667
000056.SZ,20070905,9.4,9.4,9.0,9.15,9.42,-0.27,-2.87,38646.93,35321.38
000058.SZ,20070905,8.16,8.18,7.79,7.92,8.2,-0.28,-3.41,83205.8,65709.1772
000059.SZ,20070905,13.48,13.74,13.31,13.69,13.48,0.21,1.56,119362.74,161474.5257
000060.SZ,20070905,48.4,50.26,48.4,48.9,48.9,0.0,0.0,69554.57,343371.8431
000062.SZ,20070905,14.36,14.52,13.88,14.09,14.34,-0.25,-1.74,58190.69,82099.9177
000063.SZ,20070905,59.38,60.09,57.0,58.3,59.0,-0.7,-1.19,96896.89,563561.9816
000065.SZ,20070905,18.99,19.18,17.8,18.5,19.04,-0.54,-2.84,37700.75,69322.7041
000066.SZ,20070905,14.4,14.58,13.95,14.4,14.35,0.05,0.35,124651.64,176370.2274
000068.SZ,20070905,8.52,8.95,8.5,8.95,8.52,0.43,5.05,118285.54,104479.3961
000069.SZ,20070905,69.08,70.03,66.68,68.45,69.6,-1.15,-1.65,36072.14,244192.3865
000070.SZ,20070905,12.45,12.6,11.86,12.0,12.35,-0.35,-2.83,41284.82,49996.7509
000078.SZ,20070905,8.78,9.1,8.7,8.9,8.7,0.2,2.3,210701.03,187230.4349
000088.SZ,20070905,18.9,19.68,18.6,19.6,18.84,0.76,4.03,271461.47,522642.8332
000089.SZ,20070905,13.5,13.68,12.86,13.25,13.6,-0.35,-2.57,336821.13,444464.6197
000090.SZ,20070905,27.4,27.7,26.3,27.0,27.3,-0.3,-1.1,19458.09,52187.0581
000096.SZ,20070905,11.86,12.09,11.68,11.95,11.9,0.05,0.42,97013.76,115029.3548
000099.SZ,20070905,10.14,10.37,10.02,10.23,10.03,0.2,1.99,101040.37,102852.8899
000100.SZ,20070905,5.61,5.7,5.4,5.6,5.61,-0.01,-0.18,876294.42,486428.3612
000151.SZ,20070905,13.39,13.8,12.92,13.69,13.37,0.32,2.39,115339.17,153984.2132
000153.SZ,20070905,8.19,8.25,7.95,8.05,8.16,-0.11,-1.35,65571.11,52871.7109
000155.SZ,20070905,11.84,12.55,11.84,12.55,11.78,0.77,6.54,104421.69,128551.1988
000157.SZ,20070905,47.3,47.52,45.8,46.8,47.09,-0.29,-0.62,42547.2,198471.9669
000158.SZ,20070905,13.35,14.0,12.72,13.87,13.4,0.47,3.51,130146.83,173740.0109
000159.SZ,20070905,15.23,15.62,15.0,15.29,15.43,-0.14,-0.91,41662.43,63581.4108
000301.SZ,20070905,15.38,15.66,14.6,14.9,15.69,-0.79,-5.04,522576.0,786574.4958
000338.SZ,20070905,96.95,99.79,96.5,98.18,97.4,0.78,0.8,18115.8,178406.9108
000400.SZ,20070905,17.15,17.62,16.8,17.25,17.04,0.21,1.23,124399.27,214413.299
000401.SZ,20070905,18.5,18.85,17.9,18.19,18.45,-0.26,-1.41,39975.99,72579.0116
000402.SZ,20070905,39.99,40.58,38.3,38.76,39.6,-0.84,-2.12,94805.44,368922.6732
000404.SZ,20070905,7.97,8.83,7.9,8.83,8.03,0.8,9.96,393540.87,343677.9675
000407.SZ,20070905,15.3,15.57,14.8,15.13,15.4,-0.27,-1.75,173134.66,261449.2472
000408.SZ,20070905,9.33,9.77,9.32,9.77,9.3,0.47,5.05,54484.29,53134.6464
000409.SZ,20070905,8.81,9.07,8.67,8.8,8.86,-0.06,-0.68,32258.1,28398.3184
000410.SZ,20070905,26.76,27.58,26.68,26.8,26.78,0.02,0.07,76638.97,206782.3041
000411.SZ,20070905,14.71,16.56,14.71,16.56,15.05,1.51,10.03,56631.97,90788.93
000413.SZ,20070905,9.16,9.16,8.8,8.81,9.26,-0.45,-4.86,41299.86,36658.0845
000415.SZ,20070905,10.7,10.9,10.2,10.85,10.69,0.16,1.5,129170.9,135688.6269
000416.SZ,20070905,13.9,14.55,13.74,14.47,13.9,0.57,4.1,180118.08,254910.5235
000417.SZ,20070905,11.33,11.78,11.33,11.75,11.42,0.33,2.89,99914.52,115540.0676
000419.SZ,20070905,28.75,29.91,28.75,29.03,28.54,0.49,1.72,43094.96,127126.0411
000420.SZ,20070905,10.05,10.28,9.67,9.92,10.05,-0.13,-1.29,168440.8,168115.4741
000421.SZ,20070905,11.29,11.8,11.25,11.8,11.29,0.51,4.52,132524.07,153144.9594
000422.SZ,20070905,18.88,19.28,18.6,19.19,18.88,0.31,1.64,122307.28,231850.674
000423.SZ,20070905,28.12,28.52,27.88,28.08,28.16,-0.08,-0.28,74457.36,209535.0167
000425.SZ,20070905,20.5,21.0,19.68,20.15,20.39,-0.24,-1.18,145194.82,293527.5262
000426.SZ,20070905,9.05,9.8,8.75,9.76,9.05,0.71,7.85,117711.46,107749.9071
000428.SZ,20070905,20.75,21.36,20.21,20.68,20.36,0.32,1.57,71437.04,148342.2032
000429.SZ,20070905,10.57,11.13,10.57,10.84,10.55,0.29,2.75,165568.61,179809.034
000430.SZ,20070905,13.5,14.24,13.43,14.24,13.56,0.68,5.01,23501.19,33235.7824
000488.SZ,20070905,13.64,13.98,13.27,13.91,13.64,0.27,1.98,257280.59,349876.2278
000498.SZ,20070905,8.99,8.99,8.99,8.99,8.56,0.43,5.02,7661.55,6887.7335
000501.SZ,20070905,17.52,18.06,16.8,17.42,17.8,-0.38,-2.13,41436.19,72458.0977
000502.SZ,20070905,20.32,22.0,20.18,20.22,20.31,-0.09,-0.44,133105.97,279575.0117
000503.SZ,20070905,15.42,15.8,14.96,15.52,15.45,0.07,0.45,249152.25,383202.3689
000504.SZ,20070905,12.3,12.84,12.1,12.84,12.18,0.66,5.42,92816.69,116041.5476
000505.SZ,20070905,16.72,17.38,16.25,16.75,16.75,0.0,0.0,109502.03,184209.8695
000507.SZ,20070905,15.15,15.63,15.06,15.55,15.03,0.52,3.46,189976.4,292393.8575
000509.SZ,20070905,9.21,9.46,9.01,9.46,9.01,0.45,4.99,94042.42,88281.8708
000510.SZ,20070905,10.15,10.44,9.78,10.28,10.27,0.01,0.1,418356.01,420278.3451
000511.SZ,20070905,12.82,13.09,12.5,13.03,12.96,0.07,0.54,236932.74,303722.5045
000513.SZ,20070905,34.19,34.68,33.54,34.4,34.58,-0.18,-0.52,31551.45,107091.442
000514.SZ,20070905,19.16,19.49,18.2,18.7,19.06,-0.36,-1.89,42407.36,79625.9151
000516.SZ,20070905,15.3,15.46,14.8,15.3,15.4,-0.1,-0.65,36523.85,55114.78
000518.SZ,20070905,6.47,6.69,6.31,6.65,6.48,0.17,2.62,367722.95,237608.7341
000519.SZ,20070905,10.33,10.45,9.65,10.4,10.39,0.01,0.1,224597.77,222607.4627
000520.SZ,20070905,11.75,11.85,11.17,11.43,11.7,-0.27,-2.31,222466.35,255180.7005
000521.SZ,20070905,8.92,9.07,8.62,8.8,8.98,-0.18,-2.0,88165.0,77984.2247
000522.SZ,20070905,11.43,11.71,11.3,11.67,11.38,0.29,2.55,74655.13,85907.9448
000523.SZ,20070905,9.24,9.35,9.02,9.3,9.15,0.15,1.64,27749.49,25464.4496
000524.SZ,20070905,9.77,10.42,9.66,10.25,9.78,0.47,4.81,69975.41,70532.951
000525.SZ,20070905,13.2,13.5,12.4,12.67,13.21,-0.54,-4.09,81636.61,104463.0542
000526.SZ,20070905,9.97,10.04,9.48,9.68,10.16,-0.48,-4.72,36241.43,35164.1682
000527.SZ,20070905,32.97,34.4,32.95,34.0,32.87,1.13,3.44,90457.68,305181.6212
000528.SZ,20070905,37.28,37.95,36.4,37.6,37.28,0.32,0.86,48778.51,181122.5182
000530.SZ,20070905,12.3,12.8,12.13,12.37,12.27,0.1,0.82,44518.24,55370.5018
000531.SZ,20070905,14.6,15.2,14.55,14.85,14.67,0.18,1.23,23628.08,35162.2677
000532.SZ,20070905,11.78,13.0,11.53,13.0,11.82,1.18,9.98,396082.03,489955.8667
000533.SZ,20070905,11.75,12.13,11.5,11.86,11.68,0.18,1.54,50940.07,60504.1278
000534.SZ,20070905,15.9,16.2,14.6,14.83,15.48,-0.65,-4.2,110129.14,168373.0577
000537.SZ,20070905,15.4,15.65,14.51,15.49,15.2,0.29,1.91,184150.14,276643.3215
000538.SZ,20070905,37.76,38.25,37.0,37.7,37.78,-0.08,-0.21,29765.63,112079.5636
000539.SZ,20070905,16.49,16.74,15.9,16.3,16.83,-0.53,-3.15,125511.44,205540.8701
000540.SZ,20070905,16.12,16.48,15.32,15.85,16.11,-0.26,-1.61,42601.52,67048.7702
000541.SZ,20070905,26.61,26.95,26.03,26.45,26.76,-0.31,-1.16,79487.07,209985.444
000543.SZ,20070905,17.84,18.08,17.03,17.5,17.86,-0.36,-2.02,77563.8,135822.9239
000544.SZ,20070905,11.9,11.96,11.36,11.64,11.86,-0.22,-1.86,64421.09,74981.4214
000545.SZ,20070905,10.7,11.24,10.57,11.24,10.7,0.54,5.05,78202.6,86549.2114
000546.SZ,20070905,12.5,13.0,12.4,12.66,12.55,0.11,0.88,77046.92,97354.2678
000547.SZ,20070905,13.9,14.3,13.6,13.74,13.7,0.04,0.29,195714.36,273854.407
000548.SZ,20070905,18.38,18.7,18.35,18.55,18.35,0.2,1.09,109477.1,202743.4938
000550.SZ,20070905,20.35,20.39,19.4,20.07,20.39,-0.32,-1.57,27249.05,54340.9129
000551.SZ,20070905,11.28,11.78,11.24,11.7,11.28,0.42,3.72,73463.7,85077.0021
000552.SZ,20070905,14.82,16.0,14.39,16.0,14.82,1.18,7.96,188578.31,293109.1685
000553.SZ,20070905,12.7,12.99,12.3,12.51,12.88,-0.37,-2.87,126955.41,159196.7258
000554.SZ,20070905,14.44,15.88,14.44,15.88,14.44,1.44,9.97,444200.6,693771.7896
000555.SZ,20070905,8.48,8.5,8.11,8.35,8.3,0.05,0.6,25326.15,20933.3786
000557.SZ,20070905,8.68,9.1,8.32,9.1,8.67,0.43,4.96,358943.11,313364.1575
000558.SZ,20070905,16.19,16.19,15.1,15.4,16.1,-0.7,-4.35,57585.03,89315.6376
000559.SZ,20070905,15.31,15.6,15.0,15.4,15.15,0.25,1.65,128986.01,197544.3259
000560.SZ,20070905,20.09,20.6,19.6,20.31,19.89,0.42,2.11,24779.13,49790.5312
000561.SZ,20070905,8.98,9.22,8.9,9.13,8.96,0.17,1.9,80503.32,73206.2443
000562.SZ,20070905,42.35,42.78,40.91,41.96,42.3,-0.34,-0.8,120979.92,504979.3064
000564.SZ,20070905,8.13,8.25,7.91,8.2,8.13,0.07,0.86,117318.83,94553.5478
000565.SZ,20070905,16.98,18.26,16.98,18.14,16.88,1.26,7.46,67420.1,119517.4737
000566.SZ,20070905,9.17,9.33,8.68,9.25,9.1,0.15,1.65,94342.45,85371.3607
000567.SZ,20070905,17.65,18.04,16.9,17.16,17.63,-0.47,-2.67,31608.01,54735.1736
000568.SZ,20070905,58.5,59.5,57.2,57.32,58.5,-1.18,-2.02,50774.18,294105.6666
000570.SZ,20070905,17.49,17.6,16.0,16.4,16.68,-0.28,-1.68,154997.15,256738.7596
000571.SZ,20070905,7.82,7.92,7.64,7.74,7.88,-0.14,-1.78,127442.85,98836.0367
000572.SZ,20070905,20.44,20.9,20.2,20.4,20.24,0.16,0.79,70580.55,145254.3983
000573.SZ,20070905,7.98,8.03,7.55,7.8,7.98,-0.18,-2.26,211813.09,164391.5171
000576.SZ,20070905,6.56,6.85,6.43,6.66,6.43,0.23,3.58,158631.5,105305.5751
000581.SZ,20070905,21.3,21.8,21.11,21.5,21.3,0.2,0.94,73225.94,157237.4124
000582.SZ,20070905,16.06,16.98,16.0,16.06,16.05,0.01,0.06,35759.72,58439.6939
000584.SZ,20070905,17.8,18.12,17.14,17.45,17.84,-0.39,-2.19,89378.39,156240.5588
000585.SZ,20070905,7.85,7.95,7.68,7.89,7.88,0.01,0.13,208044.61,163003.8995
000587.SZ,20070905,8.17,8.62,8.13,8.62,8.21,0.41,4.99,38650.38,33125.1548
000589.SZ,20070905,10.43,10.56,10.18,10.56,10.45,0.11,1.05,78107.5,81004.9529
000590.SZ,20070905,11.5,11.77,11.39,11.74,11.57,0.17,1.47,38463.85,44711.9324
000591.SZ,20070905,14.98,15.66,14.13,15.33,14.88,0.45,3.02,40591.0,60576.9638
000593.SZ,20070905,7.7,7.75,7.39,7.55,7.68,-0.13,-1.69,44751.23,33804.6768
000594.SZ,20070905,8.74,8.97,8.72,8.84,8.79,0.05,0.57,120778.41,106851.9973
000595.SZ,20070905,9.8,9.97,9.47,9.81,10.05,-0.24,-2.39,130566.6,126496.654
000596.SZ,20070905,23.0,25.0,22.6,25.0,22.73,2.27,9.99,56390.58,137250.5758
000598.SZ,20070905,17.14,18.83,17.14,18.83,17.12,1.71,9.99,264517.37,484445.3056
000599.SZ,20070905,7.18,7.25,6.9,7.06,7.17,-0.11,-1.53,172224.53,121196.5238
000600.SZ,20070905,15.0,15.49,15.0,15.45,14.91,0.54,3.62,61356.53,93618.0284
000601.SZ,20070905,7.68,7.78,7.4,7.58,7.66,-0.08,-1.04,279468.49,211115.7999
000602.SZ,20070905,27.93,29.08,27.0,28.15,27.67,0.48,1.73,54848.47,154742.2458
000603.SZ,20070905,8.23,8.24,8.19,8.24,7.85,0.39,4.97,18723.15,15418.4574
000606.SZ,20070905,9.67,10.49,9.41,10.49,9.54,0.95,9.96,165128.68,164770.0931
000607.SZ,20070905,6.55,6.76,6.42,6.67,6.56,0.11,1.68,136130.5,89681.9203
000608.SZ,20070905,23.85,23.99,22.4,22.5,23.75,-1.25,-5.26,84488.66,192446.5178
000609.SZ,20070905,22.92,23.26,22.4,22.65,22.85,-0.2,-0.88,20802.19,47416.0159
000610.SZ,20070905,8.95,9.24,8.7,9.02,8.94,0.08,0.89,48152.43,43342.6068
000611.SZ,20070905,8.4,8.55,8.18,8.43,8.4,0.03,0.36,41354.83,34655.2779
000612.SZ,20070905,49.95,52.8,49.5,50.6,50.0,0.6,1.2,46015.36,236128.2343
000613.SZ,20070905,8.2,8.42,8.02,8.42,8.02,0.4,4.99,45949.6,38269.1633
000615.SZ,20070905,9.01,9.28,8.9,9.17,9.07,0.1,1.1,55986.71,50829.361
000616.SZ,20070905,23.57,23.9,22.7,23.0,23.45,-0.45,-1.92,51637.63,119455.8396
000617.SZ,20070905,45.89,46.3,44.7,44.71,45.96,-1.25,-2.72,16163.15,73235.7215
000619.SZ,20070905,13.88,14.14,13.5,13.8,13.88,-0.08,-0.58,78379.6,108106.8457
000623.SZ,20070905,73.51,75.24,72.97,74.35,73.43,0.92,1.25,71380.82,529449.138
000625.SZ,20070905,18.3,18.9,17.9,18.18,18.22,-0.04,-0.22,73944.37,135960.2231
000626.SZ,20070905,8.4,8.7,8.38,8.65,8.4,0.25,2.98,31519.57,26845.6844
000627.SZ,20070905,10.52,10.87,10.2,10.85,10.71,0.14,1.31,215008.94,225999.2858
000628.SZ,20070905,15.0,16.15,15.0,15.83,15.15,0.68,4.49,139438.09,219416.9794
000630.SZ,20070905,27.47,28.97,27.22,28.07,27.49,0.58,2.11,248974.92,703677.6953
000632.SZ,20070905,9.34,9.34,8.9,9.04,9.33,-0.29,-3.11,77817.18,70555.8291
000633.SZ,20070905,14.1,14.81,14.1,14.81,14.1,0.71,5.04,99958.86,147439.3097
000635.SZ,20070905,20.58,22.32,20.56,22.3,20.49,1.81,8.83,83900.51,180597.8212
000636.SZ,20070905,15.8,16.08,15.39,15.59,15.85,-0.26,-1.64,181238.03,283166.8329
000637.SZ,20070905,15.6,16.39,15.51,16.39,15.61,0.78,5.0,166506.22,270281.7109
000639.SZ,20070905,11.71,11.89,11.35,11.79,11.59,0.2,1.73,12025.99,14026.2383
000650.SZ,20070905,16.78,17.06,16.6,16.94,16.9,0.04,0.24,21643.49,36347.9576
000651.SZ,20070905,42.3,43.33,40.8,41.93,42.0,-0.07,-0.17,104773.9,444699.7885
000652.SZ,20070905,27.72,28.1,26.7,26.93,27.72,-0.79,-2.85,188224.31,511632.8762
000656.SZ,20070905,10.93,11.08,10.65,10.9,10.93,-0.03,-0.27,32935.96,35723.981
000657.SZ,20070905,24.51,26.2,24.51,25.12,24.91,0.21,0.84,46228.68,117037.5989
000659.SZ,20070905,12.8,13.5,12.7,13.48,12.81,0.67,5.23,273616.42,361618.7304
000661.SZ,20070905,16.7,17.0,16.52,16.8,16.77,0.03,0.18,27961.39,46860.9268
000662.SZ,20070905,13.99,13.99,13.47,13.77,13.9,-0.13,-0.94,40273.65,54983.705
000663.SZ,20070905,13.2,13.4,12.56,12.9,13.4,-0.5,-3.73,30199.32,39157.8764
000665.SZ,20070905,9.8,10.47,9.71,10.27,10.19,0.08,0.79,70016.79,71340.8635
000666.SZ,20070905,13.31,13.66,13.2,13.5,13.28,0.22,1.66,110640.61,148901.9255
000668.SZ,20070905,23.22,24.35,23.22,23.6,23.58,0.02,0.08,20285.77,48204.1495
000669.SZ,20070905,12.98,14.28,12.87,14.26,13.09,1.17,8.94,57892.54,78335.1498
000671.SZ,20070905,13.6,15.07,13.6,15.03,13.7,1.33,9.71,38877.13,57642.2637
000673.SZ,20070905,8.33,8.68,8.22,8.27,8.65,-0.38,-4.39,39521.85,33114.0819
000676.SZ,20070905,7.75,7.97,7.68,7.85,7.77,0.08,1.03,49571.5,38758.3538
000677.SZ,20070905,12.78,13.36,12.71,13.3,12.85,0.45,3.5,199287.4,262126.6965
000678.SZ,20070905,8.7,8.74,8.4,8.6,8.75,-0.15,-1.71,86125.42,73626.1397
000679.SZ,20070905,17.92,18.19,17.0,17.5,17.95,-0.45,-2.51,41609.13,72893.6878
000680.SZ,20070905,21.45,21.69,20.67,21.28,21.31,-0.03,-0.14,180611.03,380343.9144
000682.SZ,20070905,7.27,7.45,7.02,7.27,7.27,0.0,0.0,211320.85,152258.4971
000683.SZ,20070905,15.3,15.85,15.22,15.72,15.5,0.22,1.42,123404.17,190789.7757
000685.SZ,20070905,25.7,25.7,25.7,25.7,23.36,2.34,10.02,12712.85,32672.0245
000686.SZ,20070905,54.2,56.2,53.49,55.28,54.5,0.78,1.43,34336.9,187783.0509
000687.SZ,20070905,12.11,12.3,11.75,12.15,12.18,-0.03,-0.25,66215.36,79427.183
000690.SZ,20070905,19.52,19.9,19.46,19.66,19.57,0.09,0.46,64588.75,127037.1868
000691.SZ,20070905,7.4,7.58,7.34,7.49,7.38,0.11,1.49,71106.56,52860.7365
000692.SZ,20070905,10.2,10.36,9.9,9.94,10.2,-0.26,-2.55,42387.74,42464.9584
000695.SZ,20070905,11.8,11.96,11.2,11.77,11.71,0.06,0.51,52118.48,60475.7682
000697.SZ,20070905,8.48,8.48,8.05,8.22,8.48,-0.26,-3.07,81090.54,66461.4841
000698.SZ,20070905,15.07,16.63,14.68,16.63,15.12,1.51,9.99,375377.19,593947.0239
000700.SZ,20070905,8.0,8.25,7.96,8.21,7.99,0.22,2.75,207127.46,168993.0248
000701.SZ,20070905,10.12,10.32,9.88,10.19,10.15,0.04,0.39,66169.42,67071.3718
000702.SZ,20070905,8.98,9.07,8.6,8.89,8.98,-0.09,-1.0,108182.89,95392.5705
000703.SZ,20070905,11.87,12.08,11.38,11.87,11.75,0.12,1.02,42489.66,50038.501
000705.SZ,20070905,8.74,8.9,8.48,8.68,8.6,0.08,0.93,57904.31,50372.652
000707.SZ,20070905,11.4,11.77,11.17,11.73,11.44,0.29,2.54,210321.05,241119.606
000708.SZ,20070905,18.28,18.89,17.46,18.29,18.45,-0.16,-0.87,53335.5,96652.8371
000709.SZ,20070905,22.1,23.2,21.95,22.98,22.22,0.76,3.42,94539.84,212848.3626
000710.SZ,20070905,9.56,10.19,9.56,10.14,9.71,0.43,4.43,39279.24,38703.6685
000711.SZ,20070905,15.15,15.3,14.4,14.89,15.09,-0.2,-1.33,32039.95,47451.0375
000712.SZ,20070905,39.38,40.5,38.75,39.5,38.65,0.85,2.2,24983.63,98967.815
000713.SZ,20070905,9.63,9.92,9.4,9.51,9.43,0.08,0.85,285262.01,275273.5651
000715.SZ,20070905,17.68,18.0,17.58,17.8,17.62,0.18,1.02,6000.69,10659.206
000716.SZ,20070905,7.6,7.76,7.45,7.57,7.49,0.08,1.07,42427.76,32194.3974
000717.SZ,20070905,13.48,13.8,13.3,13.73,13.55,0.18,1.33,212060.48,287684.5351
000718.SZ,20070905,44.88,45.6,42.6,43.0,45.06,-2.06,-4.57,50436.89,219322.2781
000719.SZ,20070905,9.52,9.98,9.51,9.96,9.5,0.46,4.84,30034.93,29586.5294
000720.SZ,20070905,9.17,9.29,8.87,9.04,9.05,-0.01,-0.11,465894.15,422721.2018
000721.SZ,20070905,10.79,10.85,10.28,10.47,10.75,-0.28,-2.6,30945.19,32450.0449
000722.SZ,20070905,8.5,8.63,8.22,8.35,8.5,-0.15,-1.76,173464.58,145385.6327
000723.SZ,20070905,26.0,29.99,23.25,28.46,9.77,18.69,191.3,372467.85,993719.3911
000725.SZ,20070905,9.08,9.08,8.65,8.72,8.65,0.07,0.81,439658.06,394275.2442
000726.SZ,20070905,18.4,18.65,18.15,18.26,18.39,-0.13,-0.71,72928.02,133160.5702
000727.SZ,20070905,8.7,8.94,8.43,8.78,8.67,0.11,1.27,105608.85,91902.7802
000729.SZ,20070905,18.24,18.59,18.05,18.38,18.22,0.16,0.88,100264.94,183717.1707
000731.SZ,20070905,22.08,22.4,21.49,22.08,21.8,0.28,1.28,76161.98,167695.2306
000733.SZ,20070905,11.45,11.59,10.94,11.14,11.36,-0.22,-1.94,92154.66,102737.7678
000735.SZ,20070905,6.99,7.2,6.91,7.2,6.96,0.24,3.45,277544.21,195874.3911
000737.SZ,20070905,8.71,9.09,8.65,9.08,8.68,0.4,4.61,182963.48,162894.6379
000738.SZ,20070905,7.7,8.18,7.5,8.11,7.8,0.31,3.97,121149.23,96930.1642
000739.SZ,20070905,11.53,11.73,11.2,11.43,11.58,-0.15,-1.3,109766.05,125245.0543
000748.SZ,20070905,26.01,26.65,25.5,26.15,25.99,0.16,0.62,52446.43,136111.7124
000752.SZ,20070905,8.9,9.13,8.72,8.89,8.93,-0.04,-0.45,72303.16,64303.8804
000753.SZ,20070905,7.75,7.84,7.37,7.59,7.76,-0.17,-2.19,98154.86,74842.977
000755.SZ,20070905,33.8,36.5,33.8,36.0,33.9,2.1,6.19,73261.15,259688.6221
000756.SZ,20070905,7.96,8.17,7.77,8.08,7.96,0.12,1.51,51137.92,40774.9654
000758.SZ,20070905,36.79,37.88,36.38,36.99,36.96,0.03,0.08,53218.56,196844.6152
000759.SZ,20070905,18.4,18.87,18.26,18.4,18.65,-0.25,-1.34,9109.27,16805.1057
000760.SZ,20070905,12.34,13.35,12.16,13.35,12.14,1.21,9.97,134660.68,175257.3542
000761.SZ,20070905,15.17,15.48,14.9,15.21,15.17,0.04,0.26,80585.95,122056.9569
000762.SZ,20070905,27.25,28.66,27.0,27.85,27.19,0.66,2.43,82808.45,231918.9048
000766.SZ,20070905,6.85,7.0,6.6,6.77,6.85,-0.08,-1.17,96993.98,65699.0671
000767.SZ,20070905,14.86,15.07,14.36,14.7,14.93,-0.23,-1.54,174654.79,256799.2604
000768.SZ,20070905,29.3,30.27,29.01,29.4,29.2,0.2,0.68,79750.62,235627.498
000777.SZ,20070905,35.88,39.2,33.9,38.15,36.21,1.94,5.36,128723.17,462788.5463
000778.SZ,20070905,15.9,16.18,15.25,15.65,15.97,-0.32,-2.0,215086.12,334214.406
000779.SZ,20070905,8.4,8.77,8.4,8.55,8.53,0.02,0.23,40335.26,34522.2515
000780.SZ,20070905,14.18,15.42,14.0,15.42,14.69,0.73,4.97,396586.89,588433.2485
000782.SZ,20070905,6.99,7.11,6.73,7.07,6.99,0.08,1.14,133662.4,92587.2526
000785.SZ,20070905,9.78,10.05,9.6,10.0,9.77,0.23,2.35,67937.25,66822.3501
000786.SZ,20070905,12.35,12.49,11.91,12.16,12.34,-0.18,-1.46,94153.34,114418.6287
000788.SZ,20070905,8.43,8.55,8.15,8.38,8.49,-0.11,-1.3,48264.67,40220.5664
000789.SZ,20070905,13.18,13.3,12.11,12.94,12.98,-0.04,-0.31,123908.53,155225.3722
000790.SZ,20070905,23.5,23.85,22.3,22.67,23.58,-0.91,-3.86,18676.49,42575.6983
000791.SZ,20070905,11.1,11.65,11.1,11.44,11.2,0.24,2.14,63489.58,72582.7034
000792.SZ,20070905,51.74,52.75,51.3,52.25,51.98,0.27,0.52,43480.64,226079.1265
000793.SZ,20070905,11.5,11.7,11.07,11.5,11.5,0.0,0.0,241588.24,274062.5507
000795.SZ,20070905,9.6,9.73,9.08,9.48,9.48,0.0,0.0,100683.14,93980.5611
000796.SZ,20070905,8.05,8.5,7.93,8.31,8.05,0.26,3.23,111393.14,91986.5983
000797.SZ,20070905,10.3,10.55,10.0,10.38,10.16,0.22,2.17,69147.43,71170.5588
000798.SZ,20070905,8.81,8.93,8.45,8.65,8.86,-0.21,-2.37,64812.16,56045.7772
000799.SZ,20070905,32.34,32.34,29.6,29.99,30.8,-0.81,-2.63,52056.93,161322.9963
000800.SZ,20070905,18.28,18.28,17.58,18.0,18.32,-0.32,-1.75,196501.23,351108.7596
000801.SZ,20070905,11.4,11.72,11.16,11.44,11.43,0.01,0.09,23688.22,26950.3266
000802.SZ,20070905,22.3,22.5,21.3,21.8,22.2,-0.4,-1.8,32893.38,71471.2909
000803.SZ,20070905,9.85,10.39,9.7,10.34,9.72,0.62,6.38,61270.52,61300.3914
000806.SZ,20070905,7.88,8.14,7.8,7.99,7.8,0.19,2.44,382627.68,304868.182
000807.SZ,20070905,27.53,29.4,27.53,28.33,27.52,0.81,2.94,265517.53,758693.7283
000809.SZ,20070905,19.88,19.88,17.14,17.14,19.04,-1.9,-9.98,103679.07,185393.6179
000810.SZ,20070905,13.57,13.75,13.04,13.35,13.58,-0.23,-1.69,13759.08,18409.6509
000811.SZ,20070905,16.01,16.25,15.32,15.63,16.09,-0.46,-2.86,25251.57,39639.3281
000812.SZ,20070905,8.3,8.46,8.1,8.42,8.3,0.12,1.45,101493.73,83822.1663
000813.SZ,20070905,7.88,7.98,7.58,7.82,7.86,-0.04,-0.51,68986.02,53453.3807
000815.SZ,20070905,18.2,18.5,18.0,18.34,18.2,0.14,0.77,37548.51,68318.3581
000816.SZ,20070905,8.96,9.06,8.8,9.05,8.89,0.16,1.8,212931.54,190239.7474
000818.SZ,20070905,8.9,9.1,8.7,9.05,8.9,0.15,1.69,94728.96,84541.9024
000819.SZ,20070905,32.2,34.14,32.12,33.94,32.2,1.74,5.4,22585.12,74376.3769
000820.SZ,20070905,12.2,12.4,12.15,12.32,12.19,0.13,1.07,83411.77,102388.4998
000821.SZ,20070905,8.59,8.7,8.3,8.5,8.6,-0.1,-1.16,113056.66,95659.0874
000822.SZ,20070905,16.18,16.49,15.58,16.3,16.0,0.3,1.88,296699.42,478600.0977
000823.SZ,20070905,11.2,11.3,10.75,10.96,11.19,-0.23,-2.06,64063.2,70666.4461
000825.SZ,20070905,27.14,27.62,26.71,27.19,27.18,0.01,0.04,265286.34,718598.8916
000826.SZ,20070905,20.6,20.9,20.1,20.2,20.68,-0.48,-2.32,14918.95,30473.6783
000828.SZ,20070905,10.9,11.25,10.85,11.2,10.92,0.28,2.56,157736.99,174651.6455
000829.SZ,20070905,34.05,34.3,32.71,33.11,34.0,-0.89,-2.62,46594.32,154656.9821
000830.SZ,20070905,7.1,7.2,6.98,7.19,6.98,0.21,3.01,292693.44,208234.6181
000831.SZ,20070905,32.2,35.25,32.02,34.8,33.0,1.8,5.45,180163.1,621915.6259
000833.SZ,20070905,9.78,9.84,9.35,9.55,9.69,-0.14,-1.44,68615.09,65616.7203
000835.SZ,20070905,18.98,19.68,18.9,19.45,19.0,0.45,2.37,73122.61,141920.4844
000836.SZ,20070905,22.3,22.75,21.55,21.88,22.1,-0.22,-1.0,46087.1,102019.7763
000837.SZ,20070905,17.8,18.5,17.36,18.4,17.9,0.5,2.79,98487.64,176555.3342
000839.SZ,20070905,36.48,37.7,35.9,36.75,36.74,0.01,0.03,107007.07,394407.5677
000848.SZ,20070905,27.9,30.7,27.88,30.7,27.91,2.79,10.0,75856.65,221381.2413
000850.SZ,20070905,17.53,17.81,17.05,17.42,17.62,-0.2,-1.14,106290.17,184521.4842
000851.SZ,20070905,12.55,12.74,12.21,12.73,12.5,0.23,1.84,87450.35,109048.5608
000852.SZ,20070905,30.05,30.88,29.0,29.84,30.04,-0.2,-0.67,26045.66,78459.0626
000856.SZ,20070905,6.95,7.16,6.91,7.06,6.93,0.13,1.88,50477.55,35432.7668
000858.SZ,20070905,35.2,36.28,34.87,36.0,35.26,0.74,2.1,330286.3,1177064.5002
000859.SZ,20070905,7.82,8.38,7.8,8.37,7.88,0.49,6.22,201954.69,163182.7217
000860.SZ,20070905,17.6,17.65,16.78,17.5,17.43,0.07,0.4,59705.42,102118.5083
000862.SZ,20070905,15.28,15.99,14.9,14.97,14.88,0.09,0.6,192911.52,297602.3106
000868.SZ,20070905,8.2,8.29,7.95,8.09,8.19,-0.1,-1.22,53550.92,43442.9598
000869.SZ,20070905,67.21,68.0,65.9,66.3,68.1,-1.8,-2.64,14288.94,94814.6423
000875.SZ,20070905,8.44,8.5,8.08,8.24,8.41,-0.17,-2.02,212699.0,175609.8586
000876.SZ,20070905,22.29,22.94,21.73,22.4,22.48,-0.08,-0.36,105879.75,235595.8135
000877.SZ,20070905,11.24,11.99,10.98,11.95,11.29,0.66,5.85,61690.89,71143.6018
000878.SZ,20070905,68.03,74.0,67.8,72.0,68.18,3.82,5.6,76397.83,547990.4612
000880.SZ,20070905,15.67,16.0,15.02,15.13,15.64,-0.51,-3.26,66792.92,102015.7375
000881.SZ,20070905,13.13,13.29,12.55,12.88,13.11,-0.23,-1.75,79822.96,102793.1095
000882.SZ,20070905,13.01,13.18,12.75,13.15,13.01,0.14,1.08,46185.93,59888.3246
000883.SZ,20070905,7.62,7.89,7.59,7.8,7.67,0.13,1.69,73030.54,56460.7241
000885.SZ,20070905,14.2,14.49,13.68,13.94,14.3,-0.36,-2.52,22212.35,31090.5707
000886.SZ,20070905,7.45,7.6,7.18,7.3,7.46,-0.16,-2.14,340686.57,250002.8098
000887.SZ,20070905,15.0,15.0,14.31,14.79,15.05,-0.26,-1.73,31282.13,45953.0687
000888.SZ,20070905,17.0,17.6,16.96,17.54,17.15,0.39,2.27,33325.82,57821.131
000889.SZ,20070905,7.9,8.57,7.68,8.41,7.99,0.42,5.26,335885.15,272073.5717
000890.SZ,20070905,7.48,7.52,7.18,7.5,7.41,0.09,1.21,163658.15,120492.6682
000893.SZ,20070905,8.16,8.58,8.16,8.51,8.27,0.24,2.9,38359.78,32320.7512
000895.SZ,20070905,51.91,51.91,49.85,50.72,51.91,-1.19,-2.29,43252.39,218888.5484
000897.SZ,20070905,17.8,17.95,17.06,17.28,17.72,-0.44,-2.48,255557.41,442657.8623
000898.SZ,20070905,35.85,37.07,35.58,36.4,35.81,0.59,1.65,119839.21,435868.2135
000899.SZ,20070905,8.79,8.85,8.49,8.6,8.66,-0.06,-0.69,84869.1,72996.6772
000900.SZ,20070905,26.5,27.77,26.5,27.14,26.61,0.53,1.99,130591.15,356319.4094
000901.SZ,20070905,14.3,14.56,13.8,14.24,14.23,0.01,0.07,62605.57,89317.3728
000902.SZ,20070905,7.99,8.06,7.87,7.99,7.96,0.03,0.38,39609.17,31603.0654
000903.SZ,20070905,24.39,24.39,23.4,23.94,24.52,-0.58,-2.37,79626.87,189341.655
000905.SZ,20070905,10.0,10.22,9.7,10.22,9.99,0.23,2.3,105681.29,105369.9737
000906.SZ,20070905,16.32,16.98,16.17,16.98,16.17,0.81,5.01,49444.48,83247.8842
000909.SZ,20070905,11.41,11.98,11.41,11.65,11.42,0.23,2.01,72293.68,84720.8955
000910.SZ,20070905,15.93,16.2,15.6,16.01,15.93,0.08,0.5,43070.77,68205.5038
000911.SZ,20070905,14.3,14.4,13.65,13.88,14.1,-0.22,-1.56,31907.9,44450.4233
000912.SZ,20070905,21.0,21.72,20.68,21.68,20.68,1.0,4.84,147213.12,313311.8724
000913.SZ,20070905,7.15,7.23,6.97,7.1,7.15,-0.05,-0.7,68943.88,48890.0739
000915.SZ,20070905,8.15,8.59,8.14,8.47,8.16,0.31,3.8,121597.38,102340.6523
000916.SZ,20070905,8.6,8.93,8.51,8.7,8.59,0.11,1.28,135065.44,117926.9368
000917.SZ,20070905,20.41,20.87,19.91,20.87,20.37,0.5,2.45,66238.41,134958.6589
000919.SZ,20070905,13.57,13.7,13.0,13.39,13.56,-0.17,-1.25,63112.36,84344.0673
000920.SZ,20070905,8.66,8.99,8.4,8.67,8.66,0.01,0.12,174570.39,152571.4956
000922.SZ,20070905,16.3,16.35,15.13,15.13,15.93,-0.8,-5.02,117327.76,180473.577
000923.SZ,20070905,22.22,23.18,22.2,23.0,22.43,0.57,2.54,13167.81,30042.7754
000926.SZ,20070905,20.61,21.33,19.79,20.04,20.6,-0.56,-2.72,161079.28,327175.2095
000927.SZ,20070905,13.05,13.74,13.0,13.58,13.05,0.53,4.06,140891.49,188890.2412
000928.SZ,20070905,10.7,10.7,10.22,10.34,10.76,-0.42,-3.9,62790.86,65536.9675
000929.SZ,20070905,16.38,17.66,16.0,16.15,16.05,0.1,0.62,184828.79,313698.6939
000930.SZ,20070905,8.28,8.38,7.93,8.05,8.18,-0.13,-1.59,395048.91,321108.2019
000931.SZ,20070905,13.91,14.7,13.8,14.69,14.17,0.52,3.67,417646.19,593498.3143
000932.SZ,20070905,11.82,12.5,11.67,12.48,11.82,0.66,5.58,576519.91,696430.1034
000933.SZ,20070905,52.99,56.12,52.02,54.87,53.18,1.69,3.18,38654.45,211510.6143
000935.SZ,20070905,15.52,16.19,15.52,16.18,15.5,0.68,4.39,49884.93,79051.9671
000936.SZ,20070905,11.1,11.21,10.6,10.85,11.12,-0.27,-2.43,128612.56,139621.7937
000937.SZ,20070905,27.0,29.17,26.83,28.52,27.27,1.25,4.58,142589.6,402712.9088
000938.SZ,20070905,17.72,18.97,17.02,18.73,18.07,0.66,3.65,136135.26,245572.5182
000939.SZ,20070905,23.88,24.25,22.98,23.31,23.85,-0.54,-2.26,92654.78,216829.748
000948.SZ,20070905,10.15,10.47,10.01,10.45,10.18,0.27,2.65,22552.06,23051.4296
000949.SZ,20070905,13.63,14.08,13.42,13.8,13.62,0.18,1.32,111483.26,153376.8972
000950.SZ,20070905,15.78,15.96,15.43,15.8,15.73,0.07,0.45,30760.79,48167.9204
000951.SZ,20070905,77.75,80.48,77.75,78.8,79.61,-0.81,-1.02,11789.19,93568.8274
000952.SZ,20070905,46.68,47.45,45.01,45.99,46.67,-0.68,-1.46,45174.99,208274.5841
000953.SZ,20070905,10.6,10.96,10.41,10.8,10.6,0.2,1.89,152898.76,164771.1006
000955.SZ,20070905,6.9,7.07,6.7,7.0,6.9,0.1,1.45,74481.0,51037.2655
000957.SZ,20070905,8.3,8.37,7.89,8.09,8.2,-0.11,-1.34,83939.85,67947.1649
000958.SZ,20070905,12.3,13.67,12.05,13.67,12.43,1.24,9.98,284861.03,372016.5672
000959.SZ,20070905,9.17,9.28,8.8,9.19,9.18,0.01,0.11,452208.16,407910.2089
000960.SZ,20070905,65.87,70.0,65.31,69.11,67.1,2.01,3.0,29863.94,204897.0398
000962.SZ,20070905,18.25,19.22,18.25,18.95,18.2,0.75,4.12,152922.7,287874.79
000963.SZ,20070905,16.12,16.33,15.7,15.9,16.21,-0.31,-1.91,56281.99,89614.1117
000966.SZ,20070905,10.09,10.26,9.75,9.96,10.09,-0.13,-1.29,70659.35,70479.4089
000967.SZ,20070905,13.15,13.45,13.1,13.42,13.21,0.21,1.59,13431.39,17876.7748
000968.SZ,20070905,22.63,23.4,22.0,22.18,21.83,0.35,1.6,138415.69,312443.767
000969.SZ,20070905,18.82,19.31,18.68,19.31,18.68,0.63,3.37,73830.14,140411.7731
000970.SZ,20070905,14.27,14.56,13.93,14.5,14.27,0.23,1.61,121502.64,173042.8669
000972.SZ,20070905,15.09,15.62,15.09,15.38,15.07,0.31,2.06,58713.74,90446.7574
000973.SZ,20070905,6.6,6.8,6.56,6.63,6.69,-0.06,-0.9,197144.58,130785.7418
000975.SZ,20070905,13.9,14.49,13.85,14.34,13.8,0.54,3.91,81999.33,116877.2973
000977.SZ,20070905,9.74,9.88,9.48,9.73,9.74,-0.01,-0.1,32382.01,31354.061
000978.SZ,20070905,22.8,22.85,21.7,22.47,22.4,0.07,0.31,19112.29,42332.6757
000980.SZ,20070905,10.3,10.5,10.01,10.17,10.3,-0.13,-1.26,68744.31,70136.3526
000981.SZ,20070905,14.7,15.15,14.31,15.14,14.43,0.71,4.92,28792.28,43211.57
000983.SZ,20070905,49.5,52.25,48.51,50.63,49.5,1.13,2.28,111801.44,568796.3228
000985.SZ,20070905,17.6,17.92,16.75,17.16,17.59,-0.43,-2.44,30204.17,51841.2689
000987.SZ,20070905,38.57,39.15,38.5,39.0,38.53,0.47,1.22,8292.97,32282.2434
000988.SZ,20070905,14.18,14.78,13.96,14.7,14.18,0.52,3.67,79247.48,113422.0853
000989.SZ,20070905,15.1,15.48,14.65,15.2,14.9,0.3,2.01,100731.32,152003.6038
000990.SZ,20070905,16.98,17.0,16.16,16.58,17.13,-0.55,-3.21,54535.1,90279.7306
000993.SZ,20070905,9.35,9.47,8.98,9.21,9.35,-0.14,-1.5,118496.98,108453.7379
000995.SZ,20070905,9.5,10.4,9.48,10.15,9.54,0.61,6.39,125031.17,125890.6463
000996.SZ,20070905,21.8,23.96,21.8,23.07,21.92,1.15,5.25,30926.56,71173.1489
000997.SZ,20070905,12.03,12.6,11.93,12.52,12.1,0.42,3.47,121290.76,148803.6143
000998.SZ,20070905,17.63,18.24,17.42,17.78,17.5,0.28,1.6,42803.17,76255.09
000999.SZ,20070905,19.16,19.89,19.03,19.58,19.1,0.48,2.51,63132.46,123172.488
001696.SZ,20070905,25.01,25.3,24.35,24.75,25.06,-0.31,-1.24,61379.22,151667.578
001896.SZ,20070905,8.38,8.5,8.06,8.32,8.36,-0.04,-0.48,39392.62,32540.7584
002001.SZ,20070905,11.7,12.2,11.38,11.83,11.78,0.05,0.42,74305.66,87239.1144
002002.SZ,20070905,9.06,9.24,8.75,9.2,9.03,0.17,1.88,48706.84,43589.4285
002003.SZ,20070905,31.33,32.5,30.68,31.9,31.11,0.79,2.54,5486.76,17442.561
002004.SZ,20070905,29.75,30.32,29.3,29.67,29.74,-0.07,-0.24,11296.39,33635.137
002005.SZ,20070905,13.43,13.43,12.79,12.93,13.45,-0.52,-3.87,25834.72,33543.5238
002006.SZ,20070905,16.3,17.2,15.31,16.0,16.61,-0.61,-3.67,69504.55,111308.8121
002007.SZ,20070905,49.02,49.47,47.51,47.72,49.0,-1.28,-2.61,2725.9,13164.4812
002008.SZ,20070905,30.65,30.88,29.88,30.3,30.6,-0.3,-0.98,16649.44,50321.2955
002009.SZ,20070905,26.38,27.5,25.82,26.24,26.35,-0.11,-0.42,24724.23,65342.0651
002010.SZ,20070905,20.7,21.5,20.5,20.99,20.73,0.26,1.25,20973.68,44297.0916
002011.SZ,20070905,27.66,29.99,27.66,28.8,28.13,0.67,2.38,19269.9,55923.0023
002012.SZ,20070905,9.21,9.38,8.78,9.27,9.29,-0.02,-0.22,62842.46,56768.1302
002013.SZ,20070905,25.37,26.87,25.18,26.35,25.38,0.97,3.82,18447.23,48373.641
002014.SZ,20070905,16.67,17.19,16.67,16.97,17.19,-0.22,-1.28,30986.85,52260.7849
002015.SZ,20070905,14.16,14.5,13.58,13.98,14.18,-0.2,-1.41,30359.93,42570.6029
002017.SZ,20070905,14.16,14.34,13.62,13.92,14.28,-0.36,-2.52,17810.62,24836.3941
002018.SZ,20070905,18.74,18.85,18.37,18.66,18.74,-0.08,-0.43,16222.11,30171.604
002019.SZ,20070905,38.5,39.1,38.3,38.95,38.55,0.4,1.04,14277.03,55197.0278
002020.SZ,20070905,10.18,10.29,9.88,10.19,10.16,0.03,0.3,14880.71,14980.8829
002021.SZ,20070905,15.55,15.79,15.13,15.45,15.55,-0.1,-0.64,32391.81,49866.3131
002022.SZ,20070905,31.05,32.2,30.43,30.6,30.71,-0.11,-0.36,42037.1,131906.0997
002023.SZ,20070905,17.38,17.59,16.97,17.28,17.31,-0.03,-0.17,28017.95,48451.4351
002024.SZ,20070905,69.01,69.45,66.93,67.99,69.0,-1.01,-1.46,38210.31,259228.865
002025.SZ,20070905,28.92,29.35,28.2,28.64,29.0,-0.36,-1.24,20309.8,58340.4604
002026.SZ,20070905,9.42,9.5,9.3,9.47,9.41,0.06,0.64,15070.11,14164.7095
002027.SZ,20070905,8.0,8.1,7.79,7.95,7.99,-0.04,-0.5,34631.5,27465.7524
002028.SZ,20070905,76.5,78.21,76.11,77.9,76.89,1.01,1.31,4752.95,36831.6921
002029.SZ,20070905,28.0,28.55,27.48,28.4,28.0,0.4,1.43,22705.44,63733.7233
002030.SZ,20070905,16.98,17.35,16.8,17.3,17.18,0.12,0.7,15240.42,25926.1744
002031.SZ,20070905,18.09,18.5,18.02,18.45,18.14,0.31,1.71,14870.12,27150.7408
002032.SZ,20070905,42.0,43.01,40.69,41.33,41.43,-0.1,-0.24,6809.77,28419.1873
002033.SZ,20070905,25.8,26.2,24.8,25.35,25.8,-0.45,-1.74,22339.42,56159.4521
002034.SZ,20070905,11.19,11.31,11.0,11.24,11.16,0.08,0.72,10274.57,11478.8923
002035.SZ,20070905,9.03,9.15,8.83,9.15,8.95,0.2,2.23,37470.61,33805.7455
002036.SZ,20070905,28.6,30.3,28.6,29.74,29.35,0.39,1.33,9481.55,28113.8872
002037.SZ,20070905,19.8,19.9,19.0,19.5,19.9,-0.4,-2.01,13946.9,26950.8341
002038.SZ,20070905,42.5,42.5,41.36,42.2,42.13,0.07,0.17,10348.48,43343.0118
002039.SZ,20070905,18.48,18.88,18.18,18.25,18.6,-0.35,-1.88,6474.7,11884.0881
002040.SZ,20070905,11.3,11.68,11.1,11.63,11.36,0.27,2.38,62228.16,71195.067
002041.SZ,20070905,12.43,12.55,12.0,12.38,12.4,-0.02,-0.16,21170.35,26051.353
002043.SZ,20070905,11.28,11.47,11.0,11.47,11.28,0.19,1.68,23272.12,26012.9045
002044.SZ,20070905,8.9,8.99,8.72,8.85,8.89,-0.04,-0.45,14951.77,13180.9202
002045.SZ,20070905,14.06,14.89,14.06,14.82,14.14,0.68,4.81,58358.18,84920.5893
002046.SZ,20070905,16.0,16.06,15.31,15.65,15.95,-0.3,-1.88,22201.72,34860.0709
002047.SZ,20070905,9.3,9.45,9.01,9.15,9.32,-0.17,-1.82,46115.99,42285.5069
002048.SZ,20070905,25.0,25.29,24.0,24.5,24.85,-0.35,-1.41,25125.36,61296.2821
002049.SZ,20070905,14.08,14.19,13.7,13.92,14.08,-0.16,-1.14,9525.31,13280.9452
002051.SZ,20070905,29.92,30.5,29.5,30.35,29.86,0.49,1.64,24438.65,73354.9179
002052.SZ,20070905,23.23,23.99,23.0,23.84,23.23,0.61,2.63,42105.68,98704.7132
002053.SZ,20070905,18.0,18.68,17.66,18.56,17.76,0.8,4.5,53952.63,98219.2711
002054.SZ,20070905,23.29,23.65,22.61,23.35,22.95,0.4,1.74,32056.42,74227.3615
002055.SZ,20070905,19.97,20.34,19.4,19.85,19.97,-0.12,-0.6,6605.03,13120.8509
002056.SZ,20070905,34.7,35.18,33.9,35.02,34.75,0.27,0.78,19815.56,68319.5247
002057.SZ,20070905,13.45,13.65,13.07,13.37,13.41,-0.04,-0.3,16372.09,21706.8025
002058.SZ,20070905,14.13,14.58,14.1,14.41,14.13,0.28,1.98,11061.51,15846.3862
002059.SZ,20070905,11.49,11.5,11.1,11.49,11.36,0.13,1.14,21460.39,24206.5509
002060.SZ,20070905,11.23,11.41,11.13,11.31,11.23,0.08,0.71,29367.74,33084.1727
002061.SZ,20070905,24.45,24.99,24.0,24.92,24.35,0.57,2.34,9743.99,23817.7214
002062.SZ,20070905,19.5,19.98,19.35,19.75,19.4,0.35,1.8,25325.46,49882.8915
002063.SZ,20070905,21.35,21.9,21.03,21.3,21.8,-0.5,-2.29,9730.56,20779.7202
002064.SZ,20070905,52.6,53.75,52.01,52.6,53.4,-0.8,-1.5,15308.18,80575.4995
002065.SZ,20070905,32.45,33.5,32.45,33.0,32.4,0.6,1.85,10911.57,36046.7082
002066.SZ,20070905,20.0,20.1,19.51,19.73,20.07,-0.34,-1.69,5430.5,10754.4043
002068.SZ,20070905,29.01,29.29,28.22,28.66,28.9,-0.24,-0.83,16993.56,48647.1658
002069.SZ,20070905,79.0,79.9,77.5,78.0,78.99,-0.99,-1.25,4506.25,35320.092
002070.SZ,20070905,20.2,21.55,19.8,21.32,20.2,1.12,5.54,21437.8,44565.7268
002071.SZ,20070905,9.65,9.94,9.6,9.79,9.73,0.06,0.62,16868.79,16489.1431
002072.SZ,20070905,8.59,8.67,8.33,8.5,8.47,0.03,0.35,19714.18,16696.4634
002073.SZ,20070905,37.27,38.24,36.1,38.24,37.48,0.76,2.03,15059.2,55842.643
002074.SZ,20070905,20.65,21.35,19.78,20.28,20.66,-0.38,-1.84,12292.43,24951.8542
002076.SZ,20070905,19.7,20.2,19.56,19.83,19.71,0.12,0.61,10674.26,21150.4002
002077.SZ,20070905,13.91,15.3,13.91,15.3,13.91,1.39,9.99,92533.82,135750.7209
002078.SZ,20070905,32.61,32.93,31.68,32.45,32.61,-0.16,-0.49,13350.45,42914.1081
002079.SZ,20070905,17.0,17.16,16.34,16.7,16.99,-0.29,-1.71,20277.09,33795.3217
002080.SZ,20070905,30.88,31.5,29.72,30.05,30.6,-0.55,-1.8,12760.64,38599.2782
002081.SZ,20070905,51.35,51.4,49.5,49.64,51.4,-1.76,-3.42,3524.55,17721.9329
002082.SZ,20070905,18.95,19.29,18.61,18.9,18.97,-0.07,-0.37,19618.53,37225.8973
002083.SZ,20070905,17.29,18.0,16.8,17.76,17.48,0.28,1.6,42710.13,73897.6777
002084.SZ,20070905,32.88,33.3,32.07,32.45,32.55,-0.1,-0.31,19089.44,62299.7763
002085.SZ,20070905,11.0,11.16,10.72,10.9,11.14,-0.24,-2.15,35293.79,38418.8067
002086.SZ,20070905,18.22,18.25,17.41,17.81,18.23,-0.42,-2.3,16467.15,29208.3233
002087.SZ,20070905,9.33,9.4,9.1,9.32,9.3,0.02,0.22,29067.16,26799.4856
002088.SZ,20070905,47.4,49.09,47.36,49.0,47.35,1.65,3.48,5613.02,27088.4622
002089.SZ,20070905,19.8,20.05,19.2,19.4,19.81,-0.41,-2.07,9145.89,17866.7339
002090.SZ,20070905,20.48,20.99,20.4,20.99,20.51,0.48,2.34,9553.44,19828.836
002091.SZ,20070905,14.85,15.15,14.6,14.93,14.82,0.11,0.74,12764.27,18986.5814
002092.SZ,20070905,25.97,26.47,25.32,26.47,25.6,0.87,3.4,32604.85,84691.5012
002093.SZ,20070905,49.85,49.85,48.53,48.79,49.39,-0.6,-1.21,13223.11,64621.9087
002095.SZ,20070905,71.71,71.95,69.88,70.27,71.7,-1.43,-1.99,2490.65,17540.3435
002096.SZ,20070905,30.24,30.7,29.5,29.84,30.24,-0.4,-1.32,3388.29,10116.1021
002097.SZ,20070905,51.9,53.5,51.0,52.35,51.99,0.36,0.69,13877.42,73040.6339
002098.SZ,20070905,20.0,20.09,19.41,19.68,19.95,-0.27,-1.35,14665.44,28846.687
002099.SZ,20070905,15.18,16.0,15.02,15.87,15.13,0.74,4.89,33908.16,52402.7736
002101.SZ,20070905,23.0,23.37,22.94,23.14,23.12,0.02,0.09,2685.0,6214.2852
002102.SZ,20070905,28.76,28.76,27.46,28.0,28.76,-0.76,-2.64,3840.24,10775.487
002103.SZ,20070905,12.0,12.9,11.97,12.9,12.0,0.9,7.5,55808.9,69674.3317
002104.SZ,20070905,17.7,18.06,17.7,17.83,17.88,-0.05,-0.28,12086.11,21564.5093
002105.SZ,20070905,10.05,10.4,10.0,10.21,10.07,0.14,1.39,32252.62,33036.8208
002106.SZ,20070905,35.49,36.0,35.0,36.0,35.49,0.51,1.44,14849.46,52753.1148
002107.SZ,20070905,25.5,25.75,25.2,25.4,25.5,-0.1,-0.39,4695.08,11936.0229
002108.SZ,20070905,21.6,21.95,20.9,21.32,21.58,-0.26,-1.2,7449.82,15885.8928
002109.SZ,20070905,18.51,19.17,18.4,19.1,18.5,0.6,3.24,22980.75,43236.1597
002110.SZ,20070905,16.17,16.32,15.91,16.15,16.22,-0.07,-0.43,36175.02,58312.8784
002111.SZ,20070905,37.6,38.18,36.61,37.5,37.72,-0.22,-0.58,6580.14,24525.8248
002112.SZ,20070905,20.66,21.0,20.26,20.65,20.75,-0.1,-0.48,5361.58,11011.0388
002113.SZ,20070905,17.73,17.98,17.6,17.82,17.83,-0.01,-0.06,5159.99,9170.9912
002114.SZ,20070905,44.49,45.4,44.02,44.32,44.18,0.14,0.32,10130.59,45196.3484
002115.SZ,20070905,25.54,25.54,24.55,24.75,25.28,-0.53,-2.1,5991.92,14938.6447
002116.SZ,20070905,24.5,24.5,23.66,23.86,24.15,-0.29,-1.2,8481.71,20304.4643
002117.SZ,20070905,19.26,19.26,18.6,18.99,19.15,-0.16,-0.84,8662.0,16422.3994
002118.SZ,20070905,23.3,23.62,23.3,23.45,23.43,0.02,0.09,4916.8,11507.1997
002119.SZ,20070905,24.78,24.9,24.09,24.46,24.81,-0.35,-1.41,9804.68,23886.6839
002120.SZ,20070905,21.9,22.56,21.8,22.01,21.8,0.21,0.96,19353.63,42982.1505
002121.SZ,20070905,35.2,36.0,33.9,34.39,35.2,-0.81,-2.3,9329.77,32085.4521
002122.SZ,20070905,101.28,102.99,99.09,99.35,102.2,-2.85,-2.79,7230.38,73198.9946
002123.SZ,20070905,89.98,90.0,87.8,88.7,89.88,-1.18,-1.31,2465.94,21872.2342
002124.SZ,20070905,35.81,35.99,35.09,35.6,35.8,-0.2,-0.56,3996.4,14114.1036
002125.SZ,20070905,17.31,17.65,17.26,17.54,17.3,0.24,1.39,13019.33,22761.808
002126.SZ,20070905,18.6,18.82,18.39,18.77,18.56,0.21,1.13,8965.41,16702.6239
002127.SZ,20070905,18.85,19.08,18.52,18.69,18.86,-0.17,-0.9,6761.8,12699.1467
002128.SZ,20070905,48.11,50.6,47.9,49.3,48.1,1.2,2.49,32707.24,160993.5497
002129.SZ,20070905,17.03,17.99,17.03,17.86,17.01,0.85,5.0,53387.46,94465.8202
002130.SZ,20070905,50.91,51.55,50.6,51.55,50.86,0.69,1.36,3077.75,15722.5185
002131.SZ,20070905,34.0,34.0,33.43,33.85,33.84,0.01,0.03,4394.6,14756.5439
002132.SZ,20070905,25.5,25.99,24.85,25.33,25.59,-0.26,-1.02,22272.58,56434.856
002133.SZ,20070905,22.6,22.85,22.28,22.7,22.6,0.1,0.44,16160.82,36498.891
002134.SZ,20070905,18.26,18.42,17.9,18.12,18.25,-0.13,-0.71,12681.23,22998.2537
002135.SZ,20070905,23.12,23.42,22.81,22.95,23.12,-0.17,-0.74,13055.94,29999.7341
002136.SZ,20070905,23.9,23.98,23.3,23.58,24.1,-0.52,-2.16,7499.47,17653.7857
002137.SZ,20070905,40.0,41.0,39.8,40.15,40.73,-0.58,-1.42,7479.63,30085.2497
002138.SZ,20070905,32.51,32.92,31.71,31.94,32.46,-0.52,-1.6,6095.17,19624.0682
002139.SZ,20070905,39.09,39.4,37.8,39.07,39.08,-0.01,-0.03,13096.95,50656.2652
002140.SZ,20070905,79.99,87.99,78.66,87.79,79.99,7.8,9.75,4937.12,41696.7709
002141.SZ,20070905,25.1,25.97,25.0,25.38,25.0,0.38,1.52,10927.2,27794.4366
002142.SZ,20070905,26.5,27.14,26.34,26.97,26.35,0.62,2.35,95236.34,255276.7163
002143.SZ,20070905,30.58,31.09,30.36,30.86,31.0,-0.14,-0.45,5140.78,15718.7693
002144.SZ,20070905,26.27,26.6,26.18,26.31,26.26,0.05,0.19,6161.27,16238.9439
002145.SZ,20070905,28.23,28.74,28.01,28.5,28.24,0.26,0.92,16697.19,47315.4711
002146.SZ,20070905,40.8,40.89,38.88,38.96,40.9,-1.94,-4.74,36285.4,143235.2618
002147.SZ,20070905,51.0,51.4,49.88,50.3,51.5,-1.2,-2.33,6625.07,33303.4421
002148.SZ,20070905,52.7,53.21,52.3,52.49,52.8,-0.31,-0.59,2611.87,13704.2816
002149.SZ,20070905,47.65,48.5,47.28,47.82,47.65,0.17,0.36,9391.65,44815.2705
002150.SZ,20070905,39.01,39.2,38.38,39.2,38.82,0.38,0.98,5278.66,20410.3141
002151.SZ,20070905,58.02,58.65,57.4,57.88,58.3,-0.42,-0.72,4290.7,24807.8347
002152.SZ,20070905,79.0,82.21,79.0,81.45,78.6,2.85,3.63,10946.83,88242.3134
002153.SZ,20070905,77.81,79.53,77.77,78.88,78.2,0.68,0.87,3082.86,24303.9343
002154.SZ,20070905,36.32,36.67,35.89,36.2,36.54,-0.34,-0.93,8063.11,29214.6341
002155.SZ,20070905,61.3,63.1,61.01,61.76,61.67,0.09,0.15,26545.89,164828.8692
002156.SZ,20070905,24.64,25.55,24.61,25.39,24.54,0.85,3.46,43170.51,108104.2592
002157.SZ,20070905,33.37,33.95,33.35,33.76,33.6,0.16,0.48,4282.81,14357.8516
002158.SZ,20070905,28.05,28.75,27.97,28.33,27.9,0.43,1.54,9607.96,27117.083
002159.SZ,20070905,24.08,24.59,23.7,24.0,24.44,-0.44,-1.8,11007.32,26559.3342
002160.SZ,20070905,37.7,40.0,37.07,38.44,37.97,0.47,1.24,31098.53,121312.3264
002161.SZ,20070905,54.38,55.35,53.33,53.98,55.02,-1.04,-1.89,5718.99,31019.4418
002162.SZ,20070905,14.5,14.65,14.3,14.49,14.54,-0.05,-0.34,36465.35,52528.6317
002163.SZ,20070905,22.01,22.28,21.48,21.63,22.04,-0.41,-1.86,17282.21,37561.7995
002164.SZ,20070905,31.61,32.3,30.52,31.74,32.12,-0.38,-1.18,21723.93,68174.4948
600000.SH,20070905,54.0,54.4,52.5,53.19,54.37,-1.18,-2.17,115662.02,616621.757
600001.SH,20070905,8.6,8.77,8.41,8.69,8.64,0.05,0.58,708669.91,606681.195
600003.SH,20070905,7.04,7.24,6.98,7.09,7.04,0.05,0.71,153087.62,108664.587
600004.SH,20070905,20.04,20.84,19.82,20.8,20.13,0.67,3.33,73232.66,148005.071
600005.SH,20070905,17.9,18.45,17.6,18.2,17.97,0.23,1.28,370799.59,667053.1
600006.SH,20070905,9.8,10.23,9.8,10.0,9.68,0.32,3.31,806272.98,807108.279
600007.SH,20070905,23.0,23.2,22.1,22.57,23.0,-0.43,-1.87,63958.71,144059.669
600008.SH,20070905,19.29,20.4,19.14,19.55,19.14,0.41,2.14,454166.71,897283.249
600009.SH,20070905,40.9,42.28,40.5,42.21,40.7,1.51,3.71,135621.12,559472.737
600010.SH,20070905,8.45,8.58,8.19,8.47,8.47,0.0,0.0,969276.39,811067.099
600011.SH,20070905,15.5,15.67,14.99,15.28,15.52,-0.24,-1.55,182772.57,279343.572
600012.SH,20070905,10.59,11.46,10.5,10.95,10.46,0.49,4.68,708072.28,769506.131
600015.SH,20070905,19.45,19.83,18.92,19.28,19.45,-0.17,-0.87,364141.6,701139.725
600016.SH,20070905,16.58,16.78,16.19,16.62,16.61,0.01,0.06,1403465.88,2303029.745
600017.SH,20070905,12.6,12.86,12.2,12.68,12.57,0.11,0.88,104162.98,129750.326
600018.SH,20070905,10.3,10.42,9.99,10.25,10.35,-0.1,-0.97,577017.42,588705.466
600019.SH,20070905,18.87,19.31,18.6,19.12,18.97,0.15,0.79,649630.35,1229581.055
600020.SH,20070905,9.18,9.57,9.15,9.3,9.2,0.1,1.09,325235.02,303106.703
600021.SH,20070905,11.12,11.18,10.56,10.77,11.08,-0.31,-2.8,242003.5,261423.286
600022.SH,20070905,21.02,23.06,21.01,22.47,21.57,0.9,4.17,67561.05,150080.052
600026.SH,20070905,35.05,35.05,33.75,34.86,35.06,-0.2,-0.57,120381.37,412567.726
600027.SH,20070905,9.82,9.87,9.35,9.5,9.78,-0.28,-2.86,355067.23,337226.975
600028.SH,20070905,17.01,17.67,16.8,17.11,17.0,0.11,0.65,1701089.7,2922468.876
600029.SH,20070905,21.85,22.0,20.7,21.96,21.96,0.0,0.0,386974.18,821483.551
600030.SH,20070905,87.06,88.44,83.02,84.91,87.05,-2.14,-2.46,326025.15,2776185.61
600031.SH,20070905,54.9,55.5,52.3,52.85,54.81,-1.96,-3.58,115534.46,614609.739
600033.SH,20070905,9.71,10.15,9.62,9.84,9.65,0.19,1.97,252397.69,249115.05
600035.SH,20070905,9.49,9.87,9.25,9.46,9.52,-0.06,-0.63,125481.46,119758.64
600036.SH,20070905,37.4,38.0,36.06,36.7,37.52,-0.82,-2.19,593616.96,2182424.617
600037.SH,20070905,34.76,35.49,33.95,34.42,34.68,-0.26,-0.75,48435.44,166706.203
600038.SH,20070905,19.71,19.95,19.6,19.83,19.69,0.14,0.71,7373.66,14580.473
600039.SH,20070905,9.96,10.12,9.85,10.1,9.95,0.15,1.51,94828.69,94780.94
600048.SH,20070905,84.05,85.0,80.5,81.03,83.99,-2.96,-3.52,37398.93,305595.988
600050.SH,20070905,8.2,8.74,8.17,8.36,8.27,0.09,1.09,4424211.8,3725267.072
600051.SH,20070905,11.01,11.6,10.9,11.59,10.97,0.62,5.65,83726.46,94047.322
600053.SH,20070905,23.77,24.0,22.52,22.91,23.74,-0.83,-3.5,24629.18,57048.07
600054.SH,20070905,28.0,28.5,27.13,27.35,28.04,-0.69,-2.46,26406.78,73114.885
600055.SH,20070905,17.35,17.8,16.83,17.06,17.34,-0.28,-1.61,17081.89,29440.733
600056.SH,20070905,19.3,21.6,19.21,21.15,19.67,1.48,7.52,124702.72,254907.485
600057.SH,20070905,7.35,7.46,7.08,7.32,7.49,-0.17,-2.27,212058.34,153996.481
600058.SH,20070905,33.05,34.2,33.05,33.69,33.52,0.17,0.51,96439.58,325217.188
600059.SH,20070905,26.51,27.48,26.15,27.46,26.5,0.96,3.62,64604.96,173449.812
600060.SH,20070905,12.8,13.04,12.44,12.63,12.79,-0.16,-1.25,129385.86,164895.407
600061.SH,20070905,6.78,6.89,6.64,6.78,6.78,0.0,0.0,70446.16,47661.757
600062.SH,20070905,27.93,28.2,27.01,27.44,27.9,-0.46,-1.65,28192.12,77933.924
600064.SH,20070905,36.25,36.75,35.39,35.9,36.38,-0.48,-1.32,65857.63,235733.377
600066.SH,20070905,34.21,36.48,33.5,36.38,34.15,2.23,6.53,60598.28,213717.727
600067.SH,20070905,25.95,26.88,25.2,25.97,25.95,0.02,0.08,53345.05,138266.213
600068.SH,20070905,15.88,16.08,15.51,15.68,15.95,-0.27,-1.69,176600.07,277277.503
600069.SH,20070905,16.6,17.0,15.7,15.99,16.73,-0.74,-4.42,171003.45,277586.932
600070.SH,20070905,7.88,8.08,7.65,7.85,7.87,-0.02,-0.25,52522.64,41141.707
600071.SH,20070905,10.91,10.99,10.38,10.59,10.91,-0.32,-2.93,51920.09,55240.646
600072.SH,20070905,35.5,35.53,32.8,34.16,33.84,0.32,0.95,272190.35,930526.357
600073.SH,20070905,14.01,14.18,13.3,13.77,14.06,-0.29,-2.06,97818.33,134164.876
600074.SH,20070905,7.82,7.98,7.31,7.5,7.69,-0.19,-2.47,310584.71,236118.456
600075.SH,20070905,19.1,19.7,18.68,18.94,19.21,-0.27,-1.41,132939.62,254633.252
600076.SH,20070905,7.7,7.98,7.6,7.98,7.6,0.38,5.0,145095.87,113808.613
600077.SH,20070905,8.62,8.78,8.35,8.61,8.63,-0.02,-0.23,32169.42,27445.937
600078.SH,20070905,8.8,8.88,8.55,8.77,8.76,0.01,0.11,96243.16,83720.301
600079.SH,20070905,9.25,9.35,9.01,9.15,9.25,-0.1,-1.08,104731.78,96023.787
600080.SH,20070905,7.91,8.04,7.62,7.68,8.02,-0.34,-4.24,142673.9,110107.551
600081.SH,20070905,9.06,9.3,8.83,8.94,9.19,-0.25,-2.72,65541.08,58930.123
600082.SH,20070905,18.8,18.8,17.88,18.59,18.76,-0.17,-0.91,71897.75,131862.894
600085.SH,20070905,38.97,39.66,38.8,39.64,38.85,0.79,2.03,45891.22,180156.023
600086.SH,20070905,14.2,14.6,13.8,14.09,14.18,-0.09,-0.63,60233.49,85623.975
600087.SH,20070905,17.5,17.85,17.1,17.59,17.77,-0.18,-1.01,148351.5,258060.644
600088.SH,20070905,36.1,36.48,34.86,35.49,36.06,-0.57,-1.58,18265.69,64926.325
600091.SH,20070905,8.75,8.85,8.32,8.55,8.74,-0.19,-2.17,136212.72,116304.401
600093.SH,20070905,7.89,8.1,7.8,8.0,7.69,0.31,4.03,79410.92,63008.197
600094.SH,20070905,6.03,6.25,5.99,6.11,6.08,0.03,0.49,77667.73,47312.889
600095.SH,20070905,8.59,8.69,8.3,8.54,8.59,-0.05,-0.58,96808.75,81748.112
600096.SH,20070905,38.61,42.47,38.05,42.38,38.61,3.77,9.76,188872.2,774826.966
600097.SH,20070905,10.49,10.49,10.0,10.28,10.39,-0.11,-1.06,21211.09,21659.841
600098.SH,20070905,16.0,16.1,15.58,15.86,15.96,-0.1,-0.63,202545.6,320502.308
600099.SH,20070905,10.7,10.95,10.4,10.69,10.73,-0.04,-0.37,49540.4,52608.203
600100.SH,20070905,37.04,37.75,36.32,37.51,37.04,0.47,1.27,68265.03,252758.387
600101.SH,20070905,7.57,7.98,7.56,7.89,7.66,0.23,3.0,133115.36,103890.501
600102.SH,20070905,20.28,20.97,20.02,20.59,20.25,0.34,1.68,91820.21,187801.02
600103.SH,20070905,6.54,6.65,6.36,6.53,6.59,-0.06,-0.91,274042.97,178042.882
600104.SH,20070905,24.95,25.04,24.0,24.54,24.94,-0.4,-1.6,247162.29,603772.679
600105.SH,20070905,10.15,10.76,10.15,10.63,10.26,0.37,3.61,83542.51,87902.623
600106.SH,20070905,21.16,21.5,19.9,21.0,20.95,0.05,0.24,87824.88,181970.262
600107.SH,20070905,24.25,25.48,24.1,25.35,24.42,0.93,3.81,135727.76,340548.185
600108.SH,20070905,9.49,9.75,9.28,9.5,9.51,-0.01,-0.11,785132.67,750278.6
600109.SH,20070905,72.34,72.8,69.88,70.81,72.34,-1.53,-2.12,19006.92,134803.696
600110.SH,20070905,22.73,23.73,22.31,23.34,22.33,1.01,4.52,181006.18,418087.523
600111.SH,20070905,39.3,40.88,39.27,40.09,39.35,0.74,1.88,54060.79,217247.188
600112.SH,20070905,15.08,15.49,14.38,14.86,14.98,-0.12,-0.8,64055.17,95548.77
600113.SH,20070905,13.78,13.78,13.3,13.65,13.57,0.08,0.59,18355.71,24710.015
600114.SH,20070905,9.39,9.52,9.15,9.44,9.42,0.02,0.21,30323.54,28334.406
600115.SH,20070905,12.78,12.78,12.78,12.78,11.62,1.16,9.98,4031.99,5152.883
600116.SH,20070905,13.02,13.77,12.7,13.71,13.0,0.71,5.46,128929.14,170244.091
600117.SH,20070905,13.75,14.35,13.65,14.0,13.75,0.25,1.82,177117.74,247464.544
600118.SH,20070905,39.98,40.56,39.03,39.77,39.95,-0.18,-0.45,20546.42,81530.996
600119.SH,20070905,7.8,8.0,7.51,7.95,7.81,0.14,1.79,91458.23,70766.22
600120.SH,20070905,11.84,12.96,11.68,12.82,11.84,0.98,8.28,210365.5,260880.147
600121.SH,20070905,15.6,16.35,15.3,16.09,15.42,0.67,4.35,213729.35,340420.115
600122.SH,20070905,16.8,17.46,16.52,17.03,16.84,0.19,1.13,46482.04,79139.46
600123.SH,20070905,46.2,50.8,46.02,48.94,46.69,2.25,4.82,67178.91,331607.695
600125.SH,20070905,14.0,14.4,13.71,14.01,13.99,0.02,0.14,169111.94,237340.057
600126.SH,20070905,11.5,11.64,11.11,11.38,11.36,0.02,0.18,109920.42,124418.04
600127.SH,20070905,11.24,11.28,10.63,10.86,11.13,-0.27,-2.43,148235.33,161029.372
600128.SH,20070905,17.1,17.89,17.08,17.72,17.29,0.43,2.49,71057.33,124749.03
600129.SH,20070905,22.59,23.24,21.85,22.43,22.53,-0.1,-0.44,28154.57,63000.419
600130.SH,20070905,6.05,6.1,5.81,6.03,6.12,-0.09,-1.47,226646.81,135311.021
600131.SH,20070905,10.43,10.67,10.11,10.28,10.38,-0.1,-0.96,92220.34,94962.499
600132.SH,20070905,40.9,41.5,39.85,40.43,40.98,-0.55,-1.34,28138.83,113421.676
600133.SH,20070905,12.21,12.51,12.0,12.22,12.34,-0.12,-0.97,41376.05,50476.052
600135.SH,20070905,14.88,15.6,14.7,15.6,14.86,0.74,4.98,64847.17,99210.072
600136.SH,20070905,11.56,11.56,10.8,11.0,11.01,-0.01,-0.09,72206.45,81929.595
600137.SH,20070905,46.1,50.11,45.73,48.63,48.11,0.52,1.08,24936.92,117845.116
600138.SH,20070905,29.7,29.9,28.2,28.89,29.57,-0.68,-2.3,71247.15,206236.114
600139.SH,20070905,17.36,18.46,16.7,18.46,17.58,0.88,5.01,24038.12,41333.035
600141.SH,20070905,16.5,16.97,16.48,16.78,16.65,0.13,0.78,26207.83,43690.682
600143.SH,20070905,37.6,38.22,37.0,37.26,37.53,-0.27,-0.72,45799.49,171252.321
600145.SH,20070905,10.75,11.09,10.5,10.66,10.79,-0.13,-1.2,63989.49,68444.795
600148.SH,20070905,14.62,14.98,14.0,14.97,14.74,0.23,1.56,43088.04,61928.425
600149.SH,20070905,10.45,10.48,10.09,10.33,10.26,0.07,0.68,173947.19,179017.164
600150.SH,20070905,218.03,227.5,210.0,223.67,218.03,5.64,2.59,9659.9,213584.876
600151.SH,20070905,14.3,14.98,14.26,14.83,14.27,0.56,3.92,206505.36,301925.985
600152.SH,20070905,9.96,10.5,9.82,10.49,9.86,0.63,6.39,168309.81,169957.445
600153.SH,20070905,27.61,28.0,26.9,27.34,27.6,-0.26,-0.94,63037.83,171849.111
600155.SH,20070905,6.09,6.29,5.85,6.02,6.14,-0.12,-1.95,99527.33,60418.867
600156.SH,20070905,10.72,11.22,10.69,10.93,10.72,0.21,1.96,110400.31,120201.052
600157.SH,20070905,15.29,15.98,15.01,15.98,15.22,0.76,4.99,40267.66,63024.609
600158.SH,20070905,38.88,39.49,38.4,38.99,38.92,0.07,0.18,32021.17,124427.831
600159.SH,20070905,13.28,13.5,12.7,12.96,13.19,-0.23,-1.74,45971.38,59803.227
600160.SH,20070905,12.64,13.01,12.45,12.99,12.76,0.23,1.8,97303.95,123755.853
600161.SH,20070905,39.78,40.28,38.1,38.5,39.74,-1.24,-3.12,28091.49,108942.64
600162.SH,20070905,31.15,31.6,30.5,31.2,30.8,0.4,1.3,68230.76,211992.699
600163.SH,20070905,8.13,8.39,8.01,8.23,8.16,0.07,0.86,36194.91,29528.786
600165.SH,20070905,8.25,8.39,7.99,8.19,8.25,-0.06,-0.73,64141.48,52208.279
600166.SH,20070905,16.15,16.2,15.0,15.43,16.0,-0.57,-3.56,216680.24,339762.63
600167.SH,20070905,14.1,14.1,13.5,13.75,14.11,-0.36,-2.55,31603.18,43456.52
600168.SH,20070905,9.88,10.18,9.7,10.1,10.0,0.1,1.0,115109.35,114462.161
600169.SH,20070905,31.79,32.2,30.75,31.94,31.98,-0.04,-0.13,48086.14,152030.59
600170.SH,20070905,16.7,17.2,16.21,16.83,16.31,0.52,3.19,190107.23,317209.524
600171.SH,20070905,9.11,9.14,8.75,9.0,9.08,-0.08,-0.88,130847.32,116978.213
600172.SH,20070905,8.75,8.83,8.43,8.78,8.75,0.03,0.34,60765.6,52392.024
600175.SH,20070905,20.0,20.38,19.68,20.33,19.93,0.4,2.01,42622.48,85603.435
600176.SH,20070905,26.76,27.98,26.5,27.95,26.96,0.99,3.67,61298.11,166094.451
600177.SH,20070905,30.0,30.97,29.4,30.77,30.0,0.77,2.57,410404.08,1234504.625
600178.SH,20070905,11.4,11.7,11.25,11.62,11.47,0.15,1.31,87452.16,100398.107
600179.SH,20070905,9.8,9.8,8.6,9.1,9.5,-0.4,-4.21,251075.73,227489.396
600180.SH,20070905,9.5,9.6,9.2,9.3,9.62,-0.32,-3.33,72112.46,67479.087
600182.SH,20070905,12.18,12.54,11.93,12.54,11.94,0.6,5.03,142560.6,175976.138
600183.SH,20070905,17.0,17.25,16.28,16.85,17.05,-0.2,-1.17,199128.27,333082.053
600184.SH,20070905,18.88,20.49,18.88,20.11,18.88,1.23,6.51,45451.59,90178.829
600185.SH,20070905,8.0,8.02,7.65,7.89,8.06,-0.17,-2.11,186935.99,145722.351
600186.SH,20070905,6.6,6.97,6.47,6.95,6.67,0.28,4.2,741913.19,500449.462
600188.SH,20070905,21.7,22.89,21.33,22.22,21.75,0.47,2.16,254875.52,567581.771
600189.SH,20070905,14.58,14.77,13.95,14.01,14.63,-0.62,-4.24,58622.84,83007.276
600190.SH,20070905,8.78,9.72,8.71,9.72,8.84,0.88,9.95,364390.87,335657.501
600191.SH,20070905,17.9,17.99,17.1,17.49,17.87,-0.38,-2.13,56949.23,99715.618
600192.SH,20070905,16.92,17.64,16.55,17.01,16.58,0.43,2.59,156053.93,267415.1
600193.SH,20070905,18.99,19.26,18.3,18.73,19.02,-0.29,-1.52,43167.67,80872.862
600195.SH,20070905,34.5,34.95,32.01,33.21,34.49,-1.28,-3.71,45413.84,151533.497
600196.SH,20070905,13.81,13.96,13.55,13.85,13.66,0.19,1.39,492324.55,678360.938
600197.SH,20070905,10.7,11.28,10.66,11.25,10.71,0.54,5.04,165030.96,181758.082
600199.SH,20070905,10.98,11.75,10.9,11.52,11.01,0.51,4.63,252854.22,288301.687
600200.SH,20070905,7.21,7.7,7.21,7.57,7.14,0.43,6.02,558728.19,416985.105
600201.SH,20070905,17.24,17.9,16.71,16.98,17.24,-0.26,-1.51,82742.08,144214.552
600202.SH,20070905,21.18,22.25,21.05,21.85,21.21,0.64,3.02,40565.51,88118.027
600206.SH,20070905,29.1,29.5,28.61,29.48,29.12,0.36,1.24,26196.59,75992.284
600207.SH,20070905,8.52,8.94,8.5,8.94,8.51,0.43,5.05,153662.16,136103.073
600208.SH,20070905,21.0,21.4,20.0,20.29,20.87,-0.58,-2.78,90869.15,187864.438
600209.SH,20070905,7.29,7.47,7.11,7.4,7.23,0.17,2.35,144301.59,105477.741
600210.SH,20070905,9.62,9.78,9.2,9.53,9.59,-0.06,-0.63,361758.11,342021.332
600212.SH,20070905,7.11,7.11,6.7,6.9,7.08,-0.18,-2.54,183929.09,126775.842
600213.SH,20070905,7.46,7.75,7.38,7.68,7.43,0.25,3.36,35850.17,26987.04
600215.SH,20070905,13.71,13.88,13.01,13.34,13.71,-0.37,-2.7,133767.07,177985.091
600216.SH,20070905,8.15,8.88,8.15,8.79,8.18,0.61,7.46,192457.38,164231.815
600218.SH,20070905,9.02,9.17,8.5,8.86,9.1,-0.24,-2.64,73592.75,65352.959
600219.SH,20070905,33.35,35.1,33.02,34.19,33.4,0.79,2.37,164917.09,565575.873
600220.SH,20070905,11.25,12.12,11.25,11.99,11.09,0.9,8.12,543346.71,634567.962
600221.SH,20070905,11.47,11.47,10.72,11.12,11.28,-0.16,-1.42,405775.39,447442.092
600222.SH,20070905,8.81,9.06,8.58,8.75,8.86,-0.11,-1.24,83801.52,74265.298
600223.SH,20070905,5.91,6.2,5.89,6.16,6.02,0.14,2.33,129890.02,78334.512
600226.SH,20070905,10.75,11.32,10.55,11.29,10.98,0.31,2.82,120855.21,130528.724
600227.SH,20070905,22.2,23.37,22.06,22.95,22.2,0.75,3.38,59617.45,135552.007
600228.SH,20070905,7.13,7.45,7.1,7.43,7.13,0.3,4.21,84992.04,61684.672
600229.SH,20070905,9.81,9.95,9.45,9.78,9.81,-0.03,-0.31,63858.77,61766.588
600230.SH,20070905,17.48,19.1,17.45,18.94,17.48,1.46,8.35,62165.9,113272.885
600231.SH,20070905,13.61,14.2,13.5,13.98,13.61,0.37,2.72,156309.11,216214.057
600232.SH,20070905,10.92,10.98,10.45,10.7,10.97,-0.27,-2.46,37323.1,39939.693
600233.SH,20070905,12.79,13.28,12.68,12.96,12.7,0.26,2.05,72629.41,94509.726
600234.SH,20070905,6.89,7.08,6.83,7.05,6.9,0.15,2.17,24602.11,17224.537
600235.SH,20070905,8.0,8.19,7.89,8.18,8.07,0.11,1.36,62110.98,49860.398
600236.SH,20070905,15.37,15.56,14.5,14.83,15.15,-0.32,-2.11,125638.68,187261.943
600237.SH,20070905,8.05,8.15,7.77,7.93,8.09,-0.16,-1.98,168944.12,133924.488
600238.SH,20070905,17.39,17.8,17.1,17.59,17.39,0.2,1.15,34151.62,59492.226
600240.SH,20070905,18.9,19.12,17.95,18.3,19.13,-0.83,-4.34,95573.2,175162.402
600241.SH,20070905,11.73,12.2,11.7,11.95,11.73,0.22,1.88,16899.24,20099.569
600243.SH,20070905,15.8,15.91,15.01,15.6,15.68,-0.08,-0.51,27889.34,42848.199
600246.SH,20070905,39.0,39.2,37.6,38.42,38.95,-0.53,-1.36,29523.18,112681.386
600247.SH,20070905,8.99,9.0,8.5,8.64,8.84,-0.2,-2.26,108837.27,94435.532
600249.SH,20070905,58.7,59.49,56.6,57.8,58.77,-0.97,-1.65,37473.3,215752.823
600250.SH,20070905,9.24,9.58,9.12,9.51,9.28,0.23,2.48,39148.19,36418.521
600251.SH,20070905,25.87,26.25,25.01,25.86,25.88,-0.02,-0.08,35124.7,89166.659
600252.SH,20070905,23.5,23.68,22.7,23.4,23.7,-0.3,-1.27,20358.8,47149.193
600253.SH,20070905,8.44,8.59,8.27,8.5,8.51,-0.01,-0.12,65498.98,55117.414
600255.SH,20070905,14.59,15.15,14.38,14.72,14.4,0.32,2.22,51815.65,76574.342
600256.SH,20070905,15.15,15.43,14.81,15.04,15.47,-0.43,-2.78,123757.52,186530.991
600257.SH,20070905,8.95,9.44,8.88,9.43,8.96,0.47,5.25,171444.21,158157.87
600258.SH,20070905,49.04,49.5,47.93,48.2,48.93,-0.73,-1.49,8161.95,39504.276
600260.SH,20070905,14.25,14.58,13.75,14.05,14.26,-0.21,-1.47,84389.15,118914.7
600261.SH,20070905,20.48,20.79,19.9,20.29,20.49,-0.2,-0.98,24638.79,49909.573
600262.SH,20070905,13.35,13.63,12.81,13.13,13.56,-0.43,-3.17,34041.48,44734.334
600263.SH,20070905,18.2,18.63,17.88,18.3,18.01,0.29,1.61,55058.34,100490.591
600265.SH,20070905,12.3,12.99,12.02,12.54,12.51,0.03,0.24,76398.79,94795.502
600266.SH,20070905,32.86,33.2,31.7,32.51,32.89,-0.38,-1.16,61032.66,197008.252
600267.SH,20070905,16.41,16.85,15.8,16.4,16.7,-0.3,-1.8,95482.54,155205.842
600268.SH,20070905,18.8,18.9,18.0,18.37,18.76,-0.39,-2.08,37902.9,69344.944
600269.SH,20070905,18.97,19.93,18.95,19.34,18.84,0.5,2.65,160350.49,313196.937
600270.SH,20070905,18.45,19.0,18.15,18.45,18.31,0.14,0.76,159194.32,295876.944
600271.SH,20070905,48.5,49.7,47.8,48.99,48.28,0.71,1.47,32691.11,157480.023
600272.SH,20070905,16.1,16.49,15.77,16.1,16.19,-0.09,-0.56,31762.18,50799.504
600273.SH,20070905,10.29,10.89,10.2,10.43,10.28,0.15,1.46,66375.66,69650.566
600275.SH,20070905,11.11,11.3,10.33,10.65,11.05,-0.4,-3.62,97372.99,104097.321
600276.SH,20070905,46.24,46.35,45.0,45.24,45.89,-0.65,-1.42,16347.31,74793.845
600277.SH,20070905,18.55,18.55,18.55,18.55,16.86,1.69,10.02,5197.26,9640.917
600278.SH,20070905,14.19,14.45,13.7,14.0,14.29,-0.29,-2.03,42809.56,59941.88
600279.SH,20070905,14.2,14.6,13.85,14.58,14.12,0.46,3.26,61846.22,88058.986
600280.SH,20070905,20.7,21.35,20.6,20.84,20.95,-0.11,-0.53,8589.27,17966.399
600281.SH,20070905,9.26,9.8,9.26,9.78,9.37,0.41,4.38,135103.68,130105.119
600282.SH,20070905,20.0,20.21,19.4,20.13,20.03,0.1,0.5,99195.27,196442.055
600283.SH,20070905,16.44,16.58,15.39,16.22,16.36,-0.14,-0.86,90866.85,144541.199
600284.SH,20070905,17.16,17.44,16.33,16.88,17.11,-0.23,-1.34,115262.16,193621.166
600285.SH,20070905,33.5,34.3,33.04,33.4,33.3,0.1,0.3,33638.05,112332.441
600287.SH,20070905,14.38,14.56,13.9,14.25,14.41,-0.16,-1.11,113294.72,161326.627
600288.SH,20070905,11.95,12.24,11.4,11.94,11.86,0.08,0.67,137835.32,162057.148
600289.SH,20070905,21.95,22.3,21.0,21.49,21.89,-0.4,-1.83,49523.19,107108.341
600290.SH,20070905,57.88,60.5,57.3,58.4,56.99,1.41,2.47,9715.96,57395.951
600291.SH,20070905,37.6,39.1,37.52,38.47,37.8,0.67,1.77,22916.71,87449.417
600292.SH,20070905,13.35,13.6,12.8,13.13,13.3,-0.17,-1.28,79416.61,104375.738
600293.SH,20070905,7.4,7.6,7.22,7.49,7.44,0.05,0.67,86084.28,63766.826
600295.SH,20070905,14.76,14.98,14.05,14.79,14.74,0.05,0.34,87525.66,126260.465
600297.SH,20070905,11.65,11.74,11.41,11.67,11.6,0.07,0.6,17194.18,19848.887
600298.SH,20070905,31.25,31.79,31.05,31.41,31.14,0.27,0.87,36133.08,113456.329
600299.SH,20070905,57.1,58.96,57.0,58.87,58.85,0.02,0.03,7006.04,40731.724
600300.SH,20070905,10.88,11.35,10.71,11.31,10.86,0.45,4.14,237503.89,263519.214
600301.SH,20070905,13.55,13.68,13.14,13.43,13.58,-0.15,-1.1,58909.38,78407.468
600302.SH,20070905,12.15,12.29,11.8,12.12,12.16,-0.04,-0.33,73813.88,88684.47
600303.SH,20070905,15.55,15.95,15.28,15.7,15.55,0.15,0.96,44874.63,70305.794
600305.SH,20070905,18.9,19.0,18.31,18.65,18.91,-0.26,-1.37,13576.48,25299.385
600306.SH,20070905,11.7,11.75,11.28,11.55,11.65,-0.1,-0.86,40571.15,46791.365
600307.SH,20070905,17.77,18.39,17.46,17.89,18.1,-0.21,-1.16,120825.86,215490.131
600308.SH,20070905,36.65,36.68,34.61,35.96,36.56,-0.6,-1.64,66793.08,236851.1
600309.SH,20070905,42.89,43.1,41.18,41.5,42.92,-1.42,-3.31,87907.49,369514.188
600310.SH,20070905,35.25,35.7,33.8,34.36,35.2,-0.84,-2.39,16156.48,55614.819
600311.SH,20070905,13.3,14.18,13.28,14.06,13.32,0.74,5.56,206770.64,287338.824
600312.SH,20070905,26.79,26.98,25.97,26.58,26.91,-0.33,-1.23,31309.2,82715.634
600315.SH,20070905,43.4,44.8,43.4,44.51,43.6,0.91,2.09,11670.49,51523.441
600316.SH,20070905,38.51,39.2,37.86,38.51,38.22,0.29,0.76,48763.41,186867.803
600317.SH,20070905,18.7,19.17,18.49,19.14,18.59,0.55,2.96,122507.49,231608.182
600318.SH,20070905,10.2,10.32,9.95,10.13,10.24,-0.11,-1.07,48270.75,48599.35
600319.SH,20070905,8.69,8.83,8.46,8.69,8.7,-0.01,-0.11,39866.04,34397.963
600320.SH,20070905,26.16,26.69,25.6,25.97,26.24,-0.27,-1.03,249491.82,648939.177
600321.SH,20070905,11.39,11.58,11.03,11.54,11.39,0.15,1.32,74085.51,83736.604
600323.SH,20070905,15.63,15.87,15.3,15.56,15.62,-0.06,-0.38,34848.25,54279.337
600325.SH,20070905,50.2,50.98,48.5,49.0,50.13,-1.13,-2.25,29940.32,147057.098
600326.SH,20070905,19.51,19.71,18.83,19.1,19.78,-0.68,-3.44,47890.32,91778.261
600327.SH,20070905,14.98,14.98,14.46,14.83,14.88,-0.05,-0.34,19201.69,28304.229
600328.SH,20070905,15.25,15.25,14.58,15.2,14.94,0.26,1.74,84830.19,126138.576
600329.SH,20070905,12.52,13.0,12.45,12.86,12.71,0.15,1.18,23533.38,29838.063
600330.SH,20070905,10.96,11.08,10.55,10.86,10.95,-0.09,-0.82,120886.54,130387.132
600331.SH,20070905,68.4,70.98,68.3,69.3,68.54,0.76,1.11,28173.64,196678.494
600332.SH,20070905,15.01,15.31,14.9,14.99,15.22,-0.23,-1.51,37179.72,55976.575
600333.SH,20070905,9.12,9.33,9.0,9.17,9.13,0.04,0.44,78332.85,71645.039
600335.SH,20070905,14.1,15.48,14.08,15.48,14.07,1.41,10.02,44068.72,66664.708
600336.SH,20070905,10.92,11.11,10.51,11.0,10.84,0.16,1.48,37743.68,40936.001
600337.SH,20070905,30.2,30.99,29.01,29.41,30.09,-0.68,-2.26,36982.35,111635.179
600338.SH,20070905,8.9,9.2,8.89,9.04,8.98,0.06,0.67,15802.31,14253.464
600339.SH,20070905,12.86,13.25,12.7,12.93,13.17,-0.24,-1.82,93643.77,121402.122
600340.SH,20070905,9.14,9.34,8.6,8.75,9.15,-0.4,-4.37,50927.49,45264.376
600343.SH,20070905,19.05,19.68,18.26,18.73,19.28,-0.55,-2.85,52288.55,98589.761
600345.SH,20070905,12.6,12.79,12.2,12.69,12.59,0.1,0.79,49944.59,62775.859
600346.SH,20070905,15.22,15.65,14.7,15.62,15.18,0.44,2.9,30148.89,45256.839
600348.SH,20070905,59.88,64.5,58.4,64.35,60.03,4.32,7.2,19853.56,124966.63
600350.SH,20070905,10.9,11.31,10.66,10.95,10.86,0.09,0.83,191330.17,211285.459
600351.SH,20070905,11.35,11.45,11.0,11.26,11.35,-0.09,-0.79,21695.8,24316.73
600352.SH,20070905,16.44,16.7,16.0,16.56,16.44,0.12,0.73,126929.98,207743.351
600353.SH,20070905,10.11,10.4,9.9,10.25,10.17,0.08,0.79,21634.35,21817.226
600354.SH,20070905,8.7,8.74,8.43,8.64,8.73,-0.09,-1.03,54587.28,46775.713
600355.SH,20070905,7.9,8.24,7.83,8.2,7.89,0.31,3.93,96014.46,77344.521
600356.SH,20070905,14.0,14.19,13.68,13.88,14.01,-0.13,-0.93,29276.0,40639.029
600357.SH,20070905,17.1,18.61,17.1,18.61,16.92,1.69,9.99,629796.7,1137668.596
600358.SH,20070905,10.0,10.02,9.55,9.78,10.02,-0.24,-2.4,143803.45,140560.214
600359.SH,20070905,8.52,8.67,8.15,8.33,8.52,-0.19,-2.23,84264.8,70663.657
600360.SH,20070905,25.05,25.2,24.0,24.99,25.2,-0.21,-0.83,37400.69,91949.228
600361.SH,20070905,31.9,31.95,30.7,31.68,31.03,0.65,2.09,23460.0,73377.584
600362.SH,20070905,39.11,41.99,38.8,40.8,39.22,1.58,4.03,129939.72,531627.999
600363.SH,20070905,11.28,11.6,10.91,11.21,11.32,-0.11,-0.97,129628.77,146125.238
600365.SH,20070905,11.71,12.13,11.66,12.05,11.83,0.22,1.86,37693.78,44768.58
600366.SH,20070905,12.42,12.77,12.35,12.76,12.37,0.39,3.15,56235.47,70408.884
600367.SH,20070905,17.0,18.0,16.7,17.95,16.44,1.51,9.18,120736.06,208070.966
600368.SH,20070905,8.32,8.55,8.13,8.38,8.32,0.06,0.72,63232.91,52941.032
600370.SH,20070905,10.81,10.98,10.21,10.52,10.85,-0.33,-3.04,136312.57,142659.766
600371.SH,20070905,13.84,14.36,13.66,14.19,13.91,0.28,2.01,33964.5,47793.065
600372.SH,20070905,8.6,8.97,8.59,8.87,8.58,0.29,3.38,113760.28,100012.392
600373.SH,20070905,7.84,8.09,7.84,8.05,7.95,0.1,1.26,28401.24,22672.606
600375.SH,20070905,10.74,10.95,10.4,10.67,10.88,-0.21,-1.93,55645.62,59056.133
600377.SH,20070905,11.1,11.55,11.1,11.19,11.08,0.11,0.99,121032.4,137142.778
600378.SH,20070905,16.55,17.18,16.3,16.97,16.36,0.61,3.73,49459.83,82495.037
600379.SH,20070905,16.1,17.05,16.1,16.98,16.27,0.71,4.36,34711.99,57863.541
600380.SH,20070905,18.88,19.29,18.83,19.07,18.9,0.17,0.9,52462.93,99713.936
600381.SH,20070905,9.45,9.58,9.06,9.06,9.54,-0.48,-5.03,67076.27,61589.779
600382.SH,20070905,25.5,26.0,25.15,25.8,25.51,0.29,1.14,47756.42,122340.785
600383.SH,20070905,57.85,58.74,54.16,55.69,58.09,-2.4,-4.13,33797.99,187693.625
600385.SH,20070905,20.62,20.62,20.62,20.62,21.7,-1.08,-4.98,2402.0,4952.924
600386.SH,20070905,23.18,23.56,22.85,23.41,23.47,-0.06,-0.26,13107.21,30313.885
600387.SH,20070905,13.65,13.71,13.02,13.35,13.75,-0.4,-2.91,60000.88,79911.137
600388.SH,20070905,21.05,21.3,20.2,20.93,21.14,-0.21,-0.99,51641.33,107267.415
600389.SH,20070905,14.49,14.68,14.2,14.63,14.38,0.25,1.74,25217.8,36412.777
600390.SH,20070905,25.7,26.14,25.31,25.99,25.53,0.46,1.8,38379.75,98852.175
600391.SH,20070905,30.65,31.44,30.55,31.27,30.7,0.57,1.86,6765.22,21025.679
600392.SH,20070905,17.54,18.19,17.5,18.16,17.62,0.54,3.06,20392.31,36267.962
600393.SH,20070905,18.4,18.58,17.38,17.51,18.4,-0.89,-4.84,53429.27,95222.322
600395.SH,20070905,12.05,13.37,12.03,13.3,12.18,1.12,9.2,209197.7,269317.812
600396.SH,20070905,27.48,27.95,26.85,27.2,27.01,0.19,0.7,22565.75,61631.678
600397.SH,20070905,9.4,10.27,9.3,10.1,9.61,0.49,5.1,194300.73,192586.259
600398.SH,20070905,11.36,11.59,11.19,11.56,11.29,0.27,2.39,134337.17,152976.432
600400.SH,20070905,8.12,8.46,8.11,8.37,8.01,0.36,4.49,220498.58,183752.041
600401.SH,20070905,7.78,8.27,7.63,8.19,7.84,0.35,4.46,174661.36,139095.603
600405.SH,20070905,12.89,12.95,12.3,12.53,12.87,-0.34,-2.64,68001.9,85073.188
600406.SH,20070905,30.84,31.0,29.81,29.94,30.83,-0.89,-2.89,53179.22,161268.304
600408.SH,20070905,20.7,22.4,20.6,21.46,20.89,0.57,2.73,120480.8,258904.3
600409.SH,20070905,13.5,13.75,13.01,13.71,13.48,0.23,1.71,129763.04,172207.308
600410.SH,20070905,25.19,26.31,25.1,26.28,25.2,1.08,4.29,71619.59,185556.915
600415.SH,20070905,99.58,101.08,98.9,99.18,99.86,-0.68,-0.68,7060.84,70279.778
600416.SH,20070905,34.71,36.3,34.71,35.35,34.61,0.74,2.14,23011.67,81870.729
600418.SH,20070905,9.85,10.09,9.72,10.07,9.88,0.19,1.92,238939.69,236712.137
600419.SH,20070905,8.89,9.06,8.83,8.98,8.87,0.11,1.24,16225.22,14511.876
600420.SH,20070905,12.7,13.28,12.5,12.71,12.82,-0.11,-0.86,60269.7,77582.609
600422.SH,20070905,7.28,7.44,7.08,7.39,7.33,0.06,0.82,81175.16,58810.419
600423.SH,20070905,21.65,23.35,21.28,23.16,21.45,1.71,7.97,84348.74,191199.524
600425.SH,20070905,10.96,11.05,10.61,10.86,10.99,-0.13,-1.18,37641.95,40591.211
600426.SH,20070905,30.0,30.88,29.81,30.68,30.02,0.66,2.2,32297.54,97829.735
600428.SH,20070905,38.85,38.85,36.98,38.02,38.76,-0.74,-1.91,92830.12,348032.99
600429.SH,20070905,7.57,7.95,7.52,7.95,7.57,0.38,5.02,185970.57,143693.38
600432.SH,20070905,69.95,73.88,69.81,71.2,70.48,0.72,1.02,26463.57,189431.008
600433.SH,20070905,9.27,9.45,9.1,9.39,9.62,-0.23,-2.39,56421.84,52233.566
600436.SH,20070905,38.95,38.96,38.06,38.81,38.34,0.47,1.23,6091.46,23491.072
600438.SH,20070905,14.23,14.54,13.91,14.42,14.23,0.19,1.34,79572.7,112815.053
600439.SH,20070905,41.06,41.75,40.5,41.3,41.25,0.05,0.12,7723.61,31627.694
600444.SH,20070905,14.7,16.25,14.7,16.25,14.77,1.48,10.02,39863.45,63884.152
600446.SH,20070905,12.66,12.76,12.12,12.43,12.76,-0.33,-2.59,25029.09,31137.85
600448.SH,20070905,6.59,6.7,6.52,6.67,6.6,0.07,1.06,61200.19,40446.274
600449.SH,20070905,14.9,15.27,14.8,15.01,14.95,0.06,0.4,26963.89,40580.438
600452.SH,20070905,12.85,13.1,12.45,13.03,12.95,0.08,0.62,54405.67,69195.551
600455.SH,20070905,15.49,15.65,15.08,15.42,15.11,0.31,2.05,9853.03,15087.458
600456.SH,20070905,75.62,82.13,75.62,81.45,80.06,1.39,1.74,25872.75,204602.611
600458.SH,20070905,16.9,17.65,16.55,17.37,17.34,0.03,0.17,87965.65,148968.434
600459.SH,20070905,68.7,70.49,68.48,69.01,68.97,0.04,0.06,13900.28,96760.714
600460.SH,20070905,12.3,12.36,11.9,12.11,12.27,-0.16,-1.3,59395.27,72083.657
600461.SH,20070905,12.23,13.82,12.23,13.57,12.56,1.01,8.04,80803.1,107577.869
600462.SH,20070905,7.43,7.8,7.34,7.8,7.43,0.37,4.98,144899.06,112416.093
600463.SH,20070905,16.24,16.45,15.6,15.98,16.24,-0.26,-1.6,18520.69,29516.154
600466.SH,20070905,10.61,10.61,10.61,10.61,10.1,0.51,5.05,2794.52,2964.986
600467.SH,20070905,25.51,25.78,24.18,24.4,24.96,-0.56,-2.24,99919.38,245544.256
600468.SH,20070905,12.87,13.27,12.45,12.69,12.87,-0.18,-1.4,65592.22,84236.571
600470.SH,20070905,11.85,12.5,11.67,12.37,11.77,0.6,5.1,95573.84,115787.907
600472.SH,20070905,58.95,63.99,58.92,61.77,59.19,2.58,4.36,81343.07,503915.8
600475.SH,20070905,21.15,21.38,20.3,20.68,21.09,-0.41,-1.94,57439.24,118581.917
600476.SH,20070905,21.15,21.6,20.3,20.76,21.29,-0.53,-2.49,31814.99,66011.281
600477.SH,20070905,19.2,19.68,19.1,19.41,19.19,0.22,1.15,37496.47,72492.793
600478.SH,20070905,21.6,21.8,20.4,21.09,21.05,0.04,0.19,21009.03,44316.709
600479.SH,20070905,30.0,30.19,29.01,29.28,29.97,-0.69,-2.3,14294.96,42484.259
600480.SH,20070905,11.88,12.45,11.6,12.03,11.92,0.11,0.92,67763.84,81348.809
600481.SH,20070905,15.67,16.28,15.65,16.26,15.66,0.6,3.83,162879.46,260588.259
600482.SH,20070905,34.0,35.5,33.0,35.09,34.0,1.09,3.21,52776.78,180475.233
600483.SH,20070905,7.28,7.35,7.08,7.34,7.23,0.11,1.52,52149.91,37458.65
600485.SH,20070905,14.39,14.88,14.34,14.6,14.3,0.3,2.1,86115.82,125780.543
600486.SH,20070905,24.76,24.76,24.12,24.58,24.68,-0.1,-0.41,7252.04,17703.375
600487.SH,20070905,17.95,18.28,17.61,18.05,18.04,0.01,0.06,27804.27,50115.636
600488.SH,20070905,11.0,11.07,10.32,10.59,10.77,-0.18,-1.67,124153.7,131695.839
600489.SH,20070905,120.68,130.5,120.5,122.25,120.17,2.08,1.73,28963.13,360991.698
600490.SH,20070905,10.61,10.83,10.24,10.45,10.7,-0.25,-2.34,33986.33,35659.533
600491.SH,20070905,13.21,13.94,13.21,13.53,13.08,0.45,3.44,99637.37,135081.755
600493.SH,20070905,8.01,8.14,7.81,8.07,8.05,0.02,0.25,35233.2,28050.545
600495.SH,20070905,27.81,28.24,26.5,27.35,27.88,-0.53,-1.9,17296.55,47174.289
600496.SH,20070905,18.19,18.67,17.9,18.06,18.17,-0.11,-0.61,32913.84,59620.31
600497.SH,20070905,88.3,90.68,87.0,87.85,88.14,-0.29,-0.33,48483.92,430828.536
600498.SH,20070905,14.55,14.85,14.4,14.72,14.55,0.17,1.17,87008.54,127265.219
600499.SH,20070905,22.4,22.55,21.11,21.42,22.59,-1.17,-5.18,35320.28,76568.267
600500.SH,20070905,22.0,24.12,21.5,24.12,21.93,2.19,9.99,527781.24,1189414.737
600501.SH,20070905,20.04,21.0,19.9,20.23,20.13,0.1,0.5,98520.82,201532.919
600502.SH,20070905,11.3,11.32,10.8,11.24,11.22,0.02,0.18,67870.11,74636.881
600505.SH,20070905,10.0,10.1,9.68,9.96,10.08,-0.12,-1.19,96626.1,95440.232
600506.SH,20070905,16.2,16.25,15.5,16.2,15.91,0.29,1.82,27006.22,43097.717
600507.SH,20070905,10.94,10.94,10.44,10.66,10.93,-0.27,-2.47,105787.38,112540.725
600508.SH,20070905,31.98,34.72,31.0,33.82,32.21,1.61,5.0,108221.85,361182.27
600509.SH,20070905,33.19,33.55,32.38,32.7,33.05,-0.35,-1.06,28373.11,93260.299
600510.SH,20070905,7.9,7.99,7.61,7.79,7.94,-0.15,-1.89,100846.8,78449.299
600511.SH,20070905,51.0,52.2,50.5,51.29,51.0,0.29,0.57,13812.32,70855.425
600512.SH,20070905,8.95,9.05,8.65,8.8,8.93,-0.13,-1.46,74728.97,65841.032
600513.SH,20070905,14.62,14.95,14.35,14.68,14.65,0.03,0.2,10897.42,15989.334
600515.SH,20070905,8.89,9.15,8.7,8.85,8.91,-0.06,-0.67,53313.62,47628.312
600516.SH,20070905,12.5,12.5,11.7,11.72,12.32,-0.6,-4.87,191987.97,227342.503
600517.SH,20070905,54.5,58.2,54.5,58.0,53.98,4.02,7.45,19213.29,109236.894
600519.SH,20070905,152.92,154.95,148.58,151.81,152.8,-0.99,-0.65,22879.69,343653.908
600520.SH,20070905,10.18,10.48,10.1,10.41,10.1,0.31,3.07,63402.06,65383.283
600521.SH,20070905,25.5,25.58,24.7,25.05,25.28,-0.23,-0.91,22182.8,55279.898
600522.SH,20070905,14.28,14.36,13.72,13.9,14.26,-0.36,-2.52,53904.8,75239.135
600523.SH,20070905,15.05,15.49,14.68,15.19,15.05,0.14,0.93,42054.82,63163.252
600525.SH,20070905,52.39,53.01,51.3,52.18,52.09,0.09,0.17,8736.63,45495.808
600526.SH,20070905,22.55,22.84,22.3,22.68,22.53,0.15,0.67,42865.56,96749.723
600527.SH,20070905,16.9,17.15,16.45,16.56,16.66,-0.1,-0.6,35757.43,59955.028
600528.SH,20070905,30.51,30.75,29.34,29.72,30.33,-0.61,-2.01,47057.49,139802.093
600529.SH,20070905,15.41,15.5,14.66,15.16,15.38,-0.22,-1.43,51360.37,77461.516
600530.SH,20070905,10.8,11.05,10.66,10.93,10.91,0.02,0.18,34562.02,37561.213
600531.SH,20070905,26.0,27.28,26.0,26.48,26.08,0.4,1.53,60632.28,162035.793
600532.SH,20070905,8.59,8.76,8.39,8.55,8.64,-0.09,-1.04,28921.42,24752.105
600533.SH,20070905,32.15,32.19,31.0,31.43,32.2,-0.77,-2.39,27024.87,84883.067
600535.SH,20070905,24.18,24.78,23.48,23.95,24.0,-0.05,-0.21,54444.3,130339.829
600536.SH,20070905,18.6,18.7,18.13,18.45,18.58,-0.13,-0.7,18044.23,33232.726
600537.SH,20070905,8.28,8.55,8.02,8.46,8.38,0.08,0.95,50973.12,42229.33
600539.SH,20070905,8.43,8.78,8.42,8.76,8.41,0.35,4.16,73569.43,63633.202
600540.SH,20070905,11.9,12.35,11.7,12.09,11.81,0.28,2.37,92284.28,111204.735
600543.SH,20070905,12.8,13.07,12.5,12.69,12.85,-0.16,-1.25,76817.72,97806.278
600545.SH,20070905,13.3,13.3,12.5,12.82,13.08,-0.26,-1.99,40423.01,51815.015
600546.SH,20070905,15.01,15.78,14.9,15.62,14.87,0.75,5.04,211319.26,327106.762
600547.SH,20070905,138.5,149.8,138.02,145.99,140.17,5.82,4.15,14558.53,212007.262
600548.SH,20070905,12.69,13.19,12.61,12.82,12.69,0.13,1.02,75330.09,96994.084
600549.SH,20070905,28.24,28.89,28.0,28.59,28.25,0.34,1.2,30401.97,86890.743
600551.SH,20070905,13.0,13.19,12.82,13.18,12.84,0.34,2.65,14606.88,19044.847
600552.SH,20070905,17.4,17.4,15.74,15.99,16.57,-0.58,-3.5,62423.53,101797.098
600553.SH,20070905,11.3,11.31,10.8,11.11,11.18,-0.07,-0.63,70862.43,78023.035
600555.SH,20070905,15.61,15.83,15.09,15.35,15.57,-0.22,-1.41,53569.84,82667.115
600557.SH,20070905,23.79,24.27,23.01,23.45,23.87,-0.42,-1.76,14982.72,35163.924
600558.SH,20070905,17.68,18.0,17.58,17.92,17.65,0.27,1.53,22565.53,40171.489
600559.SH,20070905,11.75,12.19,11.75,12.09,11.75,0.34,2.89,32203.01,38637.217
600560.SH,20070905,15.8,16.32,15.7,16.3,15.8,0.5,3.16,22639.28,36175.437
600561.SH,20070905,13.5,13.95,13.11,13.55,13.54,0.01,0.07,43386.02,59025.082
600562.SH,20070905,12.0,12.52,12.0,12.29,11.95,0.34,2.85,22669.13,27843.357
600563.SH,20070905,20.45,20.64,19.85,20.09,20.45,-0.36,-1.76,18194.28,36518.115
600565.SH,20070905,18.13,18.68,18.13,18.52,18.49,0.03,0.16,33807.32,61916.571
600566.SH,20070905,9.7,9.89,9.38,9.66,9.7,-0.04,-0.41,22992.02,22062.058
600567.SH,20070905,7.49,7.71,7.41,7.59,7.84,-0.25,-3.19,214813.99,162267.552
600569.SH,20070905,11.79,12.29,11.6,12.24,11.84,0.4,3.38,344032.37,413994.97
600570.SH,20070905,35.28,35.6,33.1,33.69,35.51,-1.82,-5.13,29520.12,99801.799
600571.SH,20070905,9.29,9.47,9.0,9.13,9.28,-0.15,-1.62,35895.8,32892.205
600572.SH,20070905,25.18,25.43,24.54,25.18,25.13,0.05,0.2,14461.13,35992.633
600573.SH,20070905,9.82,9.95,9.57,9.83,9.91,-0.08,-0.81,41951.17,40939.297
600575.SH,20070905,11.07,11.3,11.0,11.21,11.19,0.02,0.18,40915.67,45598.304
600576.SH,20070905,11.82,12.15,11.65,11.95,11.76,0.19,1.62,27017.62,32177.772
600577.SH,20070905,13.41,13.87,13.32,13.53,13.44,0.09,0.67,18918.71,25733.566
600578.SH,20070905,14.73,15.0,14.28,14.6,14.67,-0.07,-0.48,54755.83,79970.326
600579.SH,20070905,8.91,9.24,8.8,9.07,8.81,0.26,2.95,39934.38,36161.374
600580.SH,20070905,12.78,13.46,12.71,13.44,12.73,0.71,5.58,95596.66,125245.802
600582.SH,20070905,58.0,59.0,56.65,57.04,57.77,-0.73,-1.26,7388.28,42603.195
600583.SH,20070905,49.43,51.22,48.5,48.97,49.94,-0.97,-1.94,25964.73,128014.939
600584.SH,20070905,15.5,15.98,15.23,15.96,15.41,0.55,3.57,161157.79,252162.616
600585.SH,20070905,65.9,67.49,64.35,66.67,65.85,0.82,1.25,27461.54,180733.673
600586.SH,20070905,27.41,27.9,26.25,27.14,27.46,-0.32,-1.17,50003.29,134158.072
600587.SH,20070905,17.28,17.47,16.66,17.28,17.25,0.03,0.17,21720.55,36988.242
600588.SH,20070905,55.55,55.56,52.81,53.59,54.94,-1.35,-2.46,15088.4,81213.123
600589.SH,20070905,15.6,15.8,15.06,15.3,15.53,-0.23,-1.48,37921.79,58336.436
600590.SH,20070905,20.2,20.85,20.0,20.45,20.05,0.4,2.0,59943.52,122666.998
600591.SH,20070905,15.0,15.32,14.43,15.3,15.03,0.27,1.8,210550.33,312687.196
600592.SH,20070905,21.55,21.7,20.85,21.32,21.56,-0.24,-1.11,20780.84,44058.065
600593.SH,20070905,10.9,11.66,10.9,11.58,10.96,0.62,5.66,25446.9,29092.425
600594.SH,20070905,25.31,25.4,24.51,24.9,25.25,-0.35,-1.39,22822.0,56736.404
600595.SH,20070905,70.2,74.35,70.15,74.22,67.6,6.62,9.79,149409.58,1090086.815
600596.SH,20070905,44.48,47.3,44.48,47.07,44.5,2.57,5.78,39714.8,183348.24
600597.SH,20070905,13.5,13.85,13.41,13.79,13.55,0.24,1.77,91959.19,125464.475
600598.SH,20070905,12.15,12.23,11.5,11.73,11.99,-0.26,-2.17,196075.21,230390.248
600599.SH,20070905,11.45,12.11,11.4,12.11,11.53,0.58,5.03,17314.58,20620.447
600600.SH,20070905,33.0,34.24,32.5,33.41,33.02,0.39,1.18,51287.56,172131.263
600601.SH,20070905,9.06,9.25,8.81,9.05,8.94,0.11,1.23,668843.91,604216.332
600602.SH,20070905,7.2,7.35,6.98,7.12,7.23,-0.11,-1.52,227125.71,161145.484
600603.SH,20070905,8.26,8.36,8.08,8.2,8.26,-0.06,-0.73,62781.68,51592.617
600604.SH,20070905,8.51,8.81,8.46,8.74,8.46,0.28,3.31,78307.01,67681.531
600605.SH,20070905,19.21,20.7,19.21,20.7,18.82,1.88,9.99,113489.29,233017.241
600606.SH,20070905,13.58,13.75,13.1,13.4,13.58,-0.18,-1.33,99121.47,132738.162
600607.SH,20070905,22.1,24.3,22.1,24.18,22.09,2.09,9.46,161861.42,374224.308
600608.SH,20070905,9.8,9.95,9.1,9.24,9.48,-0.24,-2.53,353888.01,338655.009
600609.SH,20070905,7.65,7.92,7.63,7.89,7.64,0.25,3.27,311984.24,244083.558
600610.SH,20070905,15.09,15.42,14.91,15.4,14.98,0.42,2.8,14955.93,22720.589
600611.SH,20070905,25.42,25.8,24.35,24.99,25.38,-0.39,-1.54,146457.03,363565.732
600612.SH,20070905,23.1,23.84,23.1,23.5,23.54,-0.04,-0.17,10237.49,24056.437
600613.SH,20070905,16.2,16.2,15.61,15.9,16.0,-0.1,-0.63,9969.1,15778.15
600614.SH,20070905,20.08,20.3,19.82,20.2,20.08,0.12,0.6,7402.25,14789.495
600615.SH,20070905,11.2,11.56,10.97,11.26,11.37,-0.11,-0.97,24311.57,27184.041
600616.SH,20070905,33.58,35.18,33.01,34.98,33.61,1.37,4.08,66632.15,229634.86
600617.SH,20070905,17.69,17.97,17.03,17.3,17.75,-0.45,-2.54,8584.33,15048.032
600618.SH,20070905,8.0,8.14,7.8,8.1,8.06,0.04,0.5,54408.34,43487.487
600619.SH,20070905,10.84,11.24,10.64,11.21,10.84,0.37,3.41,32285.01,35146.958
600620.SH,20070905,9.32,9.51,8.93,9.19,9.39,-0.2,-2.13,84300.22,77309.317
600621.SH,20070905,12.4,12.57,11.82,12.17,12.44,-0.27,-2.17,239139.22,290618.358
600622.SH,20070905,16.55,16.9,15.7,16.2,16.55,-0.35,-2.11,98559.78,159748.76
600623.SH,20070905,11.29,11.77,11.28,11.74,11.29,0.45,3.99,21477.75,24632.867
600624.SH,20070905,8.08,8.22,7.8,8.2,8.03,0.17,2.12,94714.95,75521.97
600626.SH,20070905,9.32,9.45,9.02,9.31,9.35,-0.04,-0.43,112246.61,103510.163
600627.SH,20070905,41.09,41.09,41.09,41.09,37.35,3.74,10.01,828.49,3404.265
600628.SH,20070905,20.65,22.74,20.1,22.74,20.67,2.07,10.01,281449.4,612157.222
600630.SH,20070905,8.08,8.2,7.81,8.19,8.06,0.13,1.61,172946.24,139055.147
600631.SH,20070905,25.2,25.64,24.29,24.75,25.14,-0.39,-1.55,72560.87,179453.944
600633.SH,20070905,16.3,16.68,15.5,15.78,16.22,-0.44,-2.71,27918.67,44242.704
600634.SH,20070905,10.6,10.98,10.25,10.64,10.8,-0.16,-1.48,24410.4,25800.213
600635.SH,20070905,17.3,18.28,16.58,18.09,17.43,0.66,3.79,929590.43,1616882.669
600636.SH,20070905,12.11,12.39,11.85,12.38,12.02,0.36,3.0,100263.91,121871.35
600637.SH,20070905,8.81,8.93,8.49,8.74,8.81,-0.07,-0.79,140421.53,121873.685
600638.SH,20070905,27.65,28.87,27.5,28.26,27.6,0.66,2.39,173779.86,491168.032
600639.SH,20070905,21.74,21.8,20.76,21.05,21.65,-0.6,-2.77,77121.87,162541.909
600640.SH,20070905,16.0,16.1,15.26,16.08,15.88,0.2,1.26,128216.9,200198.394
600641.SH,20070905,27.29,27.74,27.2,27.41,27.29,0.12,0.44,86917.71,238067.542
600642.SH,20070905,18.77,18.95,18.05,18.53,18.79,-0.26,-1.38,445054.08,820595.007
600643.SH,20070905,25.47,26.74,24.5,26.73,25.47,1.26,4.95,176670.68,453632.432
600645.SH,20070905,8.19,8.5,8.0,8.14,8.23,-0.09,-1.09,49903.32,40812.005
600647.SH,20070905,21.28,21.28,19.82,20.5,20.98,-0.48,-2.29,5537.61,11359.79
600648.SH,20070905,15.27,15.35,14.25,14.64,15.16,-0.52,-3.43,37707.33,55602.225
600650.SH,20070905,17.53,17.75,16.9,17.38,17.52,-0.14,-0.8,41500.21,72039.464
600651.SH,20070905,13.12,13.58,12.8,13.53,13.12,0.41,3.13,216517.56,283443.977
600652.SH,20070905,9.65,9.99,9.44,9.65,9.65,0.0,0.0,151505.76,146809.62
600653.SH,20070905,7.15,7.24,6.86,7.01,7.12,-0.11,-1.54,379491.15,267033.633
600654.SH,20070905,6.7,6.83,6.5,6.8,6.69,0.11,1.64,239440.14,160304.095
600655.SH,20070905,34.1,36.62,33.99,36.43,34.13,2.3,6.74,223543.84,792391.107
600658.SH,20070905,10.0,10.57,9.95,10.38,10.08,0.3,2.98,87360.64,89712.342
600660.SH,20070905,33.9,34.5,33.8,34.23,33.63,0.6,1.78,46510.29,158527.263
600661.SH,20070905,11.73,12.25,11.57,11.91,11.56,0.35,3.03,63938.8,76088.222
600663.SH,20070905,32.38,32.38,30.83,31.54,32.25,-0.71,-2.2,69226.62,217501.639
600664.SH,20070905,18.81,19.75,18.5,19.75,18.81,0.94,5.0,40799.32,79098.731
600665.SH,20070905,16.25,16.4,15.3,15.74,16.15,-0.41,-2.54,105144.28,165630.919
600666.SH,20070905,16.6,16.65,15.67,16.2,16.56,-0.36,-2.17,50492.42,80293.713
600667.SH,20070905,11.11,11.37,10.74,11.05,11.19,-0.14,-1.25,72034.29,78988.063
600668.SH,20070905,8.8,8.9,8.3,8.6,8.82,-0.22,-2.49,168726.38,143283.001
600671.SH,20070905,12.88,13.15,12.45,13.0,12.88,0.12,0.93,12796.01,16508.594
600673.SH,20070905,24.91,25.35,23.68,23.87,24.98,-1.11,-4.44,37024.54,89624.485
600674.SH,20070905,13.63,13.8,13.08,13.47,13.58,-0.11,-0.81,87329.22,116178.096
600675.SH,20070905,36.95,37.1,34.7,35.15,36.85,-1.7,-4.61,104491.6,369407.696
600676.SH,20070905,11.9,12.16,11.48,11.86,12.0,-0.14,-1.17,125113.74,147112.642
600677.SH,20070905,32.66,35.08,31.75,34.39,32.68,1.71,5.23,207520.18,689176.683
600678.SH,20070905,13.95,15.1,13.5,14.82,13.76,1.06,7.7,134181.58,189809.737
600679.SH,20070905,13.08,13.78,12.81,13.65,12.92,0.73,5.65,35069.11,46761.659
600680.SH,20070905,12.78,13.0,12.59,12.7,12.9,-0.2,-1.55,14089.27,18005.269
600681.SH,20070905,6.41,6.83,6.41,6.83,6.5,0.33,5.08,95571.97,64859.68
600682.SH,20070905,26.85,27.6,26.48,27.02,26.5,0.52,1.96,18039.69,48482.748
600683.SH,20070905,11.5,12.03,11.45,11.86,11.57,0.29,2.51,101868.08,119608.986
600684.SH,20070905,20.17,20.2,19.2,19.69,20.2,-0.51,-2.52,72731.75,142708.684
600685.SH,20070905,76.0,79.1,74.0,77.81,75.95,1.86,2.45,33046.5,254220.75
600686.SH,20070905,28.0,28.0,26.98,27.9,28.25,-0.35,-1.24,40031.92,109828.186
600687.SH,20070905,10.3,10.3,9.7,9.8,10.14,-0.34,-3.35,48407.91,48033.753
600688.SH,20070905,15.17,15.89,15.02,15.89,15.13,0.76,5.02,486549.36,765696.589
600689.SH,20070905,10.3,10.3,9.75,9.91,10.14,-0.23,-2.27,21584.38,21493.14
600690.SH,20070905,24.93,25.5,24.0,25.3,24.94,0.36,1.44,155733.74,388037.848
600691.SH,20070905,8.67,9.02,8.57,9.02,8.59,0.43,5.01,25579.75,22691.492
600692.SH,20070905,10.56,10.72,9.93,10.22,10.58,-0.36,-3.4,87131.63,89348.617
600693.SH,20070905,24.58,24.63,23.6,23.98,24.78,-0.8,-3.23,8286.92,19982.48
600694.SH,20070905,64.0,64.21,61.6,62.98,64.67,-1.69,-2.61,14499.27,90419.774
600695.SH,20070905,10.26,10.26,9.95,10.02,10.22,-0.2,-1.96,31149.87,31398.329
600696.SH,20070905,7.99,8.04,7.6,7.78,7.98,-0.2,-2.51,75043.68,58497.975
600697.SH,20070905,25.8,26.39,25.18,25.6,25.95,-0.35,-1.35,8408.22,21456.813
600698.SH,20070905,8.85,9.35,8.7,9.35,8.9,0.45,5.06,235727.45,217468.065
600699.SH,20070905,9.05,9.05,9.05,9.05,8.62,0.43,4.99,23273.29,21062.327
600701.SH,20070905,6.43,6.57,6.25,6.5,6.43,0.07,1.09,119628.31,76924.962
600702.SH,20070905,14.3,15.76,14.2,15.76,14.33,1.43,9.98,247904.52,378424.362
600706.SH,20070905,8.43,8.83,8.24,8.83,8.41,0.42,4.99,24655.47,21208.345
600707.SH,20070905,6.99,7.1,6.79,7.08,6.87,0.21,3.06,183959.3,128184.453
600708.SH,20070905,10.91,11.05,10.45,10.79,10.93,-0.14,-1.28,112198.42,120199.41
600710.SH,20070905,12.43,12.7,12.1,12.35,12.43,-0.08,-0.64,117655.85,146094.258
600711.SH,20070905,20.13,21.0,19.21,19.24,20.22,-0.98,-4.85,25151.29,49732.506
600712.SH,20070905,12.66,12.9,12.22,12.49,12.68,-0.19,-1.5,24836.63,31037.974
600713.SH,20070905,16.19,16.66,15.6,16.05,16.2,-0.15,-0.93,57938.01,93509.72
600714.SH,20070905,12.5,12.81,12.34,12.61,12.49,0.12,0.96,15589.5,19648.426
600715.SH,20070905,8.48,8.9,8.35,8.9,8.48,0.42,4.95,140055.3,123454.119
600716.SH,20070905,8.97,9.03,8.6,8.71,9.05,-0.34,-3.76,122690.16,107317.1
600717.SH,20070905,31.6,32.18,30.9,32.0,31.32,0.68,2.17,149980.57,472322.293
600718.SH,20070905,48.7,50.8,48.7,50.77,48.65,2.12,4.36,16429.98,82091.943
600719.SH,20070905,10.85,11.02,10.68,10.88,10.88,0.0,0.0,32168.35,34765.153
600720.SH,20070905,11.26,11.5,10.68,11.0,11.13,-0.13,-1.17,113639.3,125088.602
600721.SH,20070905,14.98,14.99,13.61,14.93,14.28,0.65,4.55,41440.22,60574.979
600722.SH,20070905,5.28,5.62,5.23,5.62,5.35,0.27,5.05,144936.33,80906.904
600723.SH,20070905,13.42,13.44,12.71,13.04,13.27,-0.23,-1.73,295639.86,386767.446
600724.SH,20070905,6.98,7.08,6.78,7.0,6.98,0.02,0.29,83293.21,57904.069
600725.SH,20070905,28.3,29.8,28.01,28.8,28.2,0.6,2.13,32902.06,95981.201
600726.SH,20070905,7.16,7.24,6.95,7.07,7.16,-0.09,-1.26,214327.62,151436.877
600727.SH,20070905,8.26,8.45,8.03,8.38,8.21,0.17,2.07,76401.03,63269.865
600728.SH,20070905,12.74,13.33,12.73,13.04,12.71,0.33,2.6,15299.04,19937.511
600729.SH,20070905,30.99,31.4,29.69,29.98,30.54,-0.56,-1.83,22603.04,68615.321
600730.SH,20070905,11.65,11.74,11.08,11.3,11.6,-0.3,-2.59,93803.33,106435.437
600731.SH,20070905,11.21,11.35,10.84,11.01,11.21,-0.2,-1.78,61849.12,68320.451
600733.SH,20070905,40.9,41.6,39.9,40.21,40.76,-0.55,-1.35,14610.46,59167.909
600735.SH,20070905,15.88,16.05,15.46,16.05,15.29,0.76,4.97,33618.29,53392.009
600736.SH,20070905,19.48,19.5,18.4,18.8,19.41,-0.61,-3.14,74722.12,140534.675
600737.SH,20070905,13.55,14.02,13.02,13.46,13.59,-0.13,-0.96,143754.25,193938.055
600738.SH,20070905,13.1,13.34,12.6,12.95,13.09,-0.14,-1.07,66027.57,84993.077
600739.SH,20070905,55.23,56.88,55.0,56.32,55.0,1.32,2.4,124052.14,695455.307
600740.SH,20070905,22.21,23.7,22.21,23.14,22.59,0.55,2.43,79114.55,183666.304
600741.SH,20070905,12.05,12.38,11.8,12.13,12.13,0.0,0.0,229105.79,276839.023
600742.SH,20070905,12.52,12.75,12.02,12.41,12.52,-0.11,-0.88,50419.68,62647.689
600743.SH,20070905,22.3,22.69,21.6,21.88,22.21,-0.33,-1.49,12027.47,26347.964
600744.SH,20070905,9.02,9.18,8.5,9.15,8.98,0.17,1.89,258998.0,228628.733
600746.SH,20070905,8.07,8.7,7.9,8.65,8.08,0.57,7.05,110080.11,91156.022
600747.SH,20070905,8.32,8.4,7.72,8.01,8.23,-0.22,-2.67,356059.3,285866.949
600748.SH,20070905,44.5,44.6,41.88,42.19,44.64,-2.45,-5.49,43396.45,188554.884
600749.SH,20070905,21.55,21.72,20.8,21.13,21.83,-0.7,-3.21,36911.17,78315.958
600750.SH,20070905,18.75,19.08,18.67,18.97,18.75,0.22,1.17,27273.45,51236.689
600751.SH,20070905,10.8,11.82,10.8,11.82,11.26,0.56,4.97,39769.7,45278.82
600753.SH,20070905,11.45,11.6,10.92,11.08,11.43,-0.35,-3.06,20728.0,23122.615
600754.SH,20070905,20.63,20.84,19.9,20.26,20.75,-0.49,-2.36,39764.09,80704.538
600755.SH,20070905,25.36,26.28,25.3,25.63,25.49,0.14,0.55,96293.66,247702.745
600756.SH,20070905,10.3,10.43,9.95,10.31,10.32,-0.01,-0.1,42247.47,43131.651
600757.SH,20070905,6.35,6.8,6.33,6.66,6.51,0.15,2.3,100516.94,66312.264
600758.SH,20070905,13.0,13.86,13.0,13.86,13.2,0.66,5.0,41286.44,56962.791
600760.SH,20070905,7.29,7.29,6.64,6.65,6.99,-0.34,-4.86,183158.81,124580.652
600761.SH,20070905,39.91,40.9,37.8,39.0,39.91,-0.91,-2.28,36731.5,141418.13
600763.SH,20070905,13.65,13.95,13.31,13.57,13.6,-0.03,-0.22,8525.23,11635.638
600764.SH,20070905,12.36,12.45,11.8,12.19,12.43,-0.24,-1.93,73341.59,88738.108
600765.SH,20070905,44.05,45.77,42.8,45.7,44.2,1.5,3.39,11804.98,52864.407
600766.SH,20070905,13.49,14.12,13.2,13.78,13.5,0.28,2.07,58745.53,80427.032
600767.SH,20070905,8.73,9.0,8.58,9.0,8.69,0.31,3.57,154361.32,136348.289
600768.SH,20070905,10.09,10.35,9.8,10.06,10.06,0.0,0.0,21149.64,21324.727
600769.SH,20070905,7.78,8.18,7.75,8.12,7.78,0.34,4.37,123409.24,98685.676
600770.SH,20070905,20.0,20.6,19.71,20.15,19.66,0.49,2.49,135903.28,274444.139
600771.SH,20070905,15.4,15.65,14.66,15.0,15.38,-0.38,-2.47,78651.53,118602.977
600773.SH,20070905,7.08,7.36,6.99,7.36,7.01,0.35,4.99,84268.21,60707.361
600774.SH,20070905,8.18,8.34,8.12,8.3,8.25,0.05,0.61,34349.39,28229.513
600775.SH,20070905,10.1,10.28,9.85,9.96,10.16,-0.2,-1.97,35836.84,35864.378
600776.SH,20070905,8.18,8.35,7.96,8.08,8.22,-0.14,-1.7,169269.76,137324.225
600777.SH,20070905,8.51,8.78,8.31,8.6,8.65,-0.05,-0.58,275697.05,234729.423
600779.SH,20070905,18.9,19.52,18.8,19.47,18.95,0.52,2.74,102423.26,196526.558
600780.SH,20070905,10.83,11.17,10.54,10.78,10.84,-0.06,-0.55,228964.01,246385.302
600781.SH,20070905,11.46,11.78,11.1,11.5,11.63,-0.13,-1.12,21479.18,24421.987
600782.SH,20070905,16.0,16.16,15.53,15.96,15.93,0.03,0.19,43561.81,69264.631
600783.SH,20070905,9.51,10.7,9.3,10.7,9.73,0.97,9.97,165744.33,164740.655
600784.SH,20070905,9.92,10.1,9.45,9.71,9.85,-0.14,-1.42,90981.33,88953.72
600785.SH,20070905,26.89,27.15,26.0,26.47,26.8,-0.33,-1.23,15772.02,41638.385
600786.SH,20070905,73.5,78.2,73.5,77.4,73.51,3.89,5.29,11437.02,87682.294
600787.SH,20070905,15.68,15.69,14.47,14.78,15.19,-0.41,-2.7,147349.08,220010.884
600789.SH,20070905,7.0,7.19,6.91,7.16,7.07,0.09,1.27,193335.35,136796.541
600790.SH,20070905,16.38,16.59,15.45,15.9,16.02,-0.12,-0.75,205309.02,329208.864
600791.SH,20070905,16.9,17.19,16.25,16.6,16.66,-0.06,-0.36,101684.31,169507.512
600792.SH,20070905,13.45,14.5,13.15,14.29,13.42,0.87,6.48,48712.37,67976.39
600793.SH,20070905,10.81,10.99,10.5,10.65,10.81,-0.16,-1.48,14246.98,15160.247
600794.SH,20070905,9.0,9.0,8.57,8.85,9.09,-0.24,-2.64,40243.76,35304.629
600795.SH,20070905,16.75,16.94,15.93,16.43,16.58,-0.15,-0.9,506760.3,832617.48
600796.SH,20070905,8.19,8.52,8.14,8.51,8.23,0.28,3.4,96468.42,80650.281
600797.SH,20070905,10.73,10.84,10.33,10.61,10.73,-0.12,-1.12,214256.43,226256.69
600798.SH,20070905,11.6,12.11,11.6,11.73,11.44,0.29,2.54,165713.79,195763.707
600800.SH,20070905,12.36,13.2,12.36,12.97,12.61,0.36,2.85,64257.23,82379.039
600801.SH,20070905,26.85,27.3,26.0,27.03,26.81,0.22,0.82,12821.3,33798.356
600802.SH,20070905,10.15,10.58,10.15,10.57,10.24,0.33,3.22,160437.65,167003.336
600803.SH,20070905,8.2,8.68,8.16,8.64,8.2,0.44,5.37,165629.05,140024.134
600804.SH,20070905,50.0,51.5,48.68,49.7,51.48,-1.78,-3.46,30000.55,149014.307
600805.SH,20070905,7.42,7.59,7.36,7.56,7.44,0.12,1.61,157229.06,117610.455
600806.SH,20070905,28.3,29.5,28.3,28.98,28.16,0.82,2.91,38694.27,112226.485
600807.SH,20070905,14.65,14.88,14.1,14.24,14.61,-0.37,-2.53,27033.01,38713.775
600808.SH,20070905,11.09,11.85,10.91,11.83,11.17,0.66,5.91,437561.29,496779.282
600809.SH,20070905,44.2,44.2,41.9,42.32,44.01,-1.69,-3.84,19394.64,82613.151
600810.SH,20070905,8.52,8.72,8.39,8.71,8.55,0.16,1.87,100322.8,85922.304
600812.SH,20070905,7.95,8.1,7.64,7.99,7.98,0.01,0.13,294636.97,231845.255
600814.SH,20070905,12.29,12.34,11.55,11.87,12.24,-0.37,-3.02,114600.37,135954.228
600815.SH,20070905,13.1,13.24,12.69,12.89,13.16,-0.27,-2.05,106157.72,137366.123
600817.SH,20070905,14.76,15.16,14.5,14.97,14.71,0.26,1.77,37409.25,55627.526
600818.SH,20070905,16.3,17.1,15.81,17.02,16.18,0.84,5.19,33594.65,55236.627
600819.SH,20070905,13.72,13.96,13.16,13.45,13.59,-0.14,-1.03,27277.85,36691.227
600820.SH,20070905,16.4,16.54,15.6,15.9,16.33,-0.43,-2.63,84286.31,134139.21
600821.SH,20070905,13.77,14.17,12.9,13.37,13.76,-0.39,-2.83,119933.31,161961.052
600822.SH,20070905,14.4,14.69,14.0,14.44,14.38,0.06,0.42,22047.23,31406.715
600823.SH,20070905,34.64,34.65,33.1,33.96,34.44,-0.48,-1.39,56429.15,189893.612
600824.SH,20070905,12.67,12.75,12.33,12.64,12.66,-0.02,-0.16,73066.08,91333.085
600825.SH,20070905,47.0,48.31,46.62,48.26,46.87,1.39,2.97,15187.3,72200.316
600826.SH,20070905,20.69,20.89,19.94,20.21,20.64,-0.43,-2.08,55223.3,111603.776
600827.SH,20070905,18.62,18.96,18.28,18.76,18.83,-0.07,-0.37,44708.74,82661.088
600828.SH,20070905,15.16,15.45,14.61,14.84,15.21,-0.37,-2.43,17910.88,26513.898
600829.SH,20070905,27.35,27.6,27.03,27.48,27.35,0.13,0.48,7891.13,21637.3
600830.SH,20070905,14.6,15.18,14.06,14.88,14.59,0.29,1.99,224422.3,322969.599
600831.SH,20070905,29.5,30.9,29.3,30.76,29.61,1.15,3.88,23390.51,70962.29
600832.SH,20070905,19.02,19.17,18.55,18.79,18.95,-0.16,-0.84,148917.62,279817.099
600833.SH,20070905,9.65,9.7,9.29,9.55,9.55,0.0,0.0,31047.19,29426.099
600834.SH,20070905,13.66,13.85,13.08,13.57,13.67,-0.1,-0.73,79919.61,107500.378
600835.SH,20070905,35.21,36.4,34.2,36.32,35.34,0.98,2.77,70582.81,248570.092
600836.SH,20070905,11.44,11.6,11.0,11.29,11.36,-0.07,-0.62,27690.17,31195.134
600837.SH,20070905,51.25,51.97,49.8,50.47,51.49,-1.02,-1.98,42945.9,216838.028
600838.SH,20070905,9.4,9.62,9.26,9.55,9.42,0.13,1.38,84077.59,79152.132
600839.SH,20070905,10.67,10.87,10.45,10.76,10.74,0.02,0.19,735505.52,786352.043
600840.SH,20070905,18.79,19.49,17.8,18.18,18.75,-0.57,-3.04,73044.61,134873.61
600842.SH,20070905,11.94,12.16,11.76,11.97,12.02,-0.05,-0.42,40851.46,48606.652
600843.SH,20070905,9.89,10.23,9.74,10.07,9.89,0.18,1.82,26103.13,26095.586
600844.SH,20070905,17.98,18.86,17.5,18.86,17.96,0.9,5.01,11297.34,20838.283
600845.SH,20070905,36.52,37.2,35.9,36.55,37.1,-0.55,-1.48,8087.87,29291.622
600846.SH,20070905,8.47,8.7,8.23,8.52,8.44,0.08,0.95,73331.16,61835.795
600847.SH,20070905,8.8,9.2,8.71,9.03,8.83,0.2,2.27,21846.5,19604.228
600848.SH,20070905,13.8,14.19,13.5,14.05,13.99,0.06,0.43,14284.14,19847.306
600850.SH,20070905,9.6,9.6,9.04,9.32,9.59,-0.27,-2.82,42982.18,40122.0
600851.SH,20070905,13.58,13.77,13.15,13.65,13.6,0.05,0.37,188941.8,253500.408
600853.SH,20070905,6.65,6.8,6.4,6.6,6.67,-0.07,-1.05,108599.36,71480.514
600854.SH,20070905,9.22,9.47,9.0,9.04,9.02,0.02,0.22,346104.12,320964.319
600855.SH,20070905,14.5,15.76,14.5,15.62,14.37,1.25,8.7,243874.36,372592.614
600857.SH,20070905,8.79,8.95,8.45,8.63,8.74,-0.11,-1.26,59994.85,52132.107
600858.SH,20070905,42.6,43.2,39.0,42.56,43.3,-0.74,-1.71,3871.44,16343.605
600859.SH,20070905,50.16,50.92,48.73,49.25,49.98,-0.73,-1.46,9225.84,45366.112
600860.SH,20070905,8.25,8.74,8.13,8.7,8.24,0.46,5.58,82499.3,69081.254
600861.SH,20070905,15.65,15.73,15.03,15.4,15.61,-0.21,-1.35,58738.48,90249.604
600863.SH,20070905,8.51,8.66,8.26,8.61,8.41,0.2,2.38,272163.62,230794.841
600865.SH,20070905,18.25,19.13,18.15,19.13,18.22,0.91,4.99,23923.45,45320.713
600866.SH,20070905,7.9,8.06,7.68,7.85,7.92,-0.07,-0.88,167278.16,131164.107
600867.SH,20070905,14.72,14.85,14.3,14.63,14.73,-0.1,-0.68,63610.85,92223.383
600868.SH,20070905,6.62,6.74,6.45,6.59,6.62,-0.03,-0.45,534354.39,350598.239
600869.SH,20070905,18.69,19.28,18.55,19.04,18.69,0.35,1.87,6145.78,11623.916
600870.SH,20070905,7.05,7.19,6.88,7.01,7.1,-0.09,-1.27,81931.96,57601.507
600871.SH,20070905,12.57,13.17,12.36,13.17,12.54,0.63,5.02,109710.08,142878.048
600872.SH,20070905,9.15,9.22,8.7,9.12,9.04,0.08,0.89,392934.26,352914.203
600873.SH,20070905,9.32,10.26,9.15,10.26,9.33,0.93,9.97,171907.01,173134.401
600874.SH,20070905,11.98,12.08,11.28,11.6,11.9,-0.3,-2.52,140711.16,163844.824
600875.SH,20070905,77.98,80.38,77.98,79.93,76.74,3.19,4.16,11642.58,92770.826
600876.SH,20070905,8.0,8.05,7.7,7.86,7.99,-0.13,-1.63,32795.46,25645.58
600879.SH,20070905,31.79,32.5,31.45,32.05,31.56,0.49,1.55,113906.04,365207.248
600880.SH,20070905,32.65,33.0,31.05,31.9,32.77,-0.87,-2.65,31786.42,100663.102
600881.SH,20070905,29.27,29.82,29.02,29.6,29.27,0.33,1.13,278352.05,817060.732
600883.SH,20070905,13.85,13.88,13.18,13.48,13.72,-0.24,-1.75,32706.46,43894.997
600884.SH,20070905,20.9,21.62,20.8,21.4,20.75,0.65,3.13,119566.77,254515.546
600885.SH,20070905,10.43,10.43,10.43,10.43,9.48,0.95,10.02,79399.22,82813.386
600886.SH,20070905,22.0,22.54,21.58,22.21,21.58,0.63,2.92,234318.74,513744.637
600887.SH,20070905,33.66,35.45,33.48,35.36,33.68,1.68,4.99,178803.26,616515.392
600888.SH,20070905,51.0,52.29,49.8,51.1,51.1,0.0,0.0,38307.08,196057.49
600889.SH,20070905,10.7,10.8,10.35,10.72,10.68,0.04,0.37,45403.65,48177.874
600890.SH,20070905,10.2,10.89,10.2,10.89,10.37,0.52,5.01,111297.46,118937.055
600891.SH,20070905,8.28,8.69,8.25,8.69,8.28,0.41,4.95,137776.75,119271.088
600892.SH,20070905,23.21,24.34,23.21,23.85,23.32,0.53,2.27,5476.0,13102.6
600894.SH,20070905,8.38,8.59,8.1,8.35,8.38,-0.03,-0.36,105698.72,87850.211
600895.SH,20070905,24.4,24.87,23.5,24.06,24.41,-0.35,-1.43,129075.44,310543.172
600896.SH,20070905,21.86,22.35,20.82,21.84,21.88,-0.04,-0.18,167740.36,357460.835
600897.SH,20070905,20.35,20.77,20.0,20.75,20.38,0.37,1.82,17385.17,35359.352
600898.SH,20070905,9.17,9.35,8.88,9.11,9.18,-0.07,-0.76,107254.5,97266.845
600900.SH,20070905,20.9,21.38,20.0,20.46,20.58,-0.12,-0.58,608863.61,1257249.158
600960.SH,20070905,14.49,14.6,14.27,14.46,14.48,-0.02,-0.14,16308.39,23488.908
600961.SH,20070905,32.79,34.2,32.31,33.37,32.83,0.54,1.64,85024.19,284798.253
600962.SH,20070905,24.1,24.6,23.65,23.92,24.47,-0.55,-2.25,30072.6,72431.637
600965.SH,20070905,9.05,9.22,8.84,9.1,9.02,0.08,0.89,71878.19,65114.454
600966.SH,20070905,19.02,19.2,17.71,18.38,18.84,-0.46,-2.44,149611.96,271565.677
600967.SH,20070905,16.48,16.67,15.38,16.1,16.52,-0.42,-2.54,57254.47,90821.48
600969.SH,20070905,11.68,11.8,10.95,11.25,11.71,-0.46,-3.93,74375.32,84025.823
600970.SH,20070905,59.38,59.38,57.58,58.49,59.15,-0.66,-1.12,17646.45,102369.49
600971.SH,20070905,44.95,48.18,44.3,46.74,44.89,1.85,4.12,14736.38,68487.553
600973.SH,20070905,38.54,38.9,37.0,37.8,38.53,-0.73,-1.89,10926.06,41289.242
600975.SH,20070905,22.4,22.89,22.26,22.66,22.35,0.31,1.39,8887.64,20030.379
600976.SH,20070905,10.65,10.67,10.31,10.64,10.65,-0.01,-0.09,57301.98,60169.433
600978.SH,20070905,35.91,36.4,35.56,35.89,35.81,0.08,0.22,35104.78,126111.204
600979.SH,20070905,10.18,10.3,9.78,9.95,10.16,-0.21,-2.07,69242.05,69004.866
600980.SH,20070905,11.3,11.85,11.3,11.51,11.25,0.26,2.31,38243.52,44189.679
600982.SH,20070905,9.75,9.85,9.58,9.8,9.73,0.07,0.72,26123.78,25392.09
600983.SH,20070905,7.84,8.05,7.78,8.04,7.84,0.2,2.55,43411.35,34282.239
600984.SH,20070905,15.38,15.66,14.68,15.17,15.37,-0.2,-1.3,28155.52,42262.345
600985.SH,20070905,14.68,14.84,14.18,14.5,14.59,-0.09,-0.62,19432.46,28031.446
600986.SH,20070905,18.98,18.98,17.9,18.72,18.82,-0.1,-0.53,33192.49,60997.302
600987.SH,20070905,9.39,9.5,9.01,9.2,9.39,-0.19,-2.02,55216.47,50756.657
600988.SH,20070905,13.42,14.19,13.2,14.19,13.51,0.68,5.03,34130.18,48180.975
600990.SH,20070905,18.62,18.78,18.05,18.34,18.67,-0.33,-1.77,8124.3,14912.816
600991.SH,20070905,12.01,12.39,11.9,12.2,12.17,0.03,0.25,50268.91,60814.45
600992.SH,20070905,10.0,10.14,9.88,10.05,10.08,-0.03,-0.3,32651.05,32571.368
600993.SH,20070905,69.1,70.2,68.71,69.32,69.09,0.23,0.33,3433.69,23811.739
600995.SH,20070905,12.09,12.49,11.9,12.34,12.09,0.25,2.07,68890.0,84129.209
600997.SH,20070905,39.01,41.6,39.0,41.24,39.38,1.86,4.72,72996.16,297330.034
601001.SH,20070905,38.16,40.2,37.51,38.6,38.18,0.42,1.1,77234.62,300775.868
601002.SH,20070905,12.67,12.89,12.4,12.87,12.74,0.13,1.02,76160.06,96585.67
601003.SH,20070905,21.41,21.49,20.61,21.11,21.43,-0.32,-1.49,121678.09,254597.106
601005.SH,20070905,9.05,9.2,8.7,9.0,9.05,-0.05,-0.55,187340.02,167528.866
601006.SH,20070905,19.3,20.15,19.3,19.41,19.18,0.23,1.2,375700.54,737625.026
601007.SH,20070905,13.8,14.02,13.44,13.75,13.81,-0.06,-0.43,59328.54,80980.161
601008.SH,20070905,15.11,15.47,14.82,15.31,15.19,0.12,0.79,68841.55,103894.666
601009.SH,20070905,21.22,21.67,21.13,21.42,21.49,-0.07,-0.33,142989.54,305085.833
601111.SH,20070905,20.12,20.12,18.9,19.9,20.16,-0.26,-1.29,693025.03,1342674.917
601166.SH,20070905,57.0,57.86,54.79,56.2,57.3,-1.1,-1.92,125477.83,700041.097
601168.SH,20070905,57.3,59.73,57.1,58.3,57.57,0.73,1.27,140989.04,828237.981
601318.SH,20070905,99.1,101.4,96.8,98.11,99.64,-1.53,-1.54,61234.32,602385.764
601328.SH,20070905,13.06,13.24,12.83,13.18,13.06,0.12,0.92,584179.53,761662.103
601333.SH,20070905,9.08,9.34,8.95,9.11,9.11,0.0,0.0,479995.94,437298.929
601398.SH,20070905,6.87,6.95,6.73,6.8,6.87,-0.07,-1.02,2384847.32,1622967.24
601588.SH,20070905,16.25,16.3,15.4,15.65,16.05,-0.4,-2.49,407004.16,638251.393
601600.SH,20070905,48.9,53.0,48.5,51.49,49.13,2.36,4.8,664671.39,3415154.65
601607.SH,20070905,15.67,15.94,15.12,15.47,15.64,-0.17,-1.09,100017.01,153767.77
601628.SH,20070905,53.89,54.65,52.81,54.0,54.04,-0.04,-0.07,157693.27,847672.427
601666.SH,20070905,34.98,37.69,34.6,36.9,34.98,1.92,5.49,163175.82,591311.868
601699.SH,20070905,71.0,79.55,71.0,79.55,72.32,7.23,10.0,24106.28,186991.412
601872.SH,20070905,14.0,14.34,13.5,14.21,13.97,0.24,1.72,661783.93,922408.565
601919.SH,20070905,26.26,26.26,26.26,26.26,23.87,2.39,10.01,1273.24,3343.528
601988.SH,20070905,6.12,6.27,6.12,6.2,6.12,0.08,1.31,1955941.75,1211682.759
601991.SH,20070905,24.2,24.22,23.41,23.71,24.19,-0.48,-1.98,242786.82,574020.325
601998.SH,20070905,12.06,12.27,11.7,12.0,12.07,-0.07,-0.58,602249.9,723267.281
