ts_code,trade_date,open,high,low,close,pre_close,change,pct_change,vol,amount
000002.SZ,20090227,7.12,7.24,6.96,7.15,7.19,-0.04,-0.56,1565351.55,1111825.9829
000004.SZ,20090227,4.48,4.66,4.44,4.44,4.67,-0.23,-4.93,20881.0,9362.1629
000005.SZ,20090227,3.04,3.04,2.89,2.96,3.08,-0.12,-3.9,203045.9,59873.1939
000006.SZ,20090227,6.99,7.15,6.44,6.44,7.15,-0.71,-9.93,173310.74,117101.9658
000007.SZ,20090227,4.25,4.35,4.25,4.25,4.47,-0.22,-4.92,28319.33,12060.1
000008.SZ,20090227,5.86,5.97,5.73,5.73,6.03,-0.3,-4.98,9924.7,5727.1578
000009.SZ,20090227,7.51,8.14,7.44,7.92,7.74,0.18,2.33,681027.19,530009.3263
000010.SZ,20090227,6.31,6.58,6.08,6.33,6.4,-0.07,-1.09,27828.06,17698.8388
000011.SZ,20090227,4.39,4.49,4.35,4.43,4.58,-0.15,-3.28,29909.01,13098.7458
000012.SZ,20090227,10.81,11.0,9.96,10.5,11.03,-0.53,-4.81,148743.52,154637.184
000014.SZ,20090227,8.25,8.45,7.47,7.65,8.3,-0.65,-7.83,59032.47,45606.6328
000016.SZ,20090227,4.52,4.62,4.19,4.33,4.65,-0.32,-6.88,237331.37,105048.0289
000018.SZ,20090227,4.81,4.81,4.61,4.61,4.85,-0.24,-4.95,7269.69,3404.3603
000019.SZ,20090227,6.68,6.74,6.07,6.07,6.74,-0.67,-9.94,41561.08,26084.5648
000020.SZ,20090227,3.36,3.6,3.36,3.6,3.43,0.17,4.96,111501.76,39792.4567
000021.SZ,20090227,6.2,6.48,5.86,6.38,6.2,0.18,2.9,323461.93,200117.0066
000022.SZ,20090227,11.02,11.04,10.51,10.56,11.02,-0.46,-4.17,31716.62,33928.0058
000023.SZ,20090227,5.26,5.35,5.0,5.08,5.32,-0.24,-4.51,49406.66,25336.182
000024.SZ,20090227,16.95,17.21,15.96,17.17,16.95,0.22,1.3,78386.53,130566.9774
000025.SZ,20090227,4.57,4.57,4.18,4.27,4.61,-0.34,-7.38,15423.95,6649.8218
000026.SZ,20090227,6.65,6.8,6.26,6.38,6.65,-0.27,-4.06,39645.77,25855.3333
000027.SZ,20090227,10.85,11.16,10.75,11.0,10.95,0.05,0.46,158343.28,173731.1406
000028.SZ,20090227,17.4,17.9,16.82,17.85,17.81,0.04,0.22,12406.15,21633.7456
000029.SZ,20090227,3.23,3.24,3.0,3.06,3.26,-0.2,-6.14,62133.5,19305.695
000030.SZ,20090227,2.86,2.9,2.81,2.81,2.96,-0.15,-5.07,36644.93,10345.4026
000031.SZ,20090227,5.78,5.92,5.44,5.65,5.85,-0.2,-3.42,266495.3,150618.2708
000032.SZ,20090227,6.33,6.46,5.92,5.94,6.47,-0.53,-8.19,71633.59,43759.237
000033.SZ,20090227,3.51,3.55,3.22,3.22,3.58,-0.36,-10.06,97596.8,32300.3176
000034.SZ,20090227,2.7,2.7,2.58,2.58,2.72,-0.14,-5.15,36950.18,9586.3744
000036.SZ,20090227,2.79,2.79,2.57,2.6,2.82,-0.22,-7.8,235852.19,62247.5507
000037.SZ,20090227,3.92,4.05,3.63,3.66,3.99,-0.33,-8.27,24467.45,9197.9175
000039.SZ,20090227,7.65,7.75,7.18,7.28,7.77,-0.49,-6.31,188900.29,138979.3855
000040.SZ,20090227,4.89,5.12,4.77,4.98,4.95,0.03,0.61,102586.42,50961.0191
000042.SZ,20090227,11.88,12.42,11.0,12.0,12.02,-0.02,-0.17,38018.34,44001.7649
000043.SZ,20090227,7.8,7.9,7.3,7.6,8.06,-0.46,-5.71,22621.52,16944.728
000045.SZ,20090227,5.8,5.8,5.21,5.29,5.79,-0.5,-8.64,18577.53,10137.31
000046.SZ,20090227,8.1,8.44,7.45,7.95,8.15,-0.2,-2.45,102576.42,81220.952
000048.SZ,20090227,2.82,2.82,2.71,2.71,2.85,-0.14,-4.91,49904.22,13569.6137
000049.SZ,20090227,8.0,8.12,7.41,7.5,8.12,-0.62,-7.64,49994.23,38388.3318
000050.SZ,20090227,3.9,3.92,3.6,3.63,3.94,-0.31,-7.87,80815.22,30134.4352
000055.SZ,20090227,5.64,5.66,5.13,5.19,5.64,-0.45,-7.98,87001.01,46245.6563
000056.SZ,20090227,5.9,6.0,5.4,5.4,6.0,-0.6,-10.0,26708.97,14887.7852
000058.SZ,20090227,2.73,2.79,2.7,2.7,2.84,-0.14,-4.93,104204.0,28235.618
000059.SZ,20090227,7.4,7.44,7.0,7.09,7.54,-0.45,-5.97,196768.28,141485.2396
000060.SZ,20090227,12.0,12.0,11.12,11.12,12.36,-1.24,-10.03,343329.96,389351.1523
000061.SZ,20090227,15.46,15.85,14.3,14.75,15.8,-1.05,-6.65,71299.9,106162.4513
000062.SZ,20090227,5.49,5.49,5.03,5.17,5.59,-0.42,-7.51,55001.01,28662.8503
000063.SZ,20090227,29.5,29.8,28.36,29.05,29.6,-0.55,-1.86,99519.21,288231.8025
000065.SZ,20090227,15.03,15.5,14.41,14.41,16.01,-1.6,-9.99,31017.52,45167.8035
000066.SZ,20090227,4.27,4.3,3.92,3.92,4.35,-0.43,-9.89,125721.36,50345.4468
000068.SZ,20090227,3.44,3.5,3.27,3.27,3.63,-0.36,-9.92,210760.47,70364.0644
000069.SZ,20090227,10.99,11.55,10.3,11.48,11.15,0.33,2.96,230604.2,252342.4709
000070.SZ,20090227,5.05,5.1,4.68,4.74,5.2,-0.46,-8.85,48794.79,23728.5152
000078.SZ,20090227,4.04,4.12,3.77,3.77,4.19,-0.42,-10.02,183470.11,70838.4734
000088.SZ,20090227,5.92,5.99,5.5,5.65,6.01,-0.36,-5.99,83074.71,47384.5493
000089.SZ,20090227,5.87,6.01,5.73,5.9,5.91,-0.01,-0.17,105294.02,61635.4118
000090.SZ,20090227,5.96,5.96,5.57,5.63,6.03,-0.4,-6.63,89508.16,51378.9457
000096.SZ,20090227,4.81,4.85,4.44,4.47,4.92,-0.45,-9.15,42411.42,19486.5446
000099.SZ,20090227,4.38,4.43,4.12,4.22,4.45,-0.23,-5.17,53394.29,22803.5015
000100.SZ,20090227,3.45,3.49,3.2,3.24,3.53,-0.29,-8.22,675877.57,223405.2933
000150.SZ,20090227,3.72,3.78,3.52,3.57,3.8,-0.23,-6.05,74994.08,27223.5052
000151.SZ,20090227,4.91,4.97,4.55,4.55,5.05,-0.5,-9.9,68315.4,31808.3019
000153.SZ,20090227,4.31,4.33,3.98,4.0,4.42,-0.42,-9.5,64918.89,26747.8256
000155.SZ,20090227,6.83,7.0,6.28,6.5,6.89,-0.39,-5.66,91103.91,60074.265
000157.SZ,20090227,18.1,19.0,17.35,18.7,18.44,0.26,1.41,281175.53,509655.6052
000158.SZ,20090227,4.3,4.3,4.0,4.0,4.44,-0.44,-9.91,224329.39,92699.4249
000159.SZ,20090227,12.55,12.8,11.25,11.25,12.5,-1.25,-10.0,128271.32,149183.1054
000301.SZ,20090227,4.32,4.34,4.0,4.05,4.34,-0.29,-6.68,179592.51,73724.4424
000338.SZ,20090227,25.24,25.9,23.41,24.45,26.01,-1.56,-6.0,77400.64,191065.1677
000400.SZ,20090227,14.31,14.48,13.46,13.53,14.2,-0.67,-4.72,53734.01,74474.6584
000401.SZ,20090227,13.11,13.6,12.89,13.58,13.58,0.0,0.0,110226.86,145951.2372
000402.SZ,20090227,8.2,8.5,8.13,8.48,8.25,0.23,2.79,312311.04,259780.1984
000404.SZ,20090227,4.4,4.48,4.1,4.1,4.55,-0.45,-9.89,59068.88,24906.782
000407.SZ,20090227,7.72,7.92,7.24,7.45,8.04,-0.59,-7.34,221913.96,164190.3929
000408.SZ,20090227,5.85,5.86,5.6,5.6,5.89,-0.29,-4.92,78985.99,44380.8727
000409.SZ,20090227,4.55,4.77,4.38,4.38,4.61,-0.23,-4.99,92165.22,41012.2517
000410.SZ,20090227,6.53,6.55,6.01,6.02,6.68,-0.66,-9.88,113775.59,70618.5824
000411.SZ,20090227,4.9,5.04,4.6,4.64,5.03,-0.39,-7.75,27581.61,13119.8009
000413.SZ,20090227,4.89,4.89,4.41,4.5,4.89,-0.39,-7.98,29961.67,13741.5497
000415.SZ,20090227,6.0,6.03,5.61,5.61,6.23,-0.62,-9.95,184361.68,104873.8423
000416.SZ,20090227,5.71,5.86,5.46,5.54,5.88,-0.34,-5.78,141684.32,79938.535
000417.SZ,20090227,7.74,7.75,7.19,7.66,7.8,-0.14,-1.79,62812.7,47104.1605
000418.SZ,20090227,5.85,6.0,5.46,5.7,5.98,-0.28,-4.68,33328.74,19128.1946
000419.SZ,20090227,5.57,5.57,5.04,5.04,5.6,-0.56,-10.0,177237.3,92624.226
000420.SZ,20090227,2.86,2.9,2.81,2.81,3.12,-0.31,-9.94,101189.84,28634.9913
000421.SZ,20090227,4.17,4.25,3.85,3.92,4.27,-0.35,-8.2,63246.85,25422.1202
000422.SZ,20090227,12.03,12.26,11.01,11.01,12.23,-1.22,-9.98,295164.85,333874.8119
000423.SZ,20090227,15.7,16.1,15.05,15.59,15.68,-0.09,-0.57,97558.61,151408.5156
000426.SZ,20090227,4.5,4.5,4.32,4.32,4.8,-0.48,-10.0,127153.43,55494.0707
000428.SZ,20090227,9.21,9.5,9.2,9.2,10.22,-1.02,-9.98,68517.0,63194.2689
000429.SZ,20090227,4.4,4.42,4.22,4.28,4.41,-0.13,-2.95,57897.09,24879.3537
000430.SZ,20090227,4.66,4.75,4.54,4.69,4.78,-0.09,-1.88,15428.58,7109.1401
000488.SZ,20090227,6.61,6.61,6.22,6.35,6.65,-0.3,-4.51,278873.55,177450.6229
000501.SZ,20090227,6.88,6.88,6.26,6.32,6.81,-0.49,-7.2,95099.82,61052.7106
000502.SZ,20090227,8.79,8.95,8.35,8.56,8.78,-0.22,-2.51,61394.62,52961.6799
000503.SZ,20090227,5.85,5.93,5.49,5.49,6.1,-0.61,-10.0,325402.43,180927.2088
000504.SZ,20090227,4.15,4.26,3.83,3.83,4.25,-0.42,-9.88,92058.78,36216.5028
000505.SZ,20090227,5.68,5.68,5.23,5.23,5.81,-0.58,-9.98,117747.61,62693.3071
000507.SZ,20090227,5.22,5.37,4.92,5.02,5.37,-0.35,-6.52,86928.37,44453.3317
000509.SZ,20090227,3.7,3.72,3.55,3.55,3.74,-0.19,-5.08,32873.71,11749.5711
000510.SZ,20090227,3.5,3.52,3.19,3.19,3.54,-0.35,-9.89,168739.81,55466.5758
000511.SZ,20090227,3.31,3.32,3.11,3.16,3.36,-0.2,-5.95,220837.18,70371.2624
000513.SZ,20090227,18.55,18.55,18.09,18.2,19.0,-0.8,-4.21,19863.12,36269.2967
000514.SZ,20090227,8.2,8.71,7.48,8.4,8.29,0.11,1.33,196396.18,161203.3225
000515.SZ,20090227,14.15,14.49,14.13,14.21,14.15,0.06,0.42,52825.39,75522.2909
000516.SZ,20090227,7.08,7.65,6.92,7.5,7.06,0.44,6.23,67497.79,49041.8822
000518.SZ,20090227,3.06,3.1,2.82,2.86,3.09,-0.23,-7.44,288309.33,84096.3649
000519.SZ,20090227,3.46,3.49,3.15,3.15,3.5,-0.35,-10.0,44855.74,14673.4921
000520.SZ,20090227,4.89,4.9,4.39,4.5,4.87,-0.37,-7.6,118584.04,54753.8627
000521.SZ,20090227,4.6,4.65,4.23,4.4,4.7,-0.3,-6.38,123262.72,53100.156
000522.SZ,20090227,7.0,7.16,6.3,6.34,7.0,-0.66,-9.43,167638.17,112386.9057
000523.SZ,20090227,4.85,4.99,4.46,4.46,4.96,-0.5,-10.08,51895.9,23911.5916
000524.SZ,20090227,4.95,4.95,4.49,4.49,4.99,-0.5,-10.02,65229.49,30045.8534
000525.SZ,20090227,15.73,15.83,14.8,15.65,15.8,-0.15,-0.95,35062.94,53893.7607
000526.SZ,20090227,5.51,5.8,5.18,5.72,5.76,-0.04,-0.69,36449.85,19752.9544
000527.SZ,20090227,10.1,10.26,9.63,9.8,10.3,-0.5,-4.85,199596.56,198774.7943
000528.SZ,20090227,14.29,14.29,13.1,13.68,14.48,-0.8,-5.52,142765.99,194577.3848
000530.SZ,20090227,6.1,6.33,5.75,5.82,6.3,-0.48,-7.62,47626.59,28293.4314
000531.SZ,20090227,6.38,6.49,5.93,6.12,6.4,-0.28,-4.38,24359.49,15007.0088
000532.SZ,20090227,7.98,8.12,7.32,7.33,8.12,-0.79,-9.73,195699.2,148558.4636
000533.SZ,20090227,3.85,3.87,3.63,3.67,3.9,-0.23,-5.9,73829.9,27585.9883
000537.SZ,20090227,3.86,3.91,3.52,3.6,3.91,-0.31,-7.93,108424.93,39708.4464
000538.SZ,20090227,36.5,37.0,35.68,36.08,36.52,-0.44,-1.2,16682.16,60011.9164
000539.SZ,20090227,6.7,7.0,6.09,6.63,6.76,-0.13,-1.92,82093.71,52327.7946
000540.SZ,20090227,9.04,9.25,8.43,8.75,9.1,-0.35,-3.85,146174.49,127550.3325
000541.SZ,20090227,8.01,8.2,7.6,7.7,8.26,-0.56,-6.78,137124.62,106721.5394
000543.SZ,20090227,6.69,6.9,5.81,5.85,6.45,-0.6,-9.3,321924.35,207304.7228
000544.SZ,20090227,7.6,7.66,7.05,7.19,7.62,-0.43,-5.64,78950.56,57528.6187
000545.SZ,20090227,8.1,8.24,7.66,7.66,8.51,-0.85,-9.99,118289.36,91730.8851
000546.SZ,20090227,5.67,5.69,5.32,5.47,5.76,-0.29,-5.03,29621.74,16245.459
000547.SZ,20090227,5.65,5.72,5.22,5.22,5.8,-0.58,-10.0,97028.27,51984.0704
000548.SZ,20090227,5.86,5.97,5.47,5.47,6.08,-0.61,-10.03,163501.71,91510.7707
000550.SZ,20090227,11.0,11.46,9.9,10.2,11.0,-0.8,-7.27,68917.04,74623.0164
000551.SZ,20090227,5.84,5.87,5.41,5.47,5.91,-0.44,-7.45,53109.23,29685.48
000552.SZ,20090227,6.8,6.9,6.31,6.55,6.99,-0.44,-6.29,28811.57,18943.5868
000553.SZ,20090227,7.6,7.9,7.04,7.1,7.8,-0.7,-8.97,129630.71,96662.5931
000554.SZ,20090227,5.7,5.74,5.22,5.31,5.75,-0.44,-7.65,80437.39,43877.4817
000555.SZ,20090227,4.0,4.0,3.82,3.82,4.02,-0.2,-4.98,22320.0,8555.256
000557.SZ,20090227,3.36,3.4,3.31,3.31,3.48,-0.17,-4.89,104654.13,34740.3695
000558.SZ,20090227,4.65,4.68,4.3,4.32,4.78,-0.46,-9.62,34746.4,15438.6323
000559.SZ,20090227,5.78,6.2,5.4,5.95,5.95,0.0,0.0,162031.33,94790.3172
000560.SZ,20090227,7.2,7.2,7.0,7.0,7.78,-0.78,-10.03,14773.0,10349.6245
000561.SZ,20090227,6.69,6.97,6.44,6.62,6.78,-0.16,-2.36,91746.6,61358.7139
000562.SZ,20090227,14.0,14.41,13.82,13.95,14.22,-0.27,-1.9,149083.14,209827.1415
000563.SZ,20090227,9.29,9.48,8.76,8.95,9.52,-0.57,-5.99,84143.88,76742.1737
000564.SZ,20090227,4.48,4.55,4.1,4.16,4.55,-0.39,-8.57,82017.42,35127.0775
000565.SZ,20090227,12.6,12.95,11.71,11.71,13.01,-1.3,-9.99,109922.99,130420.419
000566.SZ,20090227,10.51,11.14,10.05,10.4,10.58,-0.18,-1.7,112756.73,120009.6219
000567.SZ,20090227,4.28,4.38,4.0,4.11,4.29,-0.18,-4.2,40274.99,16969.5004
000568.SZ,20090227,19.43,19.93,19.0,19.13,19.9,-0.77,-3.87,173418.93,336304.5067
000569.SZ,20090227,6.49,6.68,6.49,6.56,6.5,0.06,0.92,140363.76,92381.4406
000570.SZ,20090227,4.68,4.68,4.28,4.28,4.75,-0.47,-9.89,42808.54,18762.6433
000571.SZ,20090227,4.75,4.83,4.36,4.6,4.39,0.21,4.78,744261.33,345153.5628
000572.SZ,20090227,4.54,4.61,4.21,4.21,4.68,-0.47,-10.04,157152.18,67618.3744
000573.SZ,20090227,2.76,2.79,2.57,2.59,2.79,-0.2,-7.17,106754.59,28295.5598
000576.SZ,20090227,4.28,4.31,3.99,3.99,4.43,-0.44,-9.93,211807.72,86519.9801
000578.SZ,20090227,22.7,23.35,22.42,22.43,23.6,-1.17,-4.96,20810.07,47137.7103
000581.SZ,20090227,7.35,7.5,6.79,7.02,7.54,-0.52,-6.9,228182.12,159991.7321
000582.SZ,20090227,9.39,10.25,9.3,9.99,9.65,0.34,3.52,77950.55,77181.3143
000584.SZ,20090227,5.07,5.15,4.65,4.67,5.13,-0.46,-8.97,55460.9,26848.8831
000585.SZ,20090227,3.03,3.03,2.8,2.99,3.04,-0.05,-1.64,123398.18,36087.6982
000586.SZ,20090227,4.2,4.29,3.85,3.85,4.28,-0.43,-10.05,49303.51,19551.8047
000587.SZ,20090227,4.6,4.68,4.47,4.47,4.7,-0.23,-4.89,10201.9,4585.1083
000589.SZ,20090227,5.57,5.6,5.15,5.25,5.7,-0.45,-7.89,75296.14,40098.2008
000590.SZ,20090227,6.0,6.12,5.51,5.75,6.1,-0.35,-5.74,56651.55,32463.2472
000591.SZ,20090227,5.79,5.79,5.4,5.46,5.8,-0.34,-5.86,37544.94,20847.7187
000592.SZ,20090227,3.8,3.93,3.8,3.8,4.0,-0.2,-5.0,80037.5,30513.9558
000593.SZ,20090227,4.72,4.89,4.64,4.88,4.64,0.24,5.17,194752.17,93222.4756
000594.SZ,20090227,4.57,4.59,4.29,4.29,4.77,-0.48,-10.06,209234.8,91369.6457
000595.SZ,20090227,8.1,8.1,7.4,7.61,8.1,-0.49,-6.05,72230.78,55104.3001
000596.SZ,20090227,10.05,10.65,9.81,9.81,10.9,-1.09,-10.0,23898.47,24090.6644
000597.SZ,20090227,17.96,19.25,16.8,19.18,18.44,0.74,4.01,139443.89,251159.7077
000598.SZ,20090227,6.03,6.22,5.6,5.72,6.16,-0.44,-7.14,77512.13,45198.8861
000599.SZ,20090227,3.74,3.74,3.43,3.47,3.76,-0.29,-7.71,140421.97,49761.3763
000601.SZ,20090227,3.2,3.26,3.08,3.13,3.25,-0.12,-3.69,144465.06,45378.4332
000602.SZ,20090227,6.84,6.84,6.28,6.3,6.9,-0.6,-8.7,54076.05,34990.9846
000605.SZ,20090227,9.7,9.8,9.56,9.56,10.06,-0.5,-4.97,10594.71,10209.7364
000606.SZ,20090227,4.4,4.49,4.16,4.2,4.46,-0.26,-5.83,59233.21,25359.8246
000607.SZ,20090227,3.5,3.55,3.25,3.35,3.59,-0.24,-6.69,84502.17,28684.4088
000608.SZ,20090227,4.66,4.73,4.44,4.5,4.71,-0.21,-4.46,77262.34,35396.0282
000609.SZ,20090227,9.8,9.96,9.31,9.47,10.02,-0.55,-5.49,84608.1,81333.067
000610.SZ,20090227,4.53,4.54,4.1,4.21,4.53,-0.32,-7.06,34668.45,14681.2283
000611.SZ,20090227,4.4,4.51,4.12,4.12,4.58,-0.46,-10.04,111968.34,47007.9417
000612.SZ,20090227,12.2,12.26,11.3,11.3,12.55,-1.25,-9.96,174005.96,201258.7554
000613.SZ,20090227,3.38,3.44,3.37,3.37,3.55,-0.18,-5.07,45404.15,15316.8165
000615.SZ,20090227,3.49,3.62,3.31,3.35,3.55,-0.2,-5.63,42195.92,14461.3751
000616.SZ,20090227,5.3,5.58,5.15,5.36,5.36,0.0,0.0,86689.76,46195.3299
000617.SZ,20090227,10.3,10.45,9.31,9.6,10.22,-0.62,-6.07,58858.78,57690.1337
000619.SZ,20090227,5.85,5.85,5.54,5.8,5.81,-0.01,-0.17,55733.85,31555.5228
000623.SZ,20090227,26.01,26.46,24.19,24.43,26.35,-1.92,-7.29,109854.19,276640.6412
000625.SZ,20090227,6.44,6.44,6.44,6.44,7.15,-0.71,-9.93,64083.0,41269.452
000626.SZ,20090227,5.48,5.56,5.09,5.1,5.65,-0.55,-9.73,31634.69,16646.2245
000627.SZ,20090227,4.57,4.67,4.2,4.25,4.64,-0.39,-8.41,130363.68,56733.0507
000628.SZ,20090227,4.24,4.26,4.2,4.2,4.42,-0.22,-4.98,13249.0,5579.342
000629.SZ,20090227,9.46,9.49,9.46,9.49,9.46,0.03,0.32,326284.36,309237.6815
000630.SZ,20090227,9.95,10.0,9.12,9.14,10.13,-0.99,-9.77,206117.94,193437.1257
000632.SZ,20090227,3.25,3.25,2.99,2.99,3.32,-0.33,-9.94,180011.57,54950.1172
000635.SZ,20090227,11.08,11.25,10.28,10.29,11.42,-1.13,-9.89,83417.02,87333.2316
000636.SZ,20090227,4.11,4.28,3.85,3.88,4.28,-0.4,-9.35,174861.86,69085.8938
000637.SZ,20090227,4.81,4.96,4.59,4.66,4.91,-0.25,-5.09,37157.78,17514.868
000639.SZ,20090227,9.69,9.8,8.93,9.08,9.88,-0.8,-8.1,14136.66,13188.8344
000650.SZ,20090227,11.08,11.08,10.6,10.75,11.12,-0.37,-3.33,26369.57,28485.7428
000651.SZ,20090227,21.0,21.78,20.05,21.78,21.22,0.56,2.64,81078.22,168788.0788
000652.SZ,20090227,6.36,6.42,5.88,5.95,6.42,-0.47,-7.32,303712.39,184454.625
000655.SZ,20090227,15.0,15.48,13.81,14.05,15.06,-1.01,-6.71,85743.58,123276.3421
000656.SZ,20090227,4.43,4.53,4.3,4.4,4.53,-0.13,-2.87,20971.93,9179.2876
000657.SZ,20090227,5.61,5.61,5.61,5.61,5.9,-0.29,-4.92,5516.0,3094.476
000659.SZ,20090227,4.79,4.8,4.38,4.53,4.77,-0.24,-5.03,129947.05,59264.7904
000661.SZ,20090227,13.96,14.05,13.4,13.5,13.89,-0.39,-2.81,64944.86,89039.4073
000662.SZ,20090227,4.32,4.38,4.1,4.19,4.37,-0.18,-4.12,66790.54,28130.1407
000663.SZ,20090227,6.6,6.87,6.32,6.47,7.02,-0.55,-7.83,217475.52,141864.7467
000665.SZ,20090227,3.96,4.1,3.86,3.99,4.06,-0.07,-1.72,102167.29,40532.443
000666.SZ,20090227,4.21,4.36,3.83,3.89,4.25,-0.36,-8.47,159917.62,64539.2596
000667.SZ,20090227,4.01,4.08,3.85,3.93,4.08,-0.15,-3.68,183561.19,72631.696
000668.SZ,20090227,14.7,14.99,13.96,14.06,14.8,-0.74,-5.0,54660.42,78384.7046
000669.SZ,20090227,5.99,6.06,5.5,5.62,6.06,-0.44,-7.26,39293.23,22720.0688
000673.SZ,20090227,4.64,4.86,4.63,4.63,4.87,-0.24,-4.93,13592.28,6309.2349
000676.SZ,20090227,3.7,3.79,3.43,3.43,3.81,-0.38,-9.97,74595.27,26302.2533
000677.SZ,20090227,4.0,4.03,3.69,3.69,4.1,-0.41,-10.0,222073.72,84078.3702
000678.SZ,20090227,3.55,3.64,3.32,3.33,3.62,-0.29,-8.01,43328.03,14918.8079
000679.SZ,20090227,7.52,7.61,7.0,7.13,7.53,-0.4,-5.31,63682.84,46211.0963
000680.SZ,20090227,10.92,11.1,10.16,10.62,11.1,-0.48,-4.32,299618.47,319099.0348
000681.SZ,20090227,3.1,3.33,3.09,3.33,3.17,0.16,5.05,97962.46,32451.7072
000682.SZ,20090227,3.2,3.23,2.98,3.02,3.21,-0.19,-5.92,189362.6,58043.7261
000683.SZ,20090227,7.89,7.96,7.29,7.29,8.1,-0.81,-10.0,170037.96,127587.6707
000685.SZ,20090227,14.02,14.68,13.9,14.06,14.17,-0.11,-0.78,63634.19,90581.0846
000686.SZ,20090227,18.8,19.27,18.0,18.13,19.06,-0.93,-4.88,103280.77,192408.3225
000687.SZ,20090227,3.68,3.71,3.34,3.36,3.71,-0.35,-9.43,135929.02,47119.3346
000690.SZ,20090227,7.65,8.07,7.59,7.79,7.67,0.12,1.56,203000.17,159683.7305
000691.SZ,20090227,2.13,2.13,2.13,2.13,2.03,0.1,4.93,14282.6,3042.1938
000692.SZ,20090227,3.74,3.84,3.61,3.61,3.8,-0.19,-5.0,40201.24,14742.1458
000695.SZ,20090227,5.52,5.58,5.1,5.13,5.67,-0.54,-9.52,79804.66,42004.0079
000697.SZ,20090227,5.48,5.48,5.09,5.09,5.65,-0.56,-9.91,94383.17,48387.7168
000698.SZ,20090227,7.5,7.68,7.1,7.25,7.6,-0.35,-4.61,83047.64,60634.9341
000700.SZ,20090227,3.67,3.7,3.4,3.42,3.71,-0.29,-7.82,70047.61,24694.1998
000701.SZ,20090227,5.08,5.14,4.67,4.68,5.19,-0.51,-9.83,95908.03,46105.6216
000702.SZ,20090227,4.39,4.5,4.08,4.08,4.53,-0.45,-9.93,87897.23,36803.1991
000703.SZ,20090227,4.05,4.06,3.65,3.65,4.06,-0.41,-10.1,52664.32,19813.9799
000705.SZ,20090227,6.14,6.28,5.73,5.8,6.25,-0.45,-7.2,48914.81,29117.8271
000707.SZ,20090227,7.1,7.15,6.48,6.52,7.2,-0.68,-9.44,218978.64,147314.3122
000708.SZ,20090227,6.12,6.15,5.75,5.79,6.27,-0.48,-7.66,56120.95,33148.726
000709.SZ,20090227,5.19,5.24,4.81,4.92,5.29,-0.37,-6.99,959855.7,477670.0773
000710.SZ,20090227,6.65,6.66,6.1,6.5,6.66,-0.16,-2.4,34235.23,21593.2665
000711.SZ,20090227,4.93,4.95,4.58,4.75,5.09,-0.34,-6.68,56728.25,26460.8462
000712.SZ,20090227,9.73,9.73,8.71,8.9,9.68,-0.78,-8.06,106137.7,97948.5498
000713.SZ,20090227,12.95,12.99,11.65,12.16,12.7,-0.54,-4.25,165918.76,201555.7594
000715.SZ,20090227,7.56,7.79,7.23,7.31,7.86,-0.55,-7.0,28984.43,21473.2969
000716.SZ,20090227,3.6,3.7,3.57,3.57,3.76,-0.19,-5.05,30054.0,10744.33
000717.SZ,20090227,3.7,3.73,3.46,3.53,3.72,-0.19,-5.11,273887.15,97553.0153
000718.SZ,20090227,6.71,6.85,6.3,6.36,6.82,-0.46,-6.74,149904.17,97649.2745
000720.SZ,20090227,3.51,3.56,3.21,3.31,3.56,-0.25,-7.02,194896.13,65639.2954
000721.SZ,20090227,4.35,4.46,4.07,4.08,4.47,-0.39,-8.72,29258.56,12365.3205
000722.SZ,20090227,4.14,4.14,4.14,4.14,3.94,0.2,5.08,1484.09,614.4133
000723.SZ,20090227,12.1,12.1,11.0,11.01,12.18,-1.17,-9.61,48512.52,55046.239
000725.SZ,20090227,3.64,3.64,3.3,3.31,3.67,-0.36,-9.81,149507.87,51196.1606
000726.SZ,20090227,7.19,7.32,6.94,7.1,7.21,-0.11,-1.53,94927.06,67460.208
000727.SZ,20090227,4.2,4.25,3.87,3.87,4.3,-0.43,-10.0,83143.96,32977.9249
000728.SZ,20090227,13.65,14.1,13.45,13.52,13.89,-0.37,-2.66,56305.9,77588.9314
000729.SZ,20090227,12.12,12.51,12.02,12.31,12.21,0.1,0.82,113139.61,138994.8724
000731.SZ,20090227,7.48,7.48,6.99,7.1,7.6,-0.5,-6.58,111874.7,80568.1482
000733.SZ,20090227,5.43,5.49,5.06,5.16,5.53,-0.37,-6.69,56330.19,29662.9819
000735.SZ,20090227,4.1,4.24,3.82,3.9,4.17,-0.27,-6.47,279577.35,112098.8002
000736.SZ,20090227,8.3,8.3,8.0,8.0,8.42,-0.42,-4.99,15410.88,12383.9742
000737.SZ,20090227,5.03,5.08,4.63,4.69,5.05,-0.36,-7.13,133860.42,64376.619
000738.SZ,20090227,5.88,5.95,5.87,5.87,6.18,-0.31,-5.02,38990.01,22913.1934
000739.SZ,20090227,4.98,5.28,4.81,5.22,5.07,0.15,2.96,111622.08,55910.8727
000748.SZ,20090227,6.29,6.37,5.74,5.74,6.38,-0.64,-10.03,111304.54,65993.3935
000751.SZ,20090227,4.88,4.88,4.55,4.55,5.05,-0.5,-9.9,308307.45,142521.2078
000752.SZ,20090227,5.1,5.16,4.73,4.73,5.25,-0.52,-9.9,60005.56,29016.4159
000753.SZ,20090227,4.04,4.13,3.67,3.75,4.08,-0.33,-8.09,125174.19,47737.6614
000755.SZ,20090227,6.33,6.34,5.78,5.86,6.4,-0.54,-8.44,171446.1,103366.9214
000756.SZ,20090227,4.75,4.85,4.4,4.43,4.84,-0.41,-8.47,35978.26,16398.6289
000758.SZ,20090227,10.0,10.15,9.36,9.36,10.4,-1.04,-10.0,165220.57,157524.4824
000759.SZ,20090227,8.2,8.38,7.93,8.1,8.31,-0.21,-2.53,102009.15,82604.2763
000760.SZ,20090227,3.65,3.71,3.35,3.35,3.72,-0.37,-9.95,73353.0,25119.6232
000761.SZ,20090227,5.18,5.25,5.0,5.04,5.23,-0.19,-3.63,61644.64,31433.392
000762.SZ,20090227,15.34,15.5,14.55,15.24,15.93,-0.69,-4.33,141564.76,213484.8317
000766.SZ,20090227,3.95,4.08,3.65,3.66,4.05,-0.39,-9.63,99580.7,37513.0685
000767.SZ,20090227,3.5,3.5,3.16,3.27,3.51,-0.24,-6.84,77028.58,25446.213
000768.SZ,20090227,19.38,20.0,19.38,19.38,21.53,-2.15,-9.99,155958.0,302661.0884
000777.SZ,20090227,13.0,13.3,12.16,12.16,13.51,-1.35,-9.99,57194.25,72063.2075
000778.SZ,20090227,6.38,6.54,5.99,6.0,6.45,-0.45,-6.98,145409.16,89917.1541
000779.SZ,20090227,4.56,4.7,4.54,4.54,4.78,-0.24,-5.02,17758.06,8105.8013
000780.SZ,20090227,7.7,7.74,7.51,7.51,7.91,-0.4,-5.06,114596.12,86518.4851
000782.SZ,20090227,2.95,2.95,2.75,2.8,2.97,-0.17,-5.72,99896.94,28267.0199
000783.SZ,20090227,12.03,12.3,11.63,11.78,12.09,-0.31,-2.56,165612.0,198349.099
000785.SZ,20090227,5.36,5.39,5.0,5.04,5.35,-0.31,-5.79,48354.46,24981.0587
000786.SZ,20090227,5.92,5.92,5.41,5.65,5.91,-0.26,-4.4,86207.85,48840.2838
000788.SZ,20090227,6.37,6.65,5.85,5.87,6.5,-0.63,-9.69,56848.65,34830.6819
000789.SZ,20090227,7.08,7.15,6.7,6.92,7.25,-0.33,-4.55,140842.21,97574.4725
000790.SZ,20090227,6.73,6.94,6.35,6.36,6.9,-0.54,-7.83,38259.75,25046.6108
000791.SZ,20090227,4.78,4.8,4.41,4.41,4.9,-0.49,-10.0,52339.3,23709.5929
000792.SZ,20090227,48.0,49.4,47.04,48.98,49.0,-0.02,-0.04,92602.04,448219.0558
000793.SZ,20090227,3.9,3.95,3.63,3.65,3.9,-0.25,-6.41,166474.77,62810.9237
000795.SZ,20090227,3.65,3.67,3.33,3.33,3.7,-0.37,-10.0,70526.03,23996.6308
000796.SZ,20090227,4.21,4.25,3.89,3.89,4.32,-0.43,-9.95,116615.03,46861.5177
000797.SZ,20090227,5.8,5.97,5.62,5.82,6.0,-0.18,-3.0,182628.62,105903.6142
000798.SZ,20090227,6.4,6.62,5.96,5.96,6.62,-0.66,-9.97,115137.53,70705.9339
000799.SZ,20090227,7.75,8.01,7.21,7.21,8.01,-0.8,-9.99,70630.11,53027.3393
000800.SZ,20090227,10.12,10.45,9.6,10.01,10.45,-0.44,-4.21,206413.98,205747.9868
000801.SZ,20090227,7.06,7.27,6.57,6.63,7.3,-0.67,-9.18,30962.66,21018.677
000802.SZ,20090227,9.5,9.7,8.78,8.78,9.76,-0.98,-10.04,57237.57,51616.7535
000803.SZ,20090227,4.17,4.21,3.88,3.91,4.23,-0.32,-7.57,22945.18,9182.8717
000806.SZ,20090227,2.86,2.86,2.65,2.68,2.89,-0.21,-7.27,137304.8,37566.7733
000807.SZ,20090227,6.5,6.5,5.86,5.86,6.51,-0.65,-9.98,184253.81,110029.5227
000809.SZ,20090227,9.02,9.97,8.48,9.96,9.06,0.9,9.93,48135.98,45374.2208
000810.SZ,20090227,5.44,5.44,5.15,5.35,5.65,-0.3,-5.31,21128.93,11134.9171
000811.SZ,20090227,9.06,9.06,8.14,8.65,9.04,-0.39,-4.31,71949.26,60845.1082
000812.SZ,20090227,3.52,3.54,3.23,3.26,3.55,-0.29,-8.17,64969.07,21818.5825
000813.SZ,20090227,3.48,3.48,3.2,3.2,3.55,-0.35,-9.86,63108.99,20963.9419
000815.SZ,20090227,8.48,8.57,7.86,7.87,8.73,-0.86,-9.85,102313.35,82368.6339
000816.SZ,20090227,4.45,4.52,4.08,4.12,4.53,-0.41,-9.05,145616.43,61664.3006
000818.SZ,20090227,4.8,4.9,4.46,4.46,4.96,-0.5,-10.08,87429.87,39878.3104
000819.SZ,20090227,21.8,21.9,20.17,20.17,22.41,-2.24,-10.0,50231.53,103667.4294
000820.SZ,20090227,3.2,3.25,2.97,3.0,3.16,-0.16,-5.06,103345.15,32126.4993
000821.SZ,20090227,3.36,3.38,3.14,3.18,3.36,-0.18,-5.36,51681.67,16672.0455
000822.SZ,20090227,6.36,6.43,6.09,6.19,6.33,-0.14,-2.21,197674.25,123541.5057
000823.SZ,20090227,6.12,6.22,5.75,5.75,6.32,-0.57,-9.02,166800.31,99421.9987
000825.SZ,20090227,5.15,5.15,4.8,4.89,5.25,-0.36,-6.86,579643.01,285311.2396
000826.SZ,20090227,10.68,10.7,10.05,10.09,10.74,-0.65,-6.05,68002.35,69684.0845
000828.SZ,20090227,4.59,4.62,4.3,4.4,4.6,-0.2,-4.35,77056.79,34097.71
000829.SZ,20090227,4.41,4.55,4.19,4.19,4.65,-0.46,-9.89,317225.11,136387.9481
000830.SZ,20090227,4.6,4.6,4.25,4.3,4.61,-0.31,-6.72,185520.87,81033.583
000831.SZ,20090227,5.51,5.66,5.19,5.19,5.77,-0.58,-10.05,177362.49,93838.7343
000833.SZ,20090227,8.2,8.45,7.74,7.74,8.6,-0.86,-10.0,189283.87,150089.9519
000835.SZ,20090227,7.91,8.15,7.33,7.42,8.03,-0.61,-7.6,107279.34,81724.8395
000836.SZ,20090227,11.91,12.34,11.01,11.4,12.23,-0.83,-6.79,41021.06,47606.2502
000837.SZ,20090227,5.9,5.98,5.56,5.69,6.01,-0.32,-5.32,85591.03,49183.3815
000838.SZ,20090227,5.82,6.07,5.6,5.7,5.95,-0.25,-4.2,49239.46,28660.9521
000839.SZ,20090227,11.1,11.29,10.55,10.55,11.72,-1.17,-9.98,976335.09,1051823.3159
000848.SZ,20090227,15.18,15.85,15.0,15.12,15.55,-0.43,-2.77,11093.56,16992.2229
000850.SZ,20090227,5.62,5.64,5.21,5.4,5.63,-0.23,-4.09,86615.12,47048.4031
000851.SZ,20090227,5.05,5.15,4.76,4.8,5.13,-0.33,-6.43,77098.44,37733.0982
000852.SZ,20090227,8.41,8.54,7.95,8.13,8.54,-0.41,-4.8,64818.07,52862.8686
000856.SZ,20090227,5.11,5.34,4.78,5.28,5.3,-0.02,-0.38,73776.23,37345.2417
000858.SZ,20090227,14.96,15.23,14.8,14.99,15.05,-0.06,-0.4,375096.65,561788.1647
000859.SZ,20090227,4.01,4.07,3.77,3.8,4.05,-0.25,-6.17,156315.52,60591.5543
000860.SZ,20090227,13.06,13.32,11.87,11.87,13.19,-1.32,-10.01,116449.81,143194.8346
000861.SZ,20090227,7.92,7.92,7.16,7.21,7.94,-0.73,-9.19,45222.38,33495.6692
000862.SZ,20090227,10.2,10.38,9.46,9.52,10.51,-0.99,-9.42,146490.12,142655.7988
000868.SZ,20090227,4.63,5.13,4.47,5.07,4.74,0.33,6.96,307922.63,148120.8613
000869.SZ,20090227,47.7,47.7,46.0,47.7,48.0,-0.3,-0.63,8861.27,41456.6983
000875.SZ,20090227,3.9,3.93,3.57,3.62,3.96,-0.34,-8.59,173924.0,64559.1329
000876.SZ,20090227,8.8,9.02,8.12,8.25,9.0,-0.75,-8.33,176729.29,149568.9739
000877.SZ,20090227,13.72,14.06,13.28,13.85,14.05,-0.2,-1.42,38668.58,52752.7233
000878.SZ,20090227,13.69,13.7,12.72,12.72,14.13,-1.41,-9.98,439125.14,566621.7508
000880.SZ,20090227,6.75,6.98,6.27,6.28,6.97,-0.69,-9.9,46179.39,30056.3449
000881.SZ,20090227,6.38,6.48,6.0,6.08,6.44,-0.36,-5.59,59758.07,36949.2664
000882.SZ,20090227,5.46,5.48,5.1,5.1,5.67,-0.57,-10.05,54604.44,28325.8524
000883.SZ,20090227,3.97,3.97,3.57,3.57,3.97,-0.4,-10.08,84050.08,30970.9903
000885.SZ,20090227,8.5,8.87,8.04,8.04,8.93,-0.89,-9.97,38792.5,32113.4416
000886.SZ,20090227,3.05,3.13,2.88,2.88,3.07,-0.19,-6.19,275475.2,82646.2872
000887.SZ,20090227,9.81,10.19,9.06,9.06,10.07,-1.01,-10.03,76898.21,71709.8658
000888.SZ,20090227,7.36,7.38,6.6,6.97,7.29,-0.32,-4.39,46545.46,32153.6474
000889.SZ,20090227,4.9,4.92,4.61,4.61,5.12,-0.51,-9.96,78192.23,36473.4542
000890.SZ,20090227,3.6,3.66,3.3,3.38,3.66,-0.28,-7.65,79013.08,27236.0141
000893.SZ,20090227,14.63,14.96,13.8,14.3,15.26,-0.96,-6.29,45269.2,64852.8304
000895.SZ,20090227,31.55,32.6,31.16,31.9,32.6,-0.7,-2.15,24341.56,77095.9895
000897.SZ,20090227,4.39,4.45,3.99,4.01,4.41,-0.4,-9.07,345423.54,143183.9719
000898.SZ,20090227,7.86,7.87,7.39,7.45,7.89,-0.44,-5.58,319375.1,240894.3168
000899.SZ,20090227,5.27,5.4,4.94,4.96,5.49,-0.53,-9.65,76142.73,38095.7487
000900.SZ,20090227,13.91,13.99,13.39,13.53,13.9,-0.37,-2.66,78871.4,107301.6969
000901.SZ,20090227,9.15,9.3,8.88,8.88,9.87,-0.99,-10.03,126646.76,113172.2295
000902.SZ,20090227,3.41,3.41,3.11,3.15,3.42,-0.27,-7.89,30834.57,9908.5486
000903.SZ,20090227,8.05,8.07,7.39,7.43,8.21,-0.78,-9.5,106419.48,80392.7952
000905.SZ,20090227,8.84,8.85,8.26,8.45,9.18,-0.73,-7.95,173402.53,146850.8813
000906.SZ,20090227,5.81,5.82,5.6,5.8,5.89,-0.09,-1.53,37889.77,21398.6201
000908.SZ,20090227,5.75,5.94,5.57,5.57,6.19,-0.62,-10.02,122456.92,68879.4444
000909.SZ,20090227,4.49,4.57,4.16,4.18,4.53,-0.35,-7.73,29871.76,12781.6875
000910.SZ,20090227,5.3,5.46,5.07,5.1,5.43,-0.33,-6.08,63799.03,33183.9103
000911.SZ,20090227,12.79,13.35,12.04,12.04,13.38,-1.34,-10.01,112322.99,139983.388
000912.SZ,20090227,9.92,10.1,9.1,9.34,10.03,-0.69,-6.88,81483.75,77307.2856
000913.SZ,20090227,3.85,4.05,3.61,3.66,3.96,-0.3,-7.58,68113.41,25643.724
000915.SZ,20090227,5.3,5.45,4.91,5.0,5.45,-0.45,-8.26,41174.78,20991.7025
000916.SZ,20090227,4.05,4.06,3.73,3.73,4.08,-0.35,-8.58,101067.85,39213.9622
000917.SZ,20090227,13.45,13.85,13.4,13.68,13.68,0.0,0.0,77012.15,104238.805
000919.SZ,20090227,6.71,6.77,6.35,6.43,6.81,-0.38,-5.58,57532.52,37451.2887
000920.SZ,20090227,5.6,5.68,5.17,5.28,5.73,-0.45,-7.85,132433.23,71340.9537
000921.SZ,20090227,2.83,2.83,2.69,2.71,2.83,-0.12,-4.24,41581.91,11319.5619
000922.SZ,20090227,4.34,4.39,4.27,4.27,4.49,-0.22,-4.9,36102.0,15468.1541
000923.SZ,20090227,5.66,5.68,5.28,5.28,5.87,-0.59,-10.05,75642.06,40578.3911
000926.SZ,20090227,6.46,6.55,5.97,6.08,6.51,-0.43,-6.61,274694.54,169341.2342
000927.SZ,20090227,4.96,4.99,4.55,4.55,5.06,-0.51,-10.08,161117.67,74924.7899
000928.SZ,20090227,5.17,5.24,5.15,5.15,5.42,-0.27,-4.98,13455.0,6936.653
000929.SZ,20090227,6.49,6.56,5.94,5.94,6.6,-0.66,-10.0,42070.61,25589.2139
000930.SZ,20090227,4.6,4.75,4.3,4.3,4.78,-0.48,-10.04,308536.12,136464.581
000931.SZ,20090227,4.2,4.2,3.9,3.93,4.25,-0.32,-7.53,149101.38,59962.5834
000932.SZ,20090227,5.33,5.35,4.8,4.94,5.33,-0.39,-7.32,259981.56,129618.6921
000933.SZ,20090227,18.21,18.53,16.8,17.25,18.35,-1.1,-5.99,107326.87,188089.9559
000935.SZ,20090227,8.55,8.72,8.54,8.54,8.99,-0.45,-5.01,62304.0,53293.8701
000936.SZ,20090227,4.65,4.65,4.2,4.21,4.67,-0.46,-9.85,114112.98,49386.685
000937.SZ,20090227,19.65,19.99,18.07,18.65,19.69,-1.04,-5.28,220014.01,414445.8204
000938.SZ,20090227,14.5,14.5,13.1,13.1,14.56,-1.46,-10.03,120802.81,161795.7534
000939.SZ,20090227,6.38,6.49,5.93,5.93,6.49,-0.56,-8.63,55005.55,33849.7732
000948.SZ,20090227,9.1,9.3,8.41,8.6,9.34,-0.74,-7.92,52075.07,45659.1187
000949.SZ,20090227,3.22,3.23,3.0,3.03,3.27,-0.24,-7.34,86189.76,26662.4898
000950.SZ,20090227,12.65,12.98,11.8,11.82,13.11,-1.29,-9.84,73942.08,90194.1828
000951.SZ,20090227,18.35,18.49,16.97,17.6,18.86,-1.26,-6.68,129437.11,228338.2548
000952.SZ,20090227,9.45,9.45,8.66,9.07,9.54,-0.47,-4.93,98263.87,88503.1017
000953.SZ,20090227,4.58,4.58,4.19,4.21,4.66,-0.45,-9.66,26365.26,11287.0144
000955.SZ,20090227,4.5,4.54,4.07,4.12,4.52,-0.4,-8.85,143598.24,60656.7894
000957.SZ,20090227,5.3,5.54,5.0,5.26,5.48,-0.22,-4.01,107923.74,56418.726
000958.SZ,20090227,4.1,4.15,3.77,3.77,4.19,-0.42,-10.02,81033.41,31417.5273
000959.SZ,20090227,3.65,3.65,3.46,3.51,3.68,-0.17,-4.62,169333.51,59536.3074
000960.SZ,20090227,15.1,15.2,13.93,13.93,15.48,-1.55,-10.01,273690.82,388813.4125
000961.SZ,20090227,5.8,5.93,5.23,5.28,5.8,-0.52,-8.97,65606.68,36370.6819
000962.SZ,20090227,9.2,9.3,8.55,8.55,9.5,-0.95,-10.0,88311.88,78200.15
000963.SZ,20090227,11.06,11.2,10.46,10.66,11.32,-0.66,-5.83,77474.92,83996.664
000965.SZ,20090227,9.2,9.3,8.48,8.54,9.41,-0.87,-9.25,38820.3,34455.7992
000966.SZ,20090227,4.32,4.4,4.06,4.24,4.4,-0.16,-3.64,91616.02,38582.9043
000967.SZ,20090227,4.4,4.46,4.02,4.02,4.47,-0.45,-10.07,56123.88,23434.8857
000968.SZ,20090227,12.3,12.5,11.38,11.51,12.4,-0.89,-7.18,137522.13,162123.8831
000969.SZ,20090227,15.82,16.0,14.99,14.99,16.65,-1.66,-9.97,199011.41,301923.3106
000970.SZ,20090227,5.88,5.88,5.44,5.44,6.04,-0.6,-9.93,145543.5,81041.7246
000971.SZ,20090227,3.9,4.09,3.79,3.79,3.99,-0.2,-5.01,38674.49,14888.6708
000972.SZ,20090227,7.43,7.64,6.8,6.8,7.55,-0.75,-9.93,227544.48,159458.98
000973.SZ,20090227,4.51,4.51,4.19,4.19,4.65,-0.46,-9.89,219792.14,93038.2913
000975.SZ,20090227,4.04,4.12,3.74,3.76,4.15,-0.39,-9.4,158152.04,61237.7372
000976.SZ,20090227,2.91,2.94,2.7,2.75,2.97,-0.22,-7.41,133854.12,37525.739
000977.SZ,20090227,6.52,6.54,6.07,6.07,6.74,-0.67,-9.94,50021.39,30935.0473
000978.SZ,20090227,8.02,8.38,7.9,8.02,8.4,-0.38,-4.52,27031.73,22085.3086
000980.SZ,20090227,5.19,5.3,4.66,4.8,5.15,-0.35,-6.8,48267.99,23620.309
000982.SZ,20090227,5.15,5.3,4.71,4.71,5.23,-0.52,-9.94,42399.12,20767.9429
000983.SZ,20090227,13.5,13.7,12.25,12.7,13.55,-0.85,-6.27,674472.13,863734.137
000985.SZ,20090227,10.38,10.38,9.52,9.52,10.58,-1.06,-10.02,44794.57,43915.4863
000987.SZ,20090227,12.13,12.28,11.02,11.33,12.13,-0.8,-6.6,73541.95,83819.2412
000988.SZ,20090227,6.61,6.73,6.22,6.25,6.66,-0.41,-6.16,61935.03,39851.3958
000989.SZ,20090227,9.89,9.96,9.19,9.4,9.99,-0.59,-5.91,74424.02,70874.0745
000990.SZ,20090227,12.61,12.61,11.8,12.17,12.61,-0.44,-3.49,44604.45,53792.0307
000993.SZ,20090227,4.66,4.7,4.21,4.3,4.66,-0.36,-7.73,59944.82,26499.3459
000995.SZ,20090227,4.46,4.5,4.11,4.15,4.57,-0.42,-9.19,38339.36,16238.9701
000996.SZ,20090227,16.9,17.16,15.8,16.32,16.97,-0.65,-3.83,128883.99,212933.2749
000997.SZ,20090227,6.0,6.0,5.44,5.44,6.04,-0.6,-9.93,99430.36,55110.2302
000998.SZ,20090227,20.55,20.58,18.01,18.27,19.87,-1.6,-8.05,207713.84,391109.7354
000999.SZ,20090227,14.72,14.75,14.09,14.45,14.83,-0.38,-2.56,61689.19,88664.4659
001696.SZ,20090227,8.55,8.78,7.91,7.99,8.79,-0.8,-9.1,83588.39,69231.2405
001896.SZ,20090227,4.05,4.18,3.77,3.77,4.19,-0.42,-10.02,36808.17,14386.0127
002001.SZ,20090227,29.85,31.58,29.45,31.16,29.05,2.11,7.26,113621.48,345897.0095
002002.SZ,20090227,3.84,3.97,3.8,3.8,4.0,-0.2,-5.0,34703.4,13278.5247
002003.SZ,20090227,12.03,12.6,11.37,11.9,12.21,-0.31,-2.54,33696.63,39903.2172
002004.SZ,20090227,17.58,18.1,16.9,17.0,17.94,-0.94,-5.24,23907.07,41399.22
002006.SZ,20090227,7.7,7.7,7.16,7.26,7.76,-0.5,-6.44,36437.29,26764.3438
002007.SZ,20090227,42.0,42.5,40.7,42.44,42.33,0.11,0.26,5475.29,22806.6444
002008.SZ,20090227,7.0,7.11,6.61,6.75,7.13,-0.38,-5.33,148428.54,101374.8678
002009.SZ,20090227,9.83,10.15,9.29,9.29,10.32,-1.03,-9.98,114147.97,108958.1978
002010.SZ,20090227,6.04,6.17,5.66,5.7,6.29,-0.59,-9.38,51846.98,30108.7115
002011.SZ,20090227,10.15,10.15,9.38,9.4,10.35,-0.95,-9.18,51726.24,50108.4143
002012.SZ,20090227,6.42,6.87,5.93,6.8,6.59,0.21,3.19,123194.25,80064.6005
002013.SZ,20090227,8.68,8.8,8.03,8.03,8.92,-0.89,-9.98,39590.73,32591.1649
002014.SZ,20090227,8.62,8.77,8.02,8.11,8.82,-0.71,-8.05,28833.75,23910.339
002015.SZ,20090227,5.36,5.38,4.86,4.86,5.4,-0.54,-10.0,84180.27,42443.6559
002016.SZ,20090227,7.16,7.36,6.71,6.71,7.46,-0.75,-10.05,88873.84,61009.8638
002017.SZ,20090227,7.4,7.4,6.65,6.9,7.3,-0.4,-5.48,41119.71,28435.2829
002018.SZ,20090227,15.88,16.56,15.3,16.4,16.09,0.31,1.93,111309.71,177811.2312
002019.SZ,20090227,9.48,9.58,8.51,8.51,9.46,-0.95,-10.04,48561.8,42655.8359
002020.SZ,20090227,6.31,6.45,5.9,5.9,6.55,-0.65,-9.92,30021.37,18324.6756
002021.SZ,20090227,5.65,5.75,5.18,5.18,5.76,-0.58,-10.07,80689.43,42782.559
002022.SZ,20090227,20.3,21.1,19.78,19.8,20.9,-1.1,-5.26,24969.61,50126.5418
002023.SZ,20090227,6.01,6.09,5.5,5.54,6.05,-0.51,-8.43,69041.59,39290.9294
002024.SZ,20090227,15.82,16.18,15.56,16.1,16.15,-0.05,-0.31,211152.52,335602.6678
002025.SZ,20090227,8.0,8.19,7.45,7.49,8.28,-0.79,-9.54,87441.72,66570.2272
002026.SZ,20090227,5.69,5.69,5.21,5.26,5.69,-0.43,-7.56,20675.01,11141.1474
002027.SZ,20090227,4.27,4.27,3.88,3.89,4.31,-0.42,-9.74,84670.29,33940.8118
002028.SZ,20090227,29.88,30.38,28.05,28.97,30.38,-1.41,-4.64,17858.89,52847.6914
002029.SZ,20090227,10.91,11.3,10.81,11.16,11.2,-0.04,-0.36,33430.63,37117.8091
002030.SZ,20090227,7.4,7.6,7.07,7.22,7.49,-0.27,-3.6,39635.87,28766.7293
002031.SZ,20090227,6.45,6.6,6.12,6.33,6.42,-0.09,-1.4,109376.05,69150.1499
002032.SZ,20090227,13.39,13.4,12.45,13.02,13.34,-0.32,-2.4,22062.29,28213.5405
002033.SZ,20090227,12.28,12.5,11.28,11.4,12.52,-1.12,-8.95,29656.15,34721.9127
002034.SZ,20090227,6.69,7.17,6.35,6.68,6.8,-0.12,-1.76,83575.32,57625.7969
002035.SZ,20090227,5.42,5.49,5.01,5.01,5.57,-0.56,-10.05,77908.77,39758.5645
002036.SZ,20090227,7.47,7.47,6.76,7.0,7.5,-0.5,-6.67,43131.0,30527.2582
002037.SZ,20090227,9.96,9.96,8.95,9.51,9.86,-0.35,-3.55,25142.47,23925.7073
002038.SZ,20090227,34.0,34.85,33.83,34.83,34.61,0.22,0.64,16396.08,56111.6334
002039.SZ,20090227,15.08,15.45,14.5,14.74,15.17,-0.43,-2.83,22439.76,33402.2005
002040.SZ,20090227,4.89,4.99,4.5,4.52,5.0,-0.48,-9.6,45348.3,20828.8667
002041.SZ,20090227,21.93,22.02,19.35,19.68,21.39,-1.71,-7.99,83017.01,166006.0402
002042.SZ,20090227,7.21,7.3,6.57,6.59,7.3,-0.71,-9.73,20820.77,14252.7003
002043.SZ,20090227,4.83,4.88,4.41,4.41,4.9,-0.49,-10.0,47438.97,21558.3738
002044.SZ,20090227,4.6,4.69,4.24,4.39,4.71,-0.32,-6.79,49169.01,21528.7761
002045.SZ,20090227,7.38,7.59,6.75,7.18,7.5,-0.32,-4.27,34437.63,24570.6464
002046.SZ,20090227,11.15,11.45,10.35,10.35,11.5,-1.15,-10.0,46009.29,48907.01
002047.SZ,20090227,4.17,4.17,3.82,3.84,4.18,-0.34,-8.13,50253.33,19975.3529
002048.SZ,20090227,5.77,5.83,5.35,5.35,5.94,-0.59,-9.93,227162.32,125050.6676
002049.SZ,20090227,6.3,6.32,5.83,5.83,6.48,-0.65,-10.03,75456.44,44893.6526
002050.SZ,20090227,15.17,15.44,13.95,14.51,14.9,-0.39,-2.62,26092.92,38575.796
002051.SZ,20090227,14.87,14.87,13.76,13.9,15.29,-1.39,-9.09,36497.41,51609.7844
002052.SZ,20090227,8.45,8.64,8.23,8.39,8.56,-0.17,-1.99,64268.19,54019.3176
002053.SZ,20090227,14.28,14.65,13.28,13.88,14.55,-0.67,-4.6,90822.67,125038.4504
002054.SZ,20090227,11.64,11.94,10.77,10.8,11.97,-1.17,-9.77,34070.74,38151.0838
002055.SZ,20090227,7.2,7.32,6.67,6.67,7.41,-0.74,-9.99,35081.77,24063.9647
002056.SZ,20090227,10.15,10.3,9.73,9.96,10.53,-0.57,-5.41,136815.12,137137.7649
002057.SZ,20090227,7.22,7.45,6.68,6.68,7.42,-0.74,-9.97,21002.41,14465.8105
002058.SZ,20090227,9.03,9.25,8.6,8.72,9.25,-0.53,-5.73,19144.32,16946.6512
002059.SZ,20090227,6.3,6.48,5.84,6.1,6.49,-0.39,-6.01,65131.25,40183.8362
002060.SZ,20090227,8.39,8.52,8.04,8.41,8.5,-0.09,-1.06,77132.23,64197.0989
002061.SZ,20090227,6.45,6.6,5.99,5.99,6.65,-0.66,-9.92,20550.8,12624.2263
002062.SZ,20090227,18.8,19.19,17.48,17.95,19.09,-1.14,-5.97,24003.34,43560.0374
002063.SZ,20090227,15.8,15.93,14.91,15.16,16.0,-0.84,-5.25,13848.18,21363.3695
002064.SZ,20090227,7.86,7.99,7.26,7.28,8.06,-0.78,-9.68,47924.87,35822.0271
002065.SZ,20090227,17.05,17.49,16.11,17.41,17.32,0.09,0.52,13094.78,22030.8889
002066.SZ,20090227,9.56,9.84,8.7,8.76,9.67,-0.91,-9.41,13613.6,12256.8136
002067.SZ,20090227,4.16,4.2,3.92,3.97,4.24,-0.27,-6.37,126620.17,51146.8091
002068.SZ,20090227,7.5,7.68,6.98,6.98,7.76,-0.78,-10.05,73569.29,52022.6654
002069.SZ,20090227,19.87,19.87,18.23,18.35,20.03,-1.68,-8.39,39130.9,73680.5995
002070.SZ,20090227,6.25,6.25,5.68,5.68,6.31,-0.63,-9.98,45903.76,26422.1086
002071.SZ,20090227,4.99,5.05,4.67,4.71,4.99,-0.28,-5.61,24773.88,11975.2891
002072.SZ,20090227,5.13,5.97,4.95,5.7,5.45,0.25,4.59,141169.26,78643.3871
002073.SZ,20090227,14.78,15.01,14.05,14.35,14.85,-0.5,-3.37,54468.51,78720.3511
002074.SZ,20090227,11.63,11.63,10.49,10.55,11.65,-1.1,-9.44,36797.77,39363.1303
002075.SZ,20090227,4.8,4.8,4.8,4.8,5.05,-0.25,-4.95,12477.0,5988.96
002076.SZ,20090227,7.03,7.18,6.67,6.67,7.41,-0.74,-9.99,33996.88,22982.0732
002077.SZ,20090227,5.79,5.98,5.44,5.44,6.04,-0.6,-9.93,49889.18,27816.6129
002078.SZ,20090227,9.22,9.39,8.63,8.75,9.38,-0.63,-6.72,62523.4,56051.5783
002079.SZ,20090227,4.88,4.88,4.46,4.46,4.96,-0.5,-10.08,53035.28,24265.1661
002080.SZ,20090227,24.6,25.0,22.8,23.0,25.05,-2.05,-8.18,7177.28,16901.2434
002081.SZ,20090227,24.1,24.7,22.5,24.35,24.41,-0.06,-0.25,9746.48,22755.06
002082.SZ,20090227,6.77,6.9,6.16,6.18,6.8,-0.62,-9.12,74955.84,48346.028
002083.SZ,20090227,5.51,5.54,5.08,5.27,5.63,-0.36,-6.39,229792.81,120988.8029
002084.SZ,20090227,7.71,8.12,7.28,7.36,8.09,-0.73,-9.02,82163.55,63480.4684
002085.SZ,20090227,4.96,4.99,4.52,4.52,5.02,-0.5,-9.96,70139.42,32398.5718
002086.SZ,20090227,15.6,15.8,14.07,14.07,15.6,-1.53,-9.81,25134.02,36757.0081
002087.SZ,20090227,4.8,4.84,4.39,4.4,4.88,-0.48,-9.84,45584.75,20784.7169
002088.SZ,20090227,12.8,12.88,11.82,12.0,12.87,-0.87,-6.76,15827.63,19127.4966
002089.SZ,20090227,9.45,9.87,8.78,8.78,9.75,-0.97,-9.95,58984.16,53879.1759
002090.SZ,20090227,12.24,12.28,11.11,11.15,12.31,-1.16,-9.42,14640.83,16875.3137
002091.SZ,20090227,13.35,13.58,12.85,13.25,13.15,0.1,0.76,60483.55,79560.8014
002092.SZ,20090227,7.27,7.36,6.58,6.73,7.27,-0.54,-7.43,140231.75,97013.182
002093.SZ,20090227,12.8,13.0,12.0,12.46,13.1,-0.64,-4.89,17948.05,22346.858
002094.SZ,20090227,6.9,6.9,6.29,6.39,6.93,-0.54,-7.79,46213.38,30154.9266
002095.SZ,20090227,16.4,16.4,14.96,15.13,16.5,-1.37,-8.3,12373.46,19086.9719
002096.SZ,20090227,12.3,12.3,11.11,11.5,12.33,-0.83,-6.73,12389.22,14321.7396
002097.SZ,20090227,14.59,14.59,13.28,13.28,14.75,-1.47,-9.97,99148.43,134785.6622
002098.SZ,20090227,6.4,6.49,5.77,5.83,6.41,-0.58,-9.05,42291.64,25636.1362
002099.SZ,20090227,6.9,6.93,6.34,6.53,7.04,-0.51,-7.24,32210.9,21260.3056
002100.SZ,20090227,13.24,13.6,12.42,12.48,13.39,-0.91,-6.8,13705.3,17447.2322
002101.SZ,20090227,11.77,11.95,11.1,11.4,12.13,-0.73,-6.02,32122.82,36939.3969
002102.SZ,20090227,5.1,5.4,4.66,4.74,5.18,-0.44,-8.49,37485.14,18262.6654
002103.SZ,20090227,6.46,6.46,5.85,5.85,6.5,-0.65,-10.0,45529.53,27447.4144
002104.SZ,20090227,6.17,6.17,5.74,5.74,6.38,-0.64,-10.03,61173.87,35935.5867
002105.SZ,20090227,4.4,4.54,4.11,4.2,4.5,-0.3,-6.67,37146.95,15737.2336
002106.SZ,20090227,11.1,11.97,11.0,11.7,10.98,0.72,6.56,229724.27,265410.0286
002107.SZ,20090227,31.5,31.99,29.57,29.57,32.85,-3.28,-9.98,13764.84,41452.0056
002108.SZ,20090227,13.45,13.7,12.31,12.37,13.59,-1.22,-8.98,11648.99,14895.7391
002109.SZ,20090227,7.56,7.68,7.01,7.03,7.72,-0.69,-8.94,76467.95,55829.5531
002110.SZ,20090227,8.17,8.17,7.5,7.69,8.28,-0.59,-7.13,49549.31,38274.8201
002111.SZ,20090227,14.89,15.0,13.51,13.7,15.0,-1.3,-8.67,6760.38,9413.7012
002112.SZ,20090227,11.19,11.41,10.12,10.12,11.24,-1.12,-9.96,17155.93,17896.037
002113.SZ,20090227,6.33,6.6,6.33,6.33,7.03,-0.7,-9.96,130281.21,83219.278
002114.SZ,20090227,9.19,9.41,8.64,8.64,9.6,-0.96,-10.0,42406.91,37156.518
002115.SZ,20090227,13.3,13.5,12.15,12.15,13.5,-1.35,-10.0,30661.89,38185.9584
002116.SZ,20090227,11.7,11.87,10.67,10.67,11.85,-1.18,-9.96,17811.34,19581.4248
002117.SZ,20090227,11.15,11.31,10.18,10.32,11.3,-0.98,-8.67,17832.71,18909.4868
002118.SZ,20090227,13.72,14.0,12.55,12.55,13.73,-1.18,-8.59,24554.0,32053.2435
002119.SZ,20090227,5.2,5.27,4.77,4.77,5.3,-0.53,-10.0,59244.44,29120.8313
002120.SZ,20090227,7.04,7.1,6.41,6.65,7.05,-0.4,-5.67,18442.93,12238.7628
002121.SZ,20090227,19.81,20.0,18.91,19.2,20.0,-0.8,-4.0,8652.16,16871.9962
002122.SZ,20090227,56.03,57.5,54.01,56.06,57.12,-1.06,-1.86,8329.83,46014.3994
002123.SZ,20090227,36.3,38.5,36.23,38.1,36.65,1.45,3.96,17692.82,66797.3709
002124.SZ,20090227,11.1,11.2,10.33,10.38,11.29,-0.91,-8.06,38925.08,41576.996
002125.SZ,20090227,7.21,7.34,6.71,6.88,7.42,-0.54,-7.28,13555.24,9464.2093
002126.SZ,20090227,10.02,10.12,9.18,9.21,10.14,-0.93,-9.17,15668.49,15014.2434
002127.SZ,20090227,7.28,7.28,6.58,6.59,7.31,-0.72,-9.85,23292.1,15825.2769
002128.SZ,20090227,13.0,13.18,11.78,11.88,13.01,-1.13,-8.69,43546.79,53534.9267
002129.SZ,20090227,7.36,7.36,6.85,6.93,7.51,-0.58,-7.72,65828.12,46331.7029
002130.SZ,20090227,13.02,13.1,12.1,12.1,13.44,-1.34,-9.97,16960.15,21070.3464
002132.SZ,20090227,7.14,7.14,6.44,6.48,7.16,-0.68,-9.5,37152.57,24496.8743
002133.SZ,20090227,4.71,5.03,4.54,4.78,4.88,-0.1,-2.05,199040.69,95221.0192
002134.SZ,20090227,5.31,5.37,4.97,5.02,5.38,-0.36,-6.69,33739.32,17255.9152
002135.SZ,20090227,8.5,8.57,7.89,7.89,8.77,-0.88,-10.03,28027.59,22533.4154
002136.SZ,20090227,7.41,7.46,6.63,6.63,7.37,-0.74,-10.04,12542.32,8620.1506
002137.SZ,20090227,6.89,7.02,6.31,6.32,7.0,-0.68,-9.71,25618.17,16816.9386
002138.SZ,20090227,14.2,15.0,13.05,14.0,14.5,-0.5,-3.45,40855.95,57879.7043
002139.SZ,20090227,12.26,12.26,11.26,11.26,12.51,-1.25,-9.99,29091.39,33148.9693
002140.SZ,20090227,22.51,22.92,20.68,20.79,22.95,-2.16,-9.41,9513.77,20382.1801
002141.SZ,20090227,8.81,8.82,8.01,8.01,8.9,-0.89,-10.0,15851.78,12975.2927
002142.SZ,20090227,8.7,9.06,8.51,8.89,8.75,0.14,1.6,459303.17,407527.8779
002143.SZ,20090227,8.56,8.88,7.74,8.86,8.59,0.27,3.14,52116.49,43637.0796
002144.SZ,20090227,7.21,7.21,6.56,6.64,7.23,-0.59,-8.16,22944.06,15635.4858
002145.SZ,20090227,5.62,5.62,5.09,5.09,5.66,-0.57,-10.07,55406.87,28797.6754
002146.SZ,20090227,7.15,7.37,6.71,6.76,7.38,-0.62,-8.4,45592.02,31784.8507
002147.SZ,20090227,15.18,15.37,14.3,14.6,15.6,-1.0,-6.41,37754.03,55486.6431
002148.SZ,20090227,15.85,16.15,15.0,15.95,15.82,0.13,0.82,9873.28,15431.4081
002149.SZ,20090227,17.32,17.99,16.6,16.6,18.44,-1.84,-9.98,30557.45,51265.2046
002150.SZ,20090227,10.5,10.71,9.82,10.53,10.72,-0.19,-1.77,12256.86,12501.1876
002151.SZ,20090227,17.01,17.5,16.3,16.7,17.4,-0.7,-4.02,8586.38,14401.0213
002152.SZ,20090227,29.7,29.9,28.5,28.96,30.5,-1.54,-5.05,21569.94,62789.1653
002153.SZ,20090227,53.94,53.94,51.0,52.0,53.95,-1.95,-3.61,2049.86,10592.1513
002154.SZ,20090227,13.14,13.23,12.35,12.51,13.05,-0.54,-4.14,17286.04,21991.6118
002155.SZ,20090227,11.93,12.04,11.23,11.45,12.48,-1.03,-8.25,189081.19,215458.9685
002156.SZ,20090227,7.15,7.18,6.62,6.66,7.3,-0.64,-8.77,28240.83,19304.9882
002157.SZ,20090227,7.3,7.3,6.55,6.55,7.28,-0.73,-10.03,37752.15,25493.5116
002158.SZ,20090227,10.88,10.88,9.89,9.9,10.92,-1.02,-9.34,21999.63,22393.0685
002159.SZ,20090227,5.77,5.82,5.36,5.39,5.88,-0.49,-8.33,25880.88,14290.3998
002160.SZ,20090227,8.17,8.28,7.59,7.59,8.43,-0.84,-9.96,15017.96,11729.1466
002161.SZ,20090227,17.84,18.0,16.74,16.96,17.85,-0.89,-4.99,17888.77,30740.4523
002162.SZ,20090227,5.9,6.05,5.45,5.56,6.0,-0.44,-7.33,40463.88,22754.4307
002163.SZ,20090227,7.6,7.8,7.08,7.08,7.87,-0.79,-10.04,58232.08,41970.8813
002164.SZ,20090227,11.13,11.39,10.29,10.68,11.39,-0.71,-6.23,31407.69,33278.4543
002165.SZ,20090227,15.79,16.2,14.72,15.71,16.3,-0.59,-3.62,28163.14,43428.4688
002166.SZ,20090227,10.76,10.98,9.81,9.85,10.9,-1.05,-9.63,10042.63,10291.7867
002167.SZ,20090227,17.42,17.67,16.0,16.0,17.41,-1.41,-8.1,8139.87,13487.259
002168.SZ,20090227,17.6,17.6,17.6,17.6,16.0,1.6,10.0,42727.32,75200.0832
002169.SZ,20090227,13.99,14.12,12.88,12.88,14.26,-1.38,-9.68,10446.94,13915.2008
002170.SZ,20090227,12.5,12.5,11.39,11.42,12.65,-1.23,-9.72,26702.11,31116.9035
002171.SZ,20090227,9.65,10.0,9.23,9.23,10.25,-1.02,-9.95,42577.02,40032.6236
002172.SZ,20090227,7.49,7.65,7.03,7.03,7.81,-0.78,-9.99,106783.6,76193.5189
002173.SZ,20090227,16.75,17.29,15.35,15.35,17.06,-1.71,-10.02,17989.21,28611.6514
002174.SZ,20090227,7.66,7.67,7.06,7.06,7.84,-0.78,-9.95,21237.76,15437.3165
002175.SZ,20090227,8.25,8.41,7.61,7.61,8.45,-0.84,-9.94,30075.97,23456.714
002176.SZ,20090227,11.2,11.2,10.39,10.39,11.54,-1.15,-9.97,37232.32,39034.7969
002177.SZ,20090227,10.87,11.15,10.12,10.22,11.18,-0.96,-8.59,23893.95,25167.843
002178.SZ,20090227,9.3,9.49,8.6,8.6,9.55,-0.95,-9.95,25869.52,22757.3807
002179.SZ,20090227,16.5,17.26,15.13,16.54,16.81,-0.27,-1.61,31040.54,49951.9982
002180.SZ,20090227,11.6,11.6,10.53,10.53,11.7,-1.17,-10.0,14181.27,15329.3562
002181.SZ,20090227,6.6,6.8,6.13,6.25,6.75,-0.5,-7.41,56968.2,36216.5358
002182.SZ,20090227,11.9,11.9,10.76,10.76,11.96,-1.2,-10.03,23988.51,26335.9213
002183.SZ,20090227,21.5,22.0,20.86,20.86,23.18,-2.32,-10.01,19935.73,42002.4207
002185.SZ,20090227,5.86,5.96,5.37,5.37,5.97,-0.6,-10.05,105875.32,58598.7567
002186.SZ,20090227,25.29,25.35,23.88,23.98,25.35,-1.37,-5.4,16725.25,40830.9504
002187.SZ,20090227,20.75,22.28,20.0,21.42,21.15,0.27,1.28,29021.02,61060.6185
002188.SZ,20090227,8.18,8.18,7.47,7.47,8.3,-0.83,-10.0,23612.89,18372.8305
002189.SZ,20090227,6.95,6.95,6.23,6.23,6.92,-0.69,-9.97,38453.09,24475.8995
002190.SZ,20090227,9.75,9.8,9.02,9.02,10.02,-1.0,-9.98,31641.37,29206.1811
002191.SZ,20090227,13.28,13.48,12.5,13.08,13.6,-0.52,-3.82,34959.96,45552.8052
002192.SZ,20090227,15.91,16.5,15.44,15.44,17.15,-1.71,-9.97,17401.76,27384.0706
002193.SZ,20090227,6.7,7.3,6.53,7.15,6.64,0.51,7.68,179415.71,126335.7377
002194.SZ,20090227,18.81,19.0,17.83,18.59,19.0,-0.41,-2.16,33230.45,60970.2885
002195.SZ,20090227,12.01,12.01,10.9,11.02,11.98,-0.96,-8.01,10641.02,12103.9757
002196.SZ,20090227,10.16,10.4,9.64,9.64,10.71,-1.07,-9.99,18799.86,18344.1085
002197.SZ,20090227,17.16,17.48,16.46,16.73,17.36,-0.63,-3.63,12523.08,21123.3375
002198.SZ,20090227,10.81,10.86,9.95,9.98,11.06,-1.08,-9.76,13910.99,14191.6711
002199.SZ,20090227,13.16,13.4,11.86,11.86,13.18,-1.32,-10.02,14696.41,17959.1761
002200.SZ,20090227,33.88,33.88,31.45,31.53,33.91,-2.38,-7.02,16447.82,52802.1619
002201.SZ,20090227,8.02,8.24,7.47,7.47,8.29,-0.82,-9.89,29459.84,22794.6974
002202.SZ,20090227,31.39,33.5,30.58,32.85,32.0,0.85,2.66,147174.92,481608.4561
002203.SZ,20090227,9.25,9.49,8.61,8.85,9.55,-0.7,-7.33,39213.75,35069.573
002204.SZ,20090227,18.11,18.65,17.2,17.72,18.81,-1.09,-5.79,22515.12,40196.219
002205.SZ,20090227,16.42,16.49,15.14,15.82,16.54,-0.72,-4.35,17818.32,27687.2978
002206.SZ,20090227,14.6,14.62,13.31,13.45,14.69,-1.24,-8.44,14305.17,19729.1281
002207.SZ,20090227,11.2,11.3,10.22,10.22,11.35,-1.13,-9.96,14126.53,14797.4874
002208.SZ,20090227,8.34,8.4,7.63,7.79,8.36,-0.57,-6.82,23145.14,18416.3345
002209.SZ,20090227,10.6,10.79,9.62,9.84,10.69,-0.85,-7.95,33720.56,33948.6788
002210.SZ,20090227,10.82,10.97,10.11,10.11,11.23,-1.12,-9.97,45600.19,46780.2695
002211.SZ,20090227,7.37,7.49,6.88,6.89,7.5,-0.61,-8.13,32263.41,22850.7363
002212.SZ,20090227,16.51,16.68,15.54,16.0,16.59,-0.59,-3.56,41807.93,67342.2826
002214.SZ,20090227,16.37,16.78,15.1,15.52,16.77,-1.25,-7.45,22005.92,34203.3901
002215.SZ,20090227,20.7,21.27,19.51,20.3,21.0,-0.7,-3.33,8010.3,16215.2955
002216.SZ,20090227,29.89,30.5,28.01,28.3,30.5,-2.2,-7.21,12109.65,35098.8214
002217.SZ,20090227,14.13,14.32,13.0,13.18,14.37,-1.19,-8.28,31865.87,42762.1002
002218.SZ,20090227,18.5,18.68,17.6,17.84,18.82,-0.98,-5.21,27624.56,49872.497
002219.SZ,20090227,16.3,16.96,15.6,15.78,17.2,-1.42,-8.26,12710.47,20579.5442
002220.SZ,20090227,16.81,17.2,15.35,15.45,17.06,-1.61,-9.44,21992.52,34975.6715
002221.SZ,20090227,6.48,6.48,5.9,5.91,6.55,-0.64,-9.77,36780.67,22419.9889
002222.SZ,20090227,8.06,8.06,7.3,7.3,8.11,-0.81,-9.99,28213.99,21196.3705
002223.SZ,20090227,22.78,22.78,21.51,21.76,22.71,-0.95,-4.18,9201.69,20211.9956
002224.SZ,20090227,11.69,11.85,10.79,10.79,11.99,-1.2,-10.01,13785.77,15120.0772
002225.SZ,20090227,6.55,6.65,6.0,6.29,6.65,-0.36,-5.41,56977.49,35829.7783
002226.SZ,20090227,21.5,21.5,19.01,19.51,21.0,-1.49,-7.1,8741.9,17441.9008
002227.SZ,20090227,15.28,15.33,14.06,14.07,15.62,-1.55,-9.92,30932.68,45077.3965
002228.SZ,20090227,14.05,14.24,12.88,13.4,14.18,-0.78,-5.5,22398.09,30267.5738
002229.SZ,20090227,12.7,13.18,11.72,11.8,13.01,-1.21,-9.3,14238.95,17335.6931
002230.SZ,20090227,25.9,26.7,24.48,24.94,26.55,-1.61,-6.06,11291.34,28789.4677
002231.SZ,20090227,8.04,8.2,7.41,7.55,8.23,-0.68,-8.26,25395.33,19283.1868
002232.SZ,20090227,19.41,20.9,19.0,19.53,19.7,-0.17,-0.86,36068.56,71642.9
002233.SZ,20090227,11.2,11.3,10.65,10.72,11.39,-0.67,-5.88,64431.39,70375.162
002234.SZ,20090227,15.73,16.29,14.75,14.75,16.39,-1.64,-10.01,33618.46,50860.5451
002235.SZ,20090227,13.15,13.48,12.28,12.28,13.61,-1.33,-9.77,18165.18,23220.2023
002236.SZ,20090227,38.07,38.65,36.0,38.0,38.0,0.0,0.0,6436.77,23946.5402
002237.SZ,20090227,45.5,52.1,42.62,52.0,47.36,4.64,9.8,44632.93,203972.4095
002238.SZ,20090227,11.57,11.81,11.01,11.18,11.63,-0.45,-3.87,43157.61,49128.9863
002239.SZ,20090227,9.55,9.9,8.76,8.8,9.73,-0.93,-9.56,45641.98,41550.2466
002240.SZ,20090227,8.2,8.37,7.58,7.6,8.37,-0.77,-9.2,65117.65,51214.9814
002241.SZ,20090227,25.91,25.91,24.28,24.55,26.18,-1.63,-6.23,16597.08,41423.5887
002242.SZ,20090227,42.11,43.36,40.66,42.48,41.82,0.66,1.58,15873.79,67001.3271
002243.SZ,20090227,8.12,8.34,7.5,7.5,8.33,-0.83,-9.96,31373.82,24431.0488
002244.SZ,20090227,10.5,11.0,9.97,10.5,10.71,-0.21,-1.96,61423.3,64375.0977
002245.SZ,20090227,17.7,17.7,16.97,16.97,18.85,-1.88,-9.97,19244.28,32797.4021
002246.SZ,20090227,6.63,6.87,6.17,6.25,6.76,-0.51,-7.54,53889.72,34896.171
002247.SZ,20090227,14.49,14.65,13.03,14.28,14.48,-0.2,-1.38,24000.54,33256.5148
002248.SZ,20090227,20.67,20.67,20.67,20.67,22.97,-2.3,-10.01,2403.0,4967.001
002249.SZ,20090227,22.28,22.28,20.22,20.6,22.4,-1.8,-8.04,21689.2,45717.5079
002250.SZ,20090227,13.86,14.3,12.76,12.92,14.16,-1.24,-8.76,40598.36,53867.0347
002251.SZ,20090227,44.55,44.98,42.15,42.3,46.79,-4.49,-9.6,37232.3,161336.9113
002252.SZ,20090227,24.6,24.7,23.48,23.58,24.75,-1.17,-4.73,23852.06,56998.2308
002253.SZ,20090227,25.11,25.2,23.54,23.54,26.15,-2.61,-9.98,14993.38,35730.3919
002254.SZ,20090227,29.59,29.59,26.9,28.4,29.6,-1.2,-4.05,16767.19,46711.2171
002255.SZ,20090227,18.99,19.29,18.23,18.23,20.25,-2.02,-9.98,25015.09,46242.6325
002256.SZ,20090227,12.29,12.29,11.3,11.3,12.56,-1.26,-10.03,21009.89,24602.5222
002258.SZ,20090227,18.5,18.5,16.96,17.65,18.79,-1.14,-6.07,40334.89,70680.4732
002259.SZ,20090227,6.4,6.4,6.02,6.02,6.69,-0.67,-10.01,79281.11,48367.538
002260.SZ,20090227,8.18,8.45,7.86,7.86,8.73,-0.87,-9.97,24122.25,19137.4926
002261.SZ,20090227,28.0,28.69,26.72,27.89,28.7,-0.81,-2.82,9889.14,27302.0237
002262.SZ,20090227,14.9,15.3,14.31,14.53,15.32,-0.79,-5.16,18778.98,27566.982
002263.SZ,20090227,9.31,9.43,8.7,9.09,9.36,-0.27,-2.88,114293.13,103645.1665
002264.SZ,20090227,19.0,19.6,18.27,18.79,20.3,-1.51,-7.44,31482.78,58961.4274
002265.SZ,20090227,6.89,6.9,6.32,6.32,7.02,-0.7,-9.97,121388.29,78640.5496
002266.SZ,20090227,23.33,23.76,22.8,23.55,23.94,-0.39,-1.63,24142.28,55958.1174
002267.SZ,20090227,12.43,12.43,11.45,11.67,12.45,-0.78,-6.27,57005.68,67403.7515
002268.SZ,20090227,20.3,20.48,19.12,19.51,21.15,-1.64,-7.75,15695.55,30884.0216
002269.SZ,20090227,25.44,25.77,24.47,25.48,25.1,0.38,1.51,31945.74,80587.3627
002270.SZ,20090227,13.5,13.68,12.87,12.87,14.3,-1.43,-10.0,50085.61,65463.7323
002271.SZ,20090227,30.55,31.69,28.02,28.6,30.89,-2.29,-7.41,11776.4,35337.137
002272.SZ,20090227,18.01,18.19,16.7,16.7,18.55,-1.85,-9.97,20660.73,35283.649
002273.SZ,20090227,23.73,23.73,21.49,21.5,23.88,-2.38,-9.97,16158.83,35632.9894
002274.SZ,20090227,18.75,18.93,17.22,17.5,19.13,-1.63,-8.52,53276.57,94640.7819
600000.SH,20090227,17.23,17.99,16.88,17.78,17.21,0.57,3.31,1925315.37,3387938.912
600001.SH,20090227,4.0,4.02,3.82,3.9,4.05,-0.15,-3.7,402650.5,157418.882
600003.SH,20090227,3.6,3.7,3.57,3.57,3.76,-0.19,-5.05,51389.74,18448.043
600004.SH,20090227,8.16,8.26,7.93,8.13,8.17,-0.04,-0.49,83320.33,67406.359
600005.SH,20090227,5.92,5.97,5.6,5.73,6.0,-0.27,-4.5,960418.11,551168.791
600006.SH,20090227,4.07,4.08,3.73,3.74,4.14,-0.4,-9.66,269271.27,103267.893
600007.SH,20090227,8.15,8.32,7.83,7.96,8.37,-0.41,-4.9,46561.99,37360.39
600008.SH,20090227,5.54,5.72,5.35,5.49,5.57,-0.08,-1.44,265864.37,147258.02
600009.SH,20090227,12.58,12.72,12.05,12.56,12.74,-0.18,-1.41,190393.85,235450.129
600010.SH,20090227,3.22,3.24,3.04,3.09,3.28,-0.19,-5.79,554959.8,172707.184
600011.SH,20090227,7.94,8.29,7.61,8.06,7.97,0.09,1.13,113056.31,91834.201
600012.SH,20090227,4.46,4.49,4.29,4.32,4.5,-0.18,-4.0,80299.75,35073.424
600015.SH,20090227,8.82,9.42,8.68,9.23,8.82,0.41,4.65,1146524.56,1049802.035
600016.SH,20090227,4.61,4.8,4.58,4.69,4.63,0.06,1.3,2162197.75,1013170.262
600017.SH,20090227,5.18,5.18,4.82,4.86,5.24,-0.38,-7.25,284778.76,141025.281
600018.SH,20090227,3.86,3.88,3.7,3.82,3.91,-0.09,-2.3,300907.48,113932.05
600019.SH,20090227,5.4,5.41,5.18,5.25,5.41,-0.16,-2.96,1265577.13,664031.0
600020.SH,20090227,3.15,3.16,3.02,3.06,3.2,-0.14,-4.38,147072.64,45401.137
600021.SH,20090227,4.0,4.01,3.7,3.77,4.02,-0.25,-6.22,105096.79,40220.207
600022.SH,20090227,6.5,6.59,6.1,6.41,6.49,-0.08,-1.23,159308.09,100759.736
600026.SH,20090227,9.91,10.08,9.3,9.38,9.99,-0.61,-6.11,219064.5,209774.859
600027.SH,20090227,4.82,5.3,4.76,5.0,4.91,0.09,1.83,224951.76,114097.475
600028.SH,20090227,8.18,8.48,7.9,8.29,8.19,0.1,1.22,1399991.66,1161139.663
600029.SH,20090227,4.5,4.58,4.4,4.4,4.89,-0.49,-10.02,768425.87,339084.12
600030.SH,20090227,21.2,21.68,21.0,21.37,21.26,0.11,0.52,1268315.29,2709506.843
600031.SH,20090227,20.95,21.03,19.89,20.48,21.4,-0.92,-4.3,187218.02,384396.586
600033.SH,20090227,6.25,6.36,6.11,6.16,6.24,-0.08,-1.28,451817.94,282759.442
600035.SH,20090227,4.51,4.55,4.33,4.45,4.51,-0.06,-1.33,77743.15,34377.293
600037.SH,20090227,9.79,9.94,9.21,9.32,9.9,-0.58,-5.86,278832.54,263238.403
600038.SH,20090227,14.3,14.33,13.19,13.19,14.65,-1.46,-9.97,55012.24,73596.15
600039.SH,20090227,6.99,6.99,6.4,6.4,7.11,-0.71,-9.99,175947.17,114473.749
600048.SH,20090227,18.08,18.2,16.8,17.43,18.37,-0.94,-5.12,304210.69,532606.008
600050.SH,20090227,5.06,5.13,4.98,5.1,5.11,-0.01,-0.2,1590875.56,803404.005
600051.SH,20090227,6.29,6.4,5.89,5.9,6.43,-0.53,-8.24,39986.03,24372.494
600052.SH,20090227,4.41,4.5,4.18,4.27,4.53,-0.26,-5.74,200904.0,86868.004
600053.SH,20090227,6.2,6.47,5.72,5.95,6.33,-0.38,-6.0,30798.33,18524.021
600054.SH,20090227,14.04,14.48,14.0,14.19,14.27,-0.08,-0.56,11006.8,15594.497
600055.SH,20090227,7.28,7.28,6.66,6.7,7.34,-0.64,-8.72,60719.56,41606.534
600056.SH,20090227,11.58,11.69,10.62,10.93,11.63,-0.7,-6.02,36383.49,40210.401
600057.SH,20090227,2.92,2.98,2.84,2.84,2.99,-0.15,-5.02,93420.62,26720.576
600058.SH,20090227,18.0,18.0,16.61,16.61,18.45,-1.84,-9.97,469980.14,794916.804
600059.SH,20090227,8.6,8.68,8.02,8.13,8.59,-0.46,-5.36,100237.73,83327.392
600060.SH,20090227,9.87,10.25,9.58,9.59,10.02,-0.43,-4.29,92777.04,92080.117
600061.SH,20090227,4.6,4.61,4.11,4.11,4.57,-0.46,-10.07,132983.6,56227.957
600062.SH,20090227,23.24,23.86,22.76,23.65,23.33,0.32,1.37,30586.83,71540.982
600063.SH,20090227,6.48,6.54,6.06,6.06,6.73,-0.67,-9.96,149614.02,91952.378
600064.SH,20090227,12.8,13.07,12.36,12.68,13.05,-0.37,-2.84,86453.9,110008.534
600066.SH,20090227,11.58,11.85,10.71,10.71,11.9,-1.19,-10.0,58888.58,65197.927
600067.SH,20090227,6.11,6.31,5.65,5.65,6.28,-0.63,-10.03,356416.47,208654.988
600068.SH,20090227,10.28,10.4,9.5,9.65,10.49,-0.84,-8.01,190664.26,187371.655
600069.SH,20090227,4.9,4.99,4.49,4.62,4.99,-0.37,-7.41,156433.99,73289.445
600070.SH,20090227,4.19,4.24,3.9,3.9,4.21,-0.31,-7.36,40901.9,16419.689
600071.SH,20090227,4.45,4.45,4.1,4.1,4.56,-0.46,-10.09,108967.58,45416.061
600072.SH,20090227,14.08,14.1,12.72,12.74,14.13,-1.39,-9.84,74699.2,97515.622
600073.SH,20090227,5.85,5.92,5.33,5.33,5.92,-0.59,-9.97,83885.84,45454.833
600074.SH,20090227,3.5,3.5,3.26,3.33,3.56,-0.23,-6.46,174182.96,58566.727
600076.SH,20090227,2.64,2.64,2.53,2.53,2.66,-0.13,-4.89,70541.0,17923.497
600077.SH,20090227,5.4,5.5,4.99,4.99,5.54,-0.55,-9.93,103269.63,52959.686
600078.SH,20090227,7.45,7.54,6.85,6.88,7.61,-0.73,-9.59,193584.96,137208.511
600079.SH,20090227,6.0,6.39,5.92,6.26,6.2,0.06,0.97,115727.48,71273.337
600080.SH,20090227,2.95,3.05,2.88,2.88,3.03,-0.15,-4.95,50817.87,14807.648
600081.SH,20090227,4.12,4.2,3.83,3.83,4.25,-0.42,-9.88,49530.46,19446.925
600082.SH,20090227,8.02,8.25,7.5,7.63,8.24,-0.61,-7.4,83256.31,65629.336
600083.SH,20090227,3.68,3.77,3.67,3.67,3.86,-0.19,-4.92,17208.0,6320.257
600084.SH,20090227,4.63,4.72,4.63,4.63,4.87,-0.24,-4.93,16273.0,7536.167
600085.SH,20090227,14.9,14.9,14.3,14.42,15.1,-0.68,-4.5,68604.58,99662.099
600086.SH,20090227,5.99,5.99,5.51,5.51,6.12,-0.61,-9.97,73263.08,41233.008
600087.SH,20090227,5.1,5.15,4.82,4.89,5.17,-0.28,-5.42,273378.04,135619.481
600088.SH,20090227,11.91,11.95,10.9,10.9,12.11,-1.21,-9.99,80127.18,88680.057
600089.SH,20090227,23.13,24.05,22.5,23.6,23.32,0.28,1.2,191797.52,451731.312
600090.SH,20090227,5.01,5.06,4.64,4.65,5.15,-0.5,-9.71,95056.54,45403.873
600091.SH,20090227,3.8,3.84,3.56,3.63,3.91,-0.28,-7.16,94418.98,34807.767
600093.SH,20090227,6.71,6.99,6.18,6.18,6.87,-0.69,-10.04,210172.68,134351.165
600095.SH,20090227,3.89,3.89,3.52,3.55,3.91,-0.36,-9.21,80246.9,29099.291
600096.SH,20090227,26.0,26.05,24.17,24.17,26.85,-2.68,-9.98,293889.47,719825.466
600097.SH,20090227,14.08,14.18,12.9,13.14,14.16,-1.02,-7.2,22814.16,30713.249
600098.SH,20090227,5.82,6.0,5.52,5.61,5.93,-0.32,-5.4,75052.81,42911.951
600099.SH,20090227,4.37,4.39,4.0,4.03,4.41,-0.38,-8.62,36283.89,14953.662
600100.SH,20090227,12.33,12.55,11.73,11.97,12.72,-0.75,-5.9,311854.79,375689.563
600101.SH,20090227,5.1,5.13,4.7,4.71,5.22,-0.51,-9.77,85366.39,41385.024
600102.SH,20090227,7.95,7.95,7.3,7.39,7.97,-0.58,-7.28,87963.59,66521.957
600103.SH,20090227,3.03,3.03,2.81,2.84,3.06,-0.22,-7.19,185092.6,53502.919
600104.SH,20090227,7.99,8.24,7.29,7.34,8.1,-0.76,-9.38,349872.44,270686.565
600105.SH,20090227,4.48,4.64,4.18,4.2,4.64,-0.44,-9.48,63808.16,27583.08
600106.SH,20090227,7.53,7.67,6.93,6.94,7.7,-0.76,-9.87,144079.36,103048.501
600107.SH,20090227,9.3,9.57,8.9,9.11,9.42,-0.31,-3.29,110425.79,101751.379
600109.SH,20090227,27.72,28.69,27.72,27.99,28.28,-0.29,-1.03,46576.37,131503.455
600110.SH,20090227,6.81,6.87,6.22,6.25,6.91,-0.66,-9.55,139669.05,89866.541
600111.SH,20090227,13.8,14.08,12.94,12.94,14.38,-1.44,-10.01,428943.57,564109.464
600112.SH,20090227,9.85,10.03,8.92,8.92,9.91,-0.99,-9.99,99858.47,92275.663
600113.SH,20090227,5.88,6.05,5.52,5.98,5.96,0.02,0.34,47493.34,27540.184
600114.SH,20090227,5.45,5.6,5.18,5.18,5.76,-0.58,-10.07,77981.26,41158.832
600115.SH,20090227,5.0,5.0,4.76,4.76,5.29,-0.53,-10.02,172411.27,82711.403
600116.SH,20090227,6.47,6.48,5.87,5.87,6.52,-0.65,-9.97,78432.66,46882.559
600117.SH,20090227,5.63,5.95,5.45,5.85,5.76,0.09,1.56,167417.19,94696.432
600118.SH,20090227,21.8,21.8,20.11,20.11,22.34,-2.23,-9.98,46519.7,96254.04
600119.SH,20090227,5.41,5.47,4.95,4.95,5.5,-0.55,-10.0,84998.8,43288.699
600120.SH,20090227,5.5,5.6,5.28,5.28,5.87,-0.59,-10.05,127886.31,68130.459
600121.SH,20090227,5.2,5.25,4.9,5.02,5.28,-0.26,-4.92,73700.66,37070.648
600122.SH,20090227,9.84,10.12,9.53,9.61,9.91,-0.3,-3.03,97667.48,95858.714
600123.SH,20090227,15.8,16.19,15.02,15.48,15.95,-0.47,-2.95,96586.34,150202.052
600125.SH,20090227,7.0,7.0,6.44,6.49,7.16,-0.67,-9.36,334347.02,222290.605
600126.SH,20090227,4.53,4.55,4.18,4.26,4.57,-0.31,-6.78,85929.96,37255.475
600127.SH,20090227,6.65,6.7,5.95,6.02,6.54,-0.52,-7.95,315085.81,193920.526
600128.SH,20090227,14.3,14.69,13.15,13.15,14.61,-1.46,-9.99,104174.42,140943.839
600129.SH,20090227,6.55,6.6,5.99,6.03,6.66,-0.63,-9.46,64323.63,39888.616
600130.SH,20090227,2.92,2.92,2.68,2.71,2.92,-0.21,-7.19,106140.32,29358.091
600131.SH,20090227,4.17,4.17,3.87,4.03,4.19,-0.16,-3.82,81489.14,32466.145
600132.SH,20090227,18.22,19.2,17.02,19.14,18.48,0.66,3.57,116702.32,213818.719
600133.SH,20090227,5.06,5.17,4.68,4.69,5.2,-0.51,-9.81,113695.58,54344.521
600135.SH,20090227,5.54,5.55,5.2,5.29,5.67,-0.38,-6.7,135008.12,72444.795
600136.SH,20090227,4.8,4.8,4.8,4.8,5.05,-0.25,-4.95,3997.0,1918.56
600137.SH,20090227,11.6,11.8,10.83,10.83,12.03,-1.2,-9.98,16395.19,18248.629
600138.SH,20090227,9.33,9.4,8.7,8.92,9.59,-0.67,-6.99,143786.67,129745.86
600139.SH,20090227,11.98,12.14,11.51,11.51,12.12,-0.61,-5.03,15346.2,17869.662
600141.SH,20090227,14.81,15.07,13.74,13.74,15.27,-1.53,-10.02,121758.2,172077.254
600143.SH,20090227,6.84,6.84,6.23,6.24,6.92,-0.68,-9.83,521044.22,335736.979
600145.SH,20090227,3.13,3.16,2.9,2.98,3.17,-0.19,-5.99,79176.98,23961.387
600146.SH,20090227,4.64,4.78,4.36,4.36,4.84,-0.48,-9.92,53965.48,24169.58
600148.SH,20090227,6.33,6.33,5.89,5.89,6.54,-0.65,-9.94,29124.4,17371.65
600149.SH,20090227,4.35,4.5,4.09,4.09,4.54,-0.45,-9.91,152253.38,63814.402
600150.SH,20090227,47.1,47.1,44.69,45.21,47.48,-2.27,-4.78,61542.34,280356.404
600151.SH,20090227,6.36,6.36,5.85,5.85,6.5,-0.65,-10.0,116831.23,70578.557
600152.SH,20090227,3.84,3.86,3.53,3.53,3.92,-0.39,-9.95,74397.37,26934.976
600153.SH,20090227,8.8,8.8,8.14,8.48,8.99,-0.51,-5.67,273620.22,230805.875
600156.SH,20090227,3.6,3.6,3.29,3.33,3.66,-0.33,-9.02,79993.66,27566.733
600158.SH,20090227,7.69,7.76,7.02,7.12,7.8,-0.68,-8.72,554602.52,408400.325
600159.SH,20090227,4.87,4.89,4.5,4.57,4.87,-0.3,-6.16,45619.9,21219.849
600160.SH,20090227,5.58,5.78,5.27,5.27,5.86,-0.59,-10.07,89140.22,48389.61
600161.SH,20090227,15.98,15.98,14.56,15.48,15.98,-0.5,-3.13,87261.5,131126.395
600162.SH,20090227,4.76,4.76,4.36,4.37,4.82,-0.45,-9.34,218909.28,98179.681
600163.SH,20090227,4.05,4.11,3.72,3.72,4.13,-0.41,-9.93,84963.44,32448.555
600165.SH,20090227,4.92,4.97,4.5,4.61,5.0,-0.39,-7.8,37250.94,17403.668
600167.SH,20090227,6.2,6.32,5.7,5.85,6.33,-0.48,-7.58,29972.93,17641.63
600168.SH,20090227,5.31,5.47,4.92,4.94,5.47,-0.53,-9.69,76585.9,39380.03
600169.SH,20090227,21.3,21.32,20.0,21.13,21.47,-0.34,-1.58,40441.45,83278.636
600170.SH,20090227,10.33,10.74,10.33,10.62,10.49,0.13,1.24,94643.67,99847.913
600171.SH,20090227,3.84,3.89,3.6,3.67,3.89,-0.22,-5.66,92974.09,34447.921
600172.SH,20090227,5.01,5.03,4.68,4.68,5.2,-0.52,-10.0,95017.09,45810.077
600173.SH,20090227,4.9,4.95,4.67,4.69,4.97,-0.28,-5.63,29833.15,14220.549
600175.SH,20090227,4.43,4.5,4.1,4.14,4.48,-0.34,-7.59,36443.47,15350.812
600176.SH,20090227,15.2,15.49,14.11,14.49,15.52,-1.03,-6.64,65773.72,96239.738
600177.SH,20090227,8.52,8.95,8.46,8.71,8.62,0.09,1.04,296141.44,257792.844
600178.SH,20090227,6.9,7.4,6.78,7.32,7.0,0.32,4.57,319274.27,226961.651
600179.SH,20090227,5.55,5.55,5.0,5.0,5.55,-0.55,-9.91,116846.93,60234.568
600182.SH,20090227,3.8,3.84,3.65,3.7,3.84,-0.14,-3.65,44044.32,16294.358
600183.SH,20090227,5.66,5.7,5.21,5.37,5.76,-0.39,-6.77,180468.07,98011.641
600184.SH,20090227,13.02,13.2,11.98,11.98,13.31,-1.33,-9.99,44638.69,55569.768
600185.SH,20090227,5.0,5.1,4.86,4.86,5.4,-0.54,-10.0,124950.43,61200.544
600186.SH,20090227,3.0,3.07,2.78,2.86,3.08,-0.22,-7.14,240800.96,69468.358
600188.SH,20090227,10.22,10.44,9.81,9.9,10.27,-0.37,-3.6,139496.3,139965.033
600189.SH,20090227,7.4,7.4,6.85,6.85,7.61,-0.76,-9.99,91329.8,63646.119
600190.SH,20090227,6.25,6.4,5.8,5.98,6.38,-0.4,-6.27,208479.19,126992.541
600191.SH,20090227,4.92,5.06,4.46,4.54,4.95,-0.41,-8.28,111656.0,52300.698
600192.SH,20090227,7.39,7.53,6.93,6.93,7.7,-0.77,-10.0,76377.09,54906.105
600193.SH,20090227,5.65,5.88,5.49,5.64,5.9,-0.26,-4.41,71306.24,40454.774
600195.SH,20090227,15.5,15.88,14.57,15.04,16.12,-1.08,-6.7,74860.15,112742.353
600196.SH,20090227,12.4,12.79,11.6,12.4,12.8,-0.4,-3.13,156364.95,189677.93
600197.SH,20090227,6.85,7.19,6.31,6.54,6.98,-0.44,-6.3,126703.84,85120.11
600198.SH,20090227,6.75,6.75,6.55,6.55,6.89,-0.34,-4.93,37613.79,24768.581
600199.SH,20090227,4.76,4.86,4.43,4.43,4.92,-0.49,-9.96,94126.77,42948.153
600200.SH,20090227,3.28,3.58,3.25,3.51,3.26,0.25,7.67,733039.48,253335.442
600201.SH,20090227,8.22,8.47,7.6,7.84,8.39,-0.55,-6.56,99233.57,79845.65
600202.SH,20090227,14.68,14.78,14.0,14.05,14.84,-0.79,-5.32,72935.17,104715.941
600203.SH,20090227,5.68,5.73,5.26,5.26,5.84,-0.58,-9.93,131005.16,69825.05
600206.SH,20090227,8.73,8.73,7.97,7.97,8.85,-0.88,-9.94,77410.52,63544.075
600207.SH,20090227,4.39,4.49,4.37,4.45,4.6,-0.15,-3.26,83406.22,36556.775
600208.SH,20090227,5.69,5.7,5.25,5.26,5.83,-0.57,-9.78,259352.25,140473.641
600209.SH,20090227,4.4,4.6,4.14,4.58,4.34,0.24,5.53,262874.14,115463.773
600210.SH,20090227,3.72,3.8,3.46,3.55,3.76,-0.21,-5.59,255182.23,91603.337
600211.SH,20090227,7.4,7.4,6.88,7.19,7.64,-0.45,-5.89,47504.15,33305.8
600212.SH,20090227,2.86,2.91,2.83,2.83,2.98,-0.15,-5.03,89035.82,25319.487
600213.SH,20090227,4.99,4.99,4.71,4.77,5.23,-0.46,-8.8,109000.93,51956.613
600215.SH,20090227,4.44,4.51,4.14,4.25,4.51,-0.26,-5.77,106341.45,45602.759
600216.SH,20090227,17.81,18.85,17.45,18.39,17.96,0.43,2.39,141647.51,257904.271
600217.SH,20090227,2.8,2.83,2.77,2.77,2.92,-0.15,-5.14,148555.07,41230.462
600218.SH,20090227,4.5,4.66,4.3,4.3,4.78,-0.48,-10.04,71624.36,31366.427
600219.SH,20090227,8.2,8.2,7.55,7.57,8.39,-0.82,-9.77,142091.8,111150.161
600220.SH,20090227,4.8,4.84,4.46,4.55,4.87,-0.32,-6.57,467294.42,215797.375
600221.SH,20090227,3.9,3.91,3.61,3.84,3.97,-0.13,-3.27,224703.61,83870.48
600222.SH,20090227,4.31,4.38,4.07,4.09,4.52,-0.43,-9.51,95672.04,39673.433
600223.SH,20090227,4.19,4.48,4.1,4.39,4.27,0.12,2.81,110329.89,47631.11
600226.SH,20090227,8.8,8.93,8.27,8.45,8.92,-0.47,-5.27,66027.31,56313.865
600227.SH,20090227,8.37,8.37,7.72,7.79,8.38,-0.59,-7.04,82276.67,65570.538
600228.SH,20090227,4.56,4.58,4.25,4.35,4.6,-0.25,-5.43,65989.56,28833.087
600229.SH,20090227,5.53,5.66,5.29,5.29,5.88,-0.59,-10.03,96482.43,52105.316
600230.SH,20090227,12.04,12.32,11.09,11.09,12.32,-1.23,-9.98,76338.75,87628.843
600231.SH,20090227,5.32,5.35,4.88,5.04,5.41,-0.37,-6.84,192685.71,97636.948
600232.SH,20090227,4.11,4.17,3.79,3.89,4.17,-0.28,-6.71,71892.61,28268.532
600233.SH,20090227,5.06,5.16,4.79,4.85,5.17,-0.32,-6.19,39273.14,19327.369
600234.SH,20090227,2.94,2.94,2.79,2.79,2.94,-0.15,-5.1,13217.3,3725.993
600235.SH,20090227,3.95,3.95,3.64,3.7,3.96,-0.26,-6.57,52671.99,19824.08
600236.SH,20090227,7.28,7.53,6.88,7.04,7.43,-0.39,-5.25,89558.95,64623.624
600237.SH,20090227,4.05,4.09,3.64,3.65,4.04,-0.39,-9.65,129425.01,48834.772
600238.SH,20090227,7.15,7.33,6.76,6.76,7.51,-0.75,-9.99,100681.98,69602.443
600239.SH,20090227,20.34,20.34,19.13,19.47,20.34,-0.87,-4.28,26717.67,52441.023
600240.SH,20090227,4.68,4.85,4.6,4.67,4.7,-0.03,-0.64,216304.33,102139.597
600241.SH,20090227,7.05,7.25,6.55,6.55,7.28,-0.73,-10.03,22421.53,15088.299
600243.SH,20090227,5.62,5.69,5.26,5.35,5.77,-0.42,-7.28,40719.64,22190.958
600246.SH,20090227,16.8,17.29,15.88,16.36,17.3,-0.94,-5.43,236350.21,390479.999
600247.SH,20090227,3.51,3.59,3.23,3.25,3.59,-0.34,-9.47,102993.9,34461.968
600248.SH,20090227,6.86,6.86,6.54,6.54,6.88,-0.34,-4.94,22881.0,14970.969
600249.SH,20090227,6.64,6.64,6.1,6.12,6.7,-0.58,-8.66,128544.02,80680.004
600250.SH,20090227,3.96,4.08,3.64,3.74,4.04,-0.3,-7.43,35329.59,13427.614
600251.SH,20090227,34.3,35.1,32.7,33.48,34.83,-1.35,-3.88,29497.92,98689.314
600252.SH,20090227,10.3,10.59,9.7,10.28,10.68,-0.4,-3.75,85318.64,87638.121
600253.SH,20090227,4.52,4.64,4.18,4.19,4.64,-0.45,-9.7,101502.48,43561.265
600255.SH,20090227,4.3,4.34,4.03,4.04,4.48,-0.44,-9.82,139116.87,57628.062
600256.SH,20090227,11.65,11.8,10.99,10.99,12.21,-1.22,-9.99,240241.53,266767.844
600257.SH,20090227,4.39,4.44,4.01,4.01,4.46,-0.45,-10.09,249697.52,103432.032
600258.SH,20090227,13.83,14.5,13.55,13.91,14.13,-0.22,-1.56,50908.96,71519.881
600259.SH,20090227,9.74,9.97,9.74,9.74,10.25,-0.51,-4.98,62341.24,60804.634
600260.SH,20090227,6.41,6.52,6.12,6.21,6.44,-0.23,-3.57,63656.51,40078.838
600261.SH,20090227,11.15,11.58,10.95,11.34,11.18,0.16,1.43,56669.8,64226.583
600262.SH,20090227,7.35,7.56,6.81,6.86,7.57,-0.71,-9.38,35170.39,24898.948
600263.SH,20090227,8.24,8.48,8.15,8.15,9.05,-0.9,-9.94,79884.46,65369.64
600265.SH,20090227,9.02,9.59,8.84,8.84,9.82,-0.98,-9.98,62749.64,56656.996
600266.SH,20090227,10.31,10.5,9.63,9.81,10.5,-0.69,-6.57,106059.14,106156.465
600267.SH,20090227,15.0,15.75,14.7,15.53,15.1,0.43,2.85,27309.98,41509.529
600268.SH,20090227,13.9,13.9,12.68,12.88,14.09,-1.21,-8.59,56256.16,73397.156
600269.SH,20090227,8.83,8.89,8.62,8.72,8.83,-0.11,-1.25,118060.9,102637.419
600270.SH,20090227,7.6,7.6,7.01,7.14,7.74,-0.6,-7.75,150419.94,108951.549
600271.SH,20090227,23.19,23.55,22.0,22.66,23.55,-0.89,-3.78,40003.91,91715.417
600272.SH,20090227,6.75,6.77,6.14,6.28,6.79,-0.51,-7.51,42401.12,27266.957
600273.SH,20090227,3.45,3.51,3.19,3.22,3.52,-0.3,-8.52,49929.64,16472.377
600275.SH,20090227,2.42,2.42,2.38,2.38,2.5,-0.12,-4.8,42241.0,10076.922
600276.SH,20090227,38.96,39.38,38.0,38.86,39.06,-0.2,-0.51,19541.99,75862.349
600277.SH,20090227,8.9,8.9,8.02,8.14,8.91,-0.77,-8.64,44439.81,36707.246
600278.SH,20090227,6.99,6.99,6.59,6.59,7.32,-0.73,-9.97,65831.7,43948.949
600279.SH,20090227,7.51,7.59,6.91,6.92,7.68,-0.76,-9.9,102217.71,72418.452
600280.SH,20090227,8.87,9.3,8.36,8.39,9.02,-0.63,-6.98,37218.8,32106.432
600281.SH,20090227,4.08,4.16,3.77,3.85,4.1,-0.25,-6.1,104677.41,41439.107
600282.SH,20090227,3.68,3.68,3.47,3.54,3.7,-0.16,-4.32,139532.19,49371.24
600283.SH,20090227,7.1,7.32,6.82,6.91,7.2,-0.29,-4.03,70261.83,49359.763
600284.SH,20090227,10.29,10.35,9.7,9.91,10.35,-0.44,-4.25,74571.6,74375.988
600285.SH,20090227,7.1,7.12,6.4,6.59,7.1,-0.51,-7.18,77117.07,51883.338
600287.SH,20090227,4.38,4.45,4.01,4.1,4.43,-0.33,-7.45,48664.85,20450.851
600288.SH,20090227,5.73,5.85,5.36,5.44,5.95,-0.51,-8.57,124858.0,68514.049
600289.SH,20090227,12.0,12.3,10.95,11.99,12.12,-0.13,-1.07,153336.33,180203.051
600290.SH,20090227,13.98,15.23,13.65,14.66,14.37,0.29,2.02,112111.69,162794.874
600291.SH,20090227,9.6,9.6,8.72,8.94,9.69,-0.75,-7.74,136362.12,123810.453
600292.SH,20090227,5.03,5.07,4.55,4.55,5.05,-0.5,-9.9,59520.03,27770.096
600293.SH,20090227,3.9,3.9,3.54,3.58,3.93,-0.35,-8.91,79868.81,29369.879
600295.SH,20090227,9.45,9.54,8.97,9.14,9.63,-0.49,-5.09,65468.91,60094.801
600297.SH,20090227,7.43,7.55,6.93,6.97,7.57,-0.6,-7.93,24433.36,17445.738
600298.SH,20090227,11.44,11.69,10.88,11.07,11.71,-0.64,-5.47,36847.32,41325.358
600299.SH,20090227,11.9,11.9,11.0,11.73,11.61,0.12,1.03,461102.44,536657.602
600300.SH,20090227,5.83,6.1,5.6,5.71,5.96,-0.25,-4.19,106928.65,62037.068
600301.SH,20090227,5.08,5.25,4.76,4.99,5.16,-0.17,-3.29,26540.94,13270.11
600302.SH,20090227,3.72,3.78,3.46,3.58,3.78,-0.2,-5.29,61277.05,22000.992
600303.SH,20090227,6.85,6.99,6.43,6.68,7.02,-0.34,-4.84,115099.79,76594.388
600305.SH,20090227,8.38,8.47,7.91,7.95,8.43,-0.48,-5.69,26761.52,21782.765
600306.SH,20090227,7.8,7.98,7.64,7.64,8.49,-0.85,-10.01,36030.97,27764.688
600308.SH,20090227,8.2,8.37,7.88,7.98,8.33,-0.35,-4.2,116385.56,94257.389
600309.SH,20090227,12.3,12.51,12.15,12.35,12.48,-0.13,-1.04,152677.79,188355.542
600310.SH,20090227,14.25,14.48,13.3,13.5,14.36,-0.86,-5.99,18169.94,24993.81
600311.SH,20090227,7.5,7.78,7.15,7.15,7.94,-0.79,-9.95,422864.46,309995.379
600312.SH,20090227,15.88,16.75,15.52,15.86,15.81,0.05,0.32,168949.78,270948.331
600313.SH,20090227,4.77,4.95,4.74,4.74,4.99,-0.25,-5.01,31644.95,15061.942
600315.SH,20090227,28.55,30.4,28.55,29.99,29.48,0.51,1.73,6356.0,18566.525
600316.SH,20090227,15.81,16.22,14.71,14.71,16.34,-1.63,-9.98,88553.04,132876.591
600317.SH,20090227,7.59,7.68,7.25,7.37,7.65,-0.28,-3.66,52697.6,38975.045
600318.SH,20090227,5.65,5.78,5.26,5.26,5.84,-0.58,-9.93,83243.06,44758.743
600319.SH,20090227,4.3,4.5,3.98,4.04,4.42,-0.38,-8.6,59448.6,24590.627
600320.SH,20090227,9.5,9.54,9.09,9.24,9.54,-0.3,-3.14,155476.83,143853.947
600321.SH,20090227,8.05,8.57,7.5,8.24,8.3,-0.06,-0.72,188478.92,151539.019
600322.SH,20090227,4.23,4.33,3.93,4.06,4.32,-0.26,-6.02,146250.22,59847.469
600323.SH,20090227,9.13,9.47,8.45,8.61,9.29,-0.68,-7.32,99748.52,88230.353
600325.SH,20090227,12.85,13.1,11.93,12.72,13.05,-0.33,-2.53,121322.3,151631.892
600326.SH,20090227,5.85,5.85,5.4,5.4,6.0,-0.6,-10.0,197188.44,109344.467
600327.SH,20090227,6.9,6.9,6.31,6.33,6.97,-0.64,-9.18,108121.48,71346.14
600328.SH,20090227,7.73,7.89,7.24,7.27,7.74,-0.47,-6.07,107019.41,81007.476
600329.SH,20090227,10.86,10.9,10.4,10.47,10.95,-0.48,-4.38,30761.91,32520.622
600330.SH,20090227,4.2,4.51,3.85,3.86,4.28,-0.42,-9.81,290122.6,117783.831
600331.SH,20090227,10.0,10.1,9.52,9.52,10.58,-1.06,-10.02,556407.15,536037.653
600332.SH,20090227,7.02,7.11,6.48,6.58,7.16,-0.58,-8.1,63388.51,42589.009
600333.SH,20090227,5.38,5.58,5.1,5.12,5.44,-0.32,-5.88,99094.53,52845.095
600335.SH,20090227,6.23,6.35,5.61,5.66,6.23,-0.57,-9.15,95761.53,56358.272
600336.SH,20090227,5.63,5.63,4.89,4.95,5.43,-0.48,-8.84,76341.77,38702.772
600337.SH,20090227,4.39,4.39,4.11,4.14,4.45,-0.31,-6.97,80165.51,33725.568
600339.SH,20090227,6.13,6.2,5.72,5.83,6.18,-0.35,-5.66,125400.97,74473.088
600340.SH,20090227,4.78,4.82,4.45,4.69,4.81,-0.12,-2.49,35332.36,16394.917
600343.SH,20090227,9.0,9.0,8.43,8.43,9.37,-0.94,-10.03,44790.83,38178.169
600345.SH,20090227,6.68,6.79,6.16,6.38,6.8,-0.42,-6.18,42854.86,27475.291
600346.SH,20090227,8.3,8.3,7.48,7.48,8.31,-0.83,-9.99,33602.79,26157.22
600348.SH,20090227,12.81,13.0,12.06,12.41,12.8,-0.39,-3.05,197122.12,247042.023
600350.SH,20090227,4.95,5.04,4.79,4.83,4.99,-0.16,-3.21,178386.11,86957.537
600351.SH,20090227,15.59,15.8,14.33,15.59,15.53,0.06,0.39,70076.17,105959.269
600352.SH,20090227,9.04,9.24,8.68,9.02,9.25,-0.23,-2.49,164051.02,147529.953
600353.SH,20090227,7.05,7.3,6.78,6.78,7.53,-0.75,-9.96,43270.22,29747.368
600354.SH,20090227,13.78,14.06,12.12,12.41,13.22,-0.81,-6.13,128906.45,164022.935
600355.SH,20090227,3.91,3.91,3.63,3.63,4.03,-0.4,-9.93,66104.27,24470.43
600356.SH,20090227,7.15,7.15,6.7,6.94,7.11,-0.17,-2.39,25863.34,17881.135
600357.SH,20090227,7.24,7.44,6.81,6.81,7.57,-0.76,-10.04,335356.09,233885.721
600358.SH,20090227,3.77,3.87,3.5,3.54,3.83,-0.29,-7.57,80409.03,29228.459
600359.SH,20090227,8.88,9.11,8.12,8.23,8.96,-0.73,-8.15,115335.81,97202.929
600360.SH,20090227,4.88,4.88,4.49,4.56,4.99,-0.43,-8.62,240743.74,111542.339
600361.SH,20090227,7.1,7.18,6.65,6.81,7.18,-0.37,-5.15,114606.47,78443.956
600362.SH,20090227,16.8,16.88,15.48,15.48,17.2,-1.72,-10.0,222496.31,351458.946
600363.SH,20090227,6.3,6.97,6.1,6.75,6.48,0.27,4.17,392482.76,262692.389
600365.SH,20090227,5.14,5.18,4.71,5.03,5.17,-0.14,-2.71,46422.19,23045.735
600366.SH,20090227,6.4,6.4,5.79,5.99,6.43,-0.44,-6.84,113284.49,67779.196
600367.SH,20090227,6.38,6.45,5.9,6.2,6.51,-0.31,-4.76,60696.18,37288.899
600368.SH,20090227,6.15,6.17,5.64,5.64,6.27,-0.63,-10.05,203848.65,117613.357
600369.SH,20090227,9.8,10.09,9.4,9.61,10.24,-0.63,-6.15,166148.76,162286.344
600370.SH,20090227,3.87,3.87,3.5,3.52,3.87,-0.35,-9.04,50369.78,18295.894
600371.SH,20090227,12.35,12.69,11.33,11.36,12.58,-1.22,-9.7,49982.74,58258.542
600372.SH,20090227,5.67,5.76,5.57,5.57,5.86,-0.29,-4.95,38255.78,21374.966
600373.SH,20090227,3.8,3.9,3.56,3.56,3.95,-0.39,-9.87,70043.64,25691.321
600375.SH,20090227,5.48,5.49,4.97,5.04,5.48,-0.44,-8.03,48316.0,24805.129
600376.SH,20090227,10.51,10.65,9.59,9.59,10.66,-1.07,-10.04,76973.05,75585.399
600377.SH,20090227,5.71,5.86,5.6,5.66,5.73,-0.07,-1.22,110634.49,63430.114
600378.SH,20090227,6.26,6.38,5.76,5.93,6.39,-0.46,-7.2,88279.62,53359.797
600379.SH,20090227,9.68,9.7,8.93,8.93,9.92,-0.99,-9.98,72208.27,65139.855
600380.SH,20090227,5.13,5.14,4.65,4.7,5.16,-0.46,-8.91,107151.07,51455.072
600381.SH,20090227,4.33,4.44,4.33,4.33,4.56,-0.23,-5.04,40518.43,17575.623
600382.SH,20090227,6.06,6.15,5.57,5.79,6.05,-0.26,-4.3,159895.92,93211.579
600383.SH,20090227,7.75,7.82,7.25,7.53,7.84,-0.31,-3.95,365855.66,276665.802
600385.SH,20090227,2.93,2.98,2.93,2.93,3.08,-0.15,-4.87,33538.99,9838.34
600386.SH,20090227,9.93,10.3,9.85,10.09,10.22,-0.13,-1.27,49748.53,50149.874
600387.SH,20090227,5.68,5.82,5.45,5.53,5.85,-0.32,-5.47,34030.54,18989.495
600388.SH,20090227,17.8,18.38,16.58,16.96,18.0,-1.04,-5.78,89486.07,155103.327
600389.SH,20090227,17.41,17.7,16.04,16.4,17.82,-1.42,-7.97,65796.18,109467.532
600390.SH,20090227,11.5,11.73,10.56,10.56,11.73,-1.17,-9.97,86039.67,92633.284
600391.SH,20090227,18.55,19.09,17.4,17.46,19.33,-1.87,-9.67,45209.05,80982.844
600392.SH,20090227,13.0,13.3,11.98,13.11,13.31,-0.2,-1.5,84959.26,106166.696
600393.SH,20090227,4.8,4.82,4.51,4.58,4.84,-0.26,-5.37,48205.36,22360.467
600395.SH,20090227,12.25,12.78,11.91,12.39,12.31,0.08,0.65,131842.09,161726.227
600396.SH,20090227,7.98,7.98,7.21,7.21,8.01,-0.8,-9.99,64437.67,48249.655
600397.SH,20090227,5.04,5.08,4.68,4.74,5.08,-0.34,-6.69,50790.52,24688.295
600398.SH,20090227,3.44,3.44,3.13,3.18,3.48,-0.3,-8.62,224930.02,72801.139
600399.SH,20090227,4.66,4.66,4.25,4.34,4.7,-0.36,-7.66,43735.55,19438.566
600400.SH,20090227,4.2,4.23,3.89,3.97,4.23,-0.26,-6.15,105513.98,42749.75
600401.SH,20090227,2.99,3.11,2.96,3.11,2.96,0.15,5.07,65201.99,20047.792
600403.SH,20090227,6.11,6.18,5.72,5.78,6.32,-0.54,-8.54,35101.42,20752.318
600405.SH,20090227,6.01,6.01,5.48,5.48,6.09,-0.61,-10.02,87515.72,48982.371
600406.SH,20090227,23.42,23.42,21.18,21.77,23.39,-1.62,-6.93,32973.13,72100.291
600408.SH,20090227,5.17,5.25,4.72,4.76,5.22,-0.46,-8.81,326287.75,159958.536
600409.SH,20090227,4.83,4.91,4.46,4.47,4.96,-0.49,-9.88,244231.9,111977.684
600410.SH,20090227,10.8,11.0,10.41,10.6,10.98,-0.38,-3.46,31006.14,33189.65
600415.SH,20090227,50.05,52.56,49.5,50.82,50.89,-0.07,-0.14,15155.25,76840.423
600416.SH,20090227,11.56,11.79,10.9,11.24,11.95,-0.71,-5.94,103909.61,117771.302
600418.SH,20090227,4.15,4.15,3.92,3.92,4.36,-0.44,-10.09,377181.6,150087.94
600419.SH,20090227,4.8,4.89,4.65,4.65,4.89,-0.24,-4.91,11053.0,5158.752
600420.SH,20090227,7.13,7.13,6.56,6.62,7.12,-0.5,-7.02,42956.78,29022.234
600421.SH,20090227,3.76,3.81,3.64,3.64,3.83,-0.19,-4.96,36258.79,13327.634
600422.SH,20090227,5.4,5.55,5.02,5.16,5.58,-0.42,-7.53,98954.05,51319.566
600423.SH,20090227,9.53,9.59,8.69,9.0,9.54,-0.54,-5.66,74550.91,67653.306
600425.SH,20090227,9.76,10.72,9.76,10.49,10.25,0.24,2.34,61174.87,63749.46
600426.SH,20090227,11.75,12.05,10.9,11.16,11.96,-0.8,-6.69,133081.86,150529.201
600428.SH,20090227,8.44,8.44,7.7,7.77,8.55,-0.78,-9.12,417049.92,329534.761
600429.SH,20090227,6.42,6.54,5.93,6.05,6.55,-0.5,-7.63,168006.51,103443.962
600432.SH,20090227,16.6,16.76,15.39,15.39,17.1,-1.71,-10.0,131229.81,206502.305
600433.SH,20090227,6.18,6.29,5.99,5.99,6.66,-0.67,-10.06,81932.4,49395.106
600435.SH,20090227,15.8,17.65,15.13,16.97,16.6,0.37,2.23,420145.2,688779.019
600436.SH,20090227,23.07,23.54,21.8,22.33,23.51,-1.18,-5.02,16218.89,36607.659
600438.SH,20090227,9.0,9.19,8.26,8.28,9.18,-0.9,-9.8,185822.14,158599.285
600439.SH,20090227,8.65,8.75,8.15,8.22,8.75,-0.53,-6.06,140798.93,117505.301
600444.SH,20090227,15.73,16.19,14.76,15.38,16.39,-1.01,-6.16,35986.93,55485.278
600446.SH,20090227,8.67,8.8,8.1,8.23,8.84,-0.61,-6.9,38596.98,32504.042
600448.SH,20090227,3.16,3.21,2.95,3.0,3.21,-0.21,-6.54,66026.02,20140.526
600449.SH,20090227,25.31,26.65,24.6,25.76,25.62,0.14,0.55,54829.39,141350.733
600452.SH,20090227,5.55,5.64,5.18,5.27,5.58,-0.31,-5.56,18906.72,10115.161
600456.SH,20090227,18.18,18.5,16.86,16.86,18.73,-1.87,-9.98,178115.18,307916.008
600458.SH,20090227,12.7,12.89,11.56,12.32,12.84,-0.52,-4.05,67668.86,82347.369
600459.SH,20090227,18.38,19.0,17.84,17.84,19.82,-1.98,-9.99,52804.49,95394.98
600460.SH,20090227,4.88,4.88,4.57,4.57,5.08,-0.51,-10.04,102261.31,47574.817
600461.SH,20090227,7.7,7.89,6.95,6.95,7.72,-0.77,-9.97,65434.95,47026.257
600462.SH,20090227,2.74,2.8,2.72,2.72,2.86,-0.14,-4.9,22056.0,6020.815
600463.SH,20090227,5.3,5.45,4.95,5.0,5.43,-0.43,-7.92,39584.97,20281.096
600466.SH,20090227,4.96,4.97,4.72,4.83,4.97,-0.14,-2.82,36298.19,17292.375
600467.SH,20090227,6.7,6.84,6.1,6.14,6.75,-0.61,-9.04,165965.3,105982.24
600468.SH,20090227,7.19,7.19,6.56,6.6,7.21,-0.61,-8.46,50844.94,34549.665
600470.SH,20090227,8.69,8.8,8.0,8.06,8.8,-0.74,-8.41,82699.49,68454.713
600475.SH,20090227,9.02,9.12,8.2,8.25,9.11,-0.86,-9.44,56071.59,47926.391
600476.SH,20090227,7.02,7.35,6.91,7.22,7.16,0.06,0.84,46419.47,33398.459
600477.SH,20090227,8.3,8.3,7.52,7.65,8.35,-0.7,-8.38,52643.32,41249.008
600478.SH,20090227,13.2,13.4,12.48,13.01,13.67,-0.66,-4.83,206909.81,267334.63
600479.SH,20090227,20.3,21.0,18.8,20.0,20.35,-0.35,-1.72,64837.36,129084.08
600480.SH,20090227,8.05,8.28,7.52,7.53,8.35,-0.82,-9.82,57049.59,44454.059
600481.SH,20090227,5.38,5.44,4.99,5.12,5.44,-0.32,-5.88,81658.36,42172.42
600482.SH,20090227,8.05,8.05,7.61,7.61,8.46,-0.85,-10.05,228809.97,176076.34
600483.SH,20090227,4.0,4.0,3.63,3.63,4.03,-0.4,-9.93,148988.6,54987.599
600485.SH,20090227,13.78,14.3,13.01,13.96,13.76,0.2,1.45,35161.76,48764.369
600486.SH,20090227,31.5,32.29,30.0,30.3,31.96,-1.66,-5.19,12158.72,37496.658
600487.SH,20090227,12.31,12.8,12.18,12.51,12.58,-0.07,-0.56,65199.09,80923.968
600488.SH,20090227,7.09,7.17,6.54,6.8,7.13,-0.33,-4.63,148026.29,101233.696
600489.SH,20090227,48.0,50.0,46.25,49.96,51.39,-1.43,-2.78,104138.49,500293.592
600490.SH,20090227,5.41,5.55,5.0,5.02,5.49,-0.47,-8.56,18799.46,9817.426
600491.SH,20090227,6.37,6.41,5.81,5.9,6.41,-0.51,-7.96,61579.34,37392.779
600493.SH,20090227,4.39,4.42,3.95,3.95,4.39,-0.44,-10.02,45340.92,18261.224
600495.SH,20090227,19.6,20.2,19.3,19.3,21.44,-2.14,-9.98,29375.41,56984.57
600496.SH,20090227,6.66,6.66,6.06,6.19,6.72,-0.53,-7.89,73296.15,45496.731
600497.SH,20090227,14.49,14.49,13.17,13.17,14.63,-1.46,-9.98,147759.89,197815.301
600498.SH,20090227,12.63,12.97,12.22,12.39,12.87,-0.48,-3.73,50232.4,63108.623
600499.SH,20090227,11.94,11.94,10.76,10.82,11.85,-1.03,-8.69,92692.39,103342.674
600500.SH,20090227,9.25,9.5,8.6,8.79,9.36,-0.57,-6.09,153040.09,136895.388
600501.SH,20090227,6.71,6.8,6.35,6.35,7.06,-0.71,-10.06,107788.35,69193.208
600502.SH,20090227,4.8,4.85,4.41,4.47,4.88,-0.41,-8.4,69058.31,31673.836
600503.SH,20090227,8.0,8.2,7.4,7.4,8.21,-0.81,-9.87,34945.26,26942.318
600505.SH,20090227,4.75,4.82,4.35,4.38,4.83,-0.45,-9.32,65086.85,29485.629
600506.SH,20090227,7.99,7.99,7.11,7.11,7.9,-0.79,-10.0,82529.37,60451.631
600507.SH,20090227,3.55,3.61,3.28,3.28,3.64,-0.36,-9.89,71771.53,24270.398
600508.SH,20090227,11.06,11.3,10.5,10.85,11.21,-0.36,-3.21,73788.69,80316.759
600509.SH,20090227,7.89,7.89,7.48,7.48,8.31,-0.83,-9.99,186287.05,140677.079
600510.SH,20090227,5.84,5.95,5.29,5.32,5.88,-0.56,-9.52,136020.9,74301.081
600511.SH,20090227,26.01,26.31,25.23,26.12,26.49,-0.37,-1.4,17866.08,46029.428
600512.SH,20090227,4.35,4.43,4.16,4.18,4.45,-0.27,-6.07,72070.83,30869.849
600513.SH,20090227,8.17,8.34,7.5,7.57,8.33,-0.76,-9.12,35410.15,27282.779
600515.SH,20090227,2.75,2.75,2.63,2.63,2.77,-0.14,-5.05,43948.81,11632.089
600516.SH,20090227,11.78,12.2,11.78,11.78,13.09,-1.31,-10.01,141416.04,167469.808
600517.SH,20090227,20.0,20.57,19.5,20.17,20.28,-0.11,-0.54,27291.29,54860.406
600518.SH,20090227,9.85,10.29,9.5,10.07,10.02,0.05,0.5,99024.81,97048.976
600519.SH,20090227,119.54,123.0,117.73,118.43,122.43,-4.0,-3.27,41170.59,494464.222
600520.SH,20090227,4.91,4.91,4.45,4.53,4.93,-0.4,-8.11,31651.59,14707.276
600521.SH,20090227,12.63,12.98,12.39,12.9,12.62,0.28,2.22,31384.12,39900.471
600522.SH,20090227,10.9,11.3,10.46,11.01,11.01,0.0,0.0,67099.69,72933.869
600523.SH,20090227,11.55,11.98,11.15,11.15,12.39,-1.24,-10.01,93166.92,105000.617
600525.SH,20090227,17.2,17.35,15.55,15.97,17.06,-1.09,-6.39,17205.42,27607.911
600526.SH,20090227,10.88,11.12,10.05,10.38,11.03,-0.65,-5.89,40276.44,42570.93
600527.SH,20090227,4.81,4.85,4.44,4.65,4.86,-0.21,-4.32,63121.32,29162.337
600528.SH,20090227,9.01,9.19,8.5,8.68,9.15,-0.47,-5.14,333757.78,292963.281
600529.SH,20090227,10.45,10.65,10.08,10.23,10.51,-0.28,-2.66,55014.57,56931.23
600530.SH,20090227,4.5,4.51,4.15,4.18,4.61,-0.43,-9.33,51560.68,22176.168
600531.SH,20090227,11.38,11.39,10.64,10.64,11.82,-1.18,-9.98,66315.83,71791.414
600532.SH,20090227,5.32,5.95,4.87,5.77,5.41,0.36,6.65,120164.52,65246.884
600533.SH,20090227,4.03,4.07,3.8,3.9,4.09,-0.19,-4.65,313680.13,122744.705
600535.SH,20090227,13.84,14.0,13.55,13.84,14.1,-0.26,-1.84,51304.55,70457.663
600536.SH,20090227,10.0,10.0,9.08,9.19,10.03,-0.84,-8.37,24214.94,22795.442
600537.SH,20090227,4.63,4.73,4.3,4.36,4.69,-0.33,-7.04,66165.43,29316.422
600539.SH,20090227,5.29,5.3,4.89,4.9,5.37,-0.47,-8.75,90233.14,45541.746
600540.SH,20090227,9.41,9.69,8.63,8.63,9.59,-0.96,-10.01,113217.62,99937.649
600543.SH,20090227,16.65,16.68,15.13,15.14,16.81,-1.67,-9.93,66753.18,103549.984
600545.SH,20090227,5.39,5.4,4.99,5.01,5.47,-0.46,-8.41,88499.39,45471.131
600546.SH,20090227,9.07,9.07,8.45,8.93,9.17,-0.24,-2.62,57920.2,50819.735
600547.SH,20090227,65.0,69.98,61.76,69.57,68.16,1.41,2.07,124877.61,810930.704
600548.SH,20090227,5.13,5.16,4.81,4.91,5.2,-0.29,-5.58,107442.78,53276.091
600549.SH,20090227,12.5,12.68,12.14,12.14,13.49,-1.35,-10.01,138148.54,168505.705
600550.SH,20090227,22.6,23.46,22.45,22.69,22.91,-0.22,-0.96,127110.38,291575.996
600551.SH,20090227,21.8,22.18,20.98,21.77,22.08,-0.31,-1.4,27455.36,58957.357
600552.SH,20090227,5.82,5.83,5.33,5.33,5.92,-0.59,-9.97,36624.39,19995.321
600553.SH,20090227,6.59,6.59,5.98,6.01,6.59,-0.58,-8.8,122285.25,75063.535
600555.SH,20090227,4.26,4.4,3.98,3.99,4.38,-0.39,-8.9,103189.54,42843.782
600556.SH,20090227,3.72,3.72,3.41,3.72,3.54,0.18,5.08,141305.63,52161.493
600557.SH,20090227,17.5,17.95,16.87,17.03,17.65,-0.62,-3.51,24075.55,41467.906
600558.SH,20090227,12.45,12.5,11.58,11.58,12.87,-1.29,-10.02,49988.55,58991.222
600559.SH,20090227,8.81,9.03,8.16,8.41,9.05,-0.64,-7.07,32059.86,27129.952
600560.SH,20090227,9.98,10.15,9.18,9.19,10.2,-1.01,-9.9,32212.59,30427.045
600561.SH,20090227,6.91,7.0,6.6,6.84,7.06,-0.22,-3.12,46253.73,31447.034
600562.SH,20090227,6.01,6.09,5.52,5.57,6.1,-0.53,-8.69,21931.91,12536.697
600563.SH,20090227,8.86,8.86,8.3,8.67,9.21,-0.54,-5.86,35316.97,30108.783
600565.SH,20090227,5.55,5.55,5.11,5.11,5.68,-0.57,-10.04,190901.79,99450.506
600566.SH,20090227,6.06,6.14,5.61,5.73,6.22,-0.49,-7.88,28402.56,16608.943
600567.SH,20090227,3.41,3.46,3.21,3.26,3.46,-0.2,-5.78,104739.05,34717.23
600568.SH,20090227,8.0,8.14,7.75,7.93,8.16,-0.23,-2.82,32777.63,25794.058
600569.SH,20090227,3.61,3.67,3.41,3.53,3.68,-0.15,-4.08,243850.13,86070.023
600570.SH,20090227,12.32,12.6,12.2,12.39,12.81,-0.42,-3.28,22808.93,28291.143
600571.SH,20090227,4.14,4.16,3.82,3.88,4.17,-0.29,-6.95,33528.63,13353.31
600572.SH,20090227,6.38,6.5,5.95,6.14,6.51,-0.37,-5.68,87006.69,53691.161
600573.SH,20090227,6.59,6.64,6.0,6.1,6.59,-0.49,-7.44,37177.91,23187.635
600575.SH,20090227,3.88,3.95,3.66,3.69,3.96,-0.27,-6.82,49350.97,18502.357
600576.SH,20090227,5.17,5.28,4.84,4.84,5.38,-0.54,-10.04,70102.68,34704.175
600577.SH,20090227,5.18,5.33,4.86,5.12,5.27,-0.15,-2.85,167434.55,85545.364
600578.SH,20090227,6.78,6.92,6.26,6.39,6.82,-0.43,-6.31,51829.92,33649.521
600579.SH,20090227,3.96,4.24,3.86,4.09,4.06,0.03,0.74,59616.63,24083.916
600580.SH,20090227,9.06,9.35,8.6,9.12,9.06,0.06,0.66,79754.59,72227.222
600581.SH,20090227,7.15,7.15,6.67,6.83,7.28,-0.45,-6.18,212733.45,145670.761
600582.SH,20090227,17.31,18.4,16.12,17.07,17.74,-0.67,-3.78,73107.8,125748.101
600583.SH,20090227,15.57,16.05,15.05,15.71,15.77,-0.06,-0.38,73392.5,114840.836
600584.SH,20090227,3.81,3.82,3.5,3.59,3.84,-0.25,-6.51,289358.66,105472.906
600585.SH,20090227,32.3,32.4,29.58,31.53,32.37,-0.84,-2.6,96839.55,301651.575
600586.SH,20090227,10.7,11.28,10.2,11.24,10.9,0.34,3.12,210743.08,227335.113
600587.SH,20090227,9.79,9.99,9.07,9.32,9.97,-0.65,-6.52,46172.7,43679.216
600588.SH,20090227,21.02,21.42,20.55,21.2,21.24,-0.04,-0.19,20890.77,44035.079
600589.SH,20090227,4.57,4.69,4.27,4.36,4.68,-0.32,-6.84,120168.82,53520.268
600590.SH,20090227,7.78,7.85,7.28,7.28,8.09,-0.81,-10.01,114296.57,84971.772
600591.SH,20090227,5.1,5.18,4.85,4.85,5.39,-0.54,-10.02,113752.0,55861.649
600592.SH,20090227,6.2,6.2,5.8,5.91,6.21,-0.3,-4.83,34937.54,20769.831
600593.SH,20090227,7.09,7.18,6.48,6.75,7.09,-0.34,-4.8,24622.12,16713.913
600594.SH,20090227,10.11,10.35,9.62,9.94,10.32,-0.38,-3.68,51176.65,50871.247
600595.SH,20090227,8.19,8.19,7.55,7.55,8.39,-0.84,-10.01,103290.52,79664.292
600596.SH,20090227,37.1,37.55,35.11,36.67,37.38,-0.71,-1.9,71809.1,258304.937
600597.SH,20090227,5.76,5.94,5.45,5.57,5.94,-0.37,-6.23,97952.36,55502.278
600598.SH,20090227,14.77,14.77,13.07,13.44,14.3,-0.86,-6.01,562383.72,764381.612
600599.SH,20090227,9.38,9.63,8.57,8.84,9.4,-0.56,-5.96,49875.77,45538.86
600600.SH,20090227,19.2,19.99,18.59,18.9,19.21,-0.31,-1.61,99109.81,192256.882
600601.SH,20090227,3.3,3.38,3.15,3.19,3.4,-0.21,-6.18,286362.23,93023.837
600602.SH,20090227,3.37,3.37,3.05,3.11,3.39,-0.28,-8.26,205415.49,64630.308
600603.SH,20090227,4.34,4.45,4.34,4.34,4.57,-0.23,-5.03,20079.99,8733.241
600604.SH,20090227,3.6,3.67,3.59,3.59,3.78,-0.19,-5.03,18339.0,6593.033
600605.SH,20090227,7.55,8.3,7.55,8.29,7.55,0.74,9.8,55808.39,44274.497
600606.SH,20090227,5.63,5.7,5.2,5.31,5.67,-0.36,-6.35,67116.56,36369.72
600607.SH,20090227,13.37,13.55,12.35,12.5,13.63,-1.13,-8.29,39762.43,50629.393
600608.SH,20090227,3.26,3.26,3.07,3.07,3.23,-0.16,-4.95,99883.52,30901.387
600609.SH,20090227,3.15,3.2,2.92,2.96,3.24,-0.28,-8.64,174417.65,52554.116
600610.SH,20090227,7.35,8.09,7.35,8.09,7.7,0.39,5.06,8037.58,6350.679
600611.SH,20090227,7.3,7.45,7.0,7.08,7.43,-0.35,-4.71,157439.24,113138.09
600612.SH,20090227,11.05,11.6,10.46,10.46,11.62,-1.16,-9.98,45409.08,49514.129
600613.SH,20090227,8.88,10.15,8.31,9.96,9.23,0.73,7.91,115788.4,108830.359
600614.SH,20090227,6.85,6.93,6.29,6.4,6.84,-0.44,-6.43,34820.9,22712.079
600615.SH,20090227,7.85,8.23,7.52,7.9,7.95,-0.05,-0.63,150262.79,118566.22
600616.SH,20090227,11.46,11.57,10.82,11.1,11.47,-0.37,-3.23,43000.29,48171.943
600617.SH,20090227,5.37,5.38,5.02,5.15,5.46,-0.31,-5.68,20076.83,10384.065
600618.SH,20090227,4.83,4.83,4.45,4.6,4.87,-0.27,-5.54,130637.36,60060.518
600619.SH,20090227,5.29,5.31,4.93,4.95,5.48,-0.53,-9.67,48078.84,24255.918
600620.SH,20090227,6.47,6.76,6.23,6.67,6.6,0.07,1.06,141601.92,92194.526
600621.SH,20090227,5.38,5.45,5.0,5.06,5.46,-0.4,-7.33,88661.43,45744.775
600622.SH,20090227,5.01,5.09,4.72,4.78,5.08,-0.3,-5.91,93058.61,45256.813
600623.SH,20090227,4.58,4.78,4.3,4.35,4.77,-0.42,-8.81,18208.03,8165.437
600624.SH,20090227,9.24,9.29,8.38,8.38,9.31,-0.93,-9.99,209296.75,180412.651
600626.SH,20090227,4.61,4.66,4.34,4.39,4.67,-0.28,-6.0,91819.35,40989.145
600628.SH,20090227,8.09,8.22,7.62,7.79,8.18,-0.39,-4.77,96184.47,75790.783
600629.SH,20090227,12.0,12.0,10.84,11.56,12.04,-0.48,-3.99,30170.77,33953.877
600630.SH,20090227,8.4,8.47,7.65,7.79,8.41,-0.62,-7.37,211807.13,169094.038
600631.SH,20090227,9.17,9.22,8.36,8.47,9.18,-0.71,-7.73,200855.06,173726.641
600633.SH,20090227,6.86,6.95,6.32,6.51,6.9,-0.39,-5.65,35091.75,23214.879
600634.SH,20090227,7.97,7.97,7.36,7.36,8.18,-0.82,-10.02,20981.0,15679.532
600635.SH,20090227,8.08,8.19,7.52,7.66,8.19,-0.53,-6.47,471074.15,366315.088
600636.SH,20090227,5.79,5.84,5.42,5.46,5.9,-0.44,-7.46,110798.59,62125.468
600637.SH,20090227,3.69,3.72,3.53,3.59,3.73,-0.14,-3.75,117825.82,42758.042
600638.SH,20090227,10.51,10.78,10.13,10.34,10.68,-0.34,-3.18,112242.29,116983.358
600639.SH,20090227,9.6,10.15,9.58,9.92,9.69,0.23,2.37,70093.5,69136.566
600640.SH,20090227,11.51,11.75,10.82,10.82,12.02,-1.2,-9.98,88796.0,98128.672
600641.SH,20090227,10.5,10.79,9.86,10.22,10.95,-0.73,-6.67,124253.56,125806.451
600642.SH,20090227,7.35,7.55,6.96,7.16,7.49,-0.33,-4.41,319555.79,231016.72
600643.SH,20090227,7.19,7.4,6.94,7.2,7.3,-0.1,-1.37,289793.49,208229.239
600644.SH,20090227,7.35,7.45,6.89,6.92,7.43,-0.51,-6.86,56166.7,39961.166
600645.SH,20090227,5.45,5.58,5.26,5.39,5.54,-0.15,-2.71,64877.94,35061.085
600647.SH,20090227,10.44,10.54,9.57,9.58,10.44,-0.86,-8.24,10080.53,9946.673
600648.SH,20090227,11.17,11.35,10.63,10.76,11.09,-0.33,-2.98,36629.52,40013.971
600649.SH,20090227,9.45,9.55,9.1,9.26,9.61,-0.35,-3.64,119252.08,110861.281
600650.SH,20090227,10.21,10.35,9.7,9.88,10.37,-0.49,-4.73,47428.32,47118.054
600651.SH,20090227,5.51,5.58,5.1,5.21,5.63,-0.42,-7.46,148880.23,78610.638
600652.SH,20090227,4.18,4.25,3.95,3.99,4.2,-0.21,-5.0,152510.52,62119.224
600653.SH,20090227,3.39,3.43,3.13,3.16,3.47,-0.31,-8.93,378734.41,121835.071
600654.SH,20090227,3.11,3.13,2.95,3.0,3.15,-0.15,-4.76,116181.32,35110.285
600655.SH,20090227,13.5,13.73,12.7,13.34,13.95,-0.61,-4.37,158113.85,208870.09
600656.SH,20090227,4.29,4.29,4.09,4.09,4.31,-0.22,-5.1,24843.41,10167.705
600657.SH,20090227,5.08,5.19,5.08,5.08,5.35,-0.27,-5.05,50775.0,25822.684
600658.SH,20090227,5.0,5.09,4.5,4.6,5.0,-0.4,-8.0,49531.39,23400.101
600660.SH,20090227,5.23,5.48,5.15,5.32,5.27,0.05,0.95,309969.53,163735.842
600661.SH,20090227,5.75,5.89,5.38,5.42,5.83,-0.41,-7.03,34835.97,19311.88
600662.SH,20090227,5.08,5.39,5.0,5.17,5.29,-0.12,-2.27,261797.34,135791.192
600663.SH,20090227,18.46,18.98,17.7,18.69,18.95,-0.26,-1.37,57880.28,106677.047
600664.SH,20090227,12.4,12.65,12.05,12.21,13.39,-1.18,-8.81,63336.27,77746.487
600665.SH,20090227,3.88,3.89,3.59,3.62,3.91,-0.29,-7.42,73309.89,27222.467
600666.SH,20090227,6.53,6.53,6.0,6.02,6.55,-0.53,-8.09,58869.37,36209.163
600667.SH,20090227,3.91,4.1,3.73,3.76,4.14,-0.38,-9.18,101391.3,38986.113
600668.SH,20090227,4.26,4.3,3.9,4.02,4.3,-0.28,-6.51,114518.32,46557.663
600671.SH,20090227,6.31,6.4,5.89,6.07,6.29,-0.22,-3.5,21614.08,13143.742
600673.SH,20090227,5.18,5.18,4.72,4.72,5.24,-0.52,-9.92,146424.01,70852.559
600674.SH,20090227,15.99,16.25,15.2,15.31,16.1,-0.79,-4.91,134977.76,212682.257
600675.SH,20090227,7.51,7.71,7.26,7.37,7.63,-0.26,-3.41,146640.89,109741.809
600676.SH,20090227,5.11,5.15,4.78,4.96,5.25,-0.29,-5.52,82392.05,40623.591
600677.SH,20090227,8.29,8.3,7.84,7.84,8.71,-0.87,-9.99,149192.32,117876.176
600678.SH,20090227,6.02,6.18,5.6,5.71,6.2,-0.49,-7.9,134249.14,77980.55
600679.SH,20090227,6.03,6.04,5.46,5.58,6.05,-0.47,-7.77,41249.06,23192.438
600680.SH,20090227,7.5,7.99,6.8,7.84,7.44,0.4,5.38,142808.2,107724.635
600683.SH,20090227,6.3,6.47,5.76,5.95,6.4,-0.45,-7.03,50152.11,30470.002
600684.SH,20090227,6.15,6.21,5.7,5.91,6.32,-0.41,-6.49,54542.31,31928.542
600685.SH,20090227,17.31,17.31,16.01,16.06,17.5,-1.44,-8.23,86487.6,141976.453
600686.SH,20090227,7.25,7.4,6.92,6.92,7.69,-0.77,-10.01,272298.78,191721.655
600687.SH,20090227,5.77,5.77,5.24,5.24,5.82,-0.58,-9.97,59376.47,32123.827
600688.SH,20090227,5.76,5.78,5.5,5.52,5.75,-0.23,-4.0,60891.37,34089.107
600689.SH,20090227,7.08,7.2,6.63,6.8,7.08,-0.28,-3.95,63415.73,43849.31
600690.SH,20090227,9.3,9.42,9.03,9.35,9.37,-0.02,-0.21,230215.65,212269.761
600692.SH,20090227,8.2,8.24,7.58,7.58,8.42,-0.84,-9.98,157151.59,121476.792
600693.SH,20090227,11.0,11.6,10.31,11.43,11.11,0.32,2.88,129236.76,142898.787
600694.SH,20090227,24.8,25.5,23.86,24.93,24.88,0.05,0.2,63791.3,157650.885
600695.SH,20090227,5.45,5.51,4.98,4.99,5.53,-0.54,-9.76,29241.41,15070.112
600696.SH,20090227,3.66,3.72,3.4,3.47,3.78,-0.31,-8.2,49517.37,17439.862
600697.SH,20090227,15.2,15.3,14.81,15.12,15.3,-0.18,-1.18,6711.58,10071.108
600698.SH,20090227,3.65,3.7,3.62,3.62,3.81,-0.19,-4.99,93857.02,34104.831
600699.SH,20090227,4.12,4.28,3.88,4.28,4.08,0.2,4.9,145471.44,60501.944
600701.SH,20090227,3.09,3.19,2.87,2.87,3.19,-0.32,-10.03,220259.83,65493.475
600702.SH,20090227,7.34,7.48,7.01,7.12,7.34,-0.22,-3.0,33834.63,24451.939
600703.SH,20090227,16.65,17.49,16.24,16.24,18.04,-1.8,-9.98,64860.86,107840.546
600704.SH,20090227,10.3,10.39,9.65,10.0,10.42,-0.42,-4.03,185843.39,186064.949
600706.SH,20090227,5.32,5.5,5.29,5.29,5.57,-0.28,-5.03,14641.52,7762.8
600707.SH,20090227,3.78,3.8,3.5,3.58,3.85,-0.27,-7.01,74588.01,27202.11
600708.SH,20090227,5.95,6.04,5.58,5.7,5.94,-0.24,-4.04,106554.9,61626.74
600710.SH,20090227,4.28,4.28,4.0,4.01,4.35,-0.34,-7.82,103192.5,42539.858
600711.SH,20090227,8.36,8.58,8.36,8.36,8.8,-0.44,-5.0,4883.4,4086.532
600712.SH,20090227,5.99,6.1,5.59,5.59,6.21,-0.62,-9.98,59153.03,34015.687
600713.SH,20090227,7.13,7.13,6.46,6.93,7.17,-0.24,-3.35,90077.89,61216.681
600714.SH,20090227,4.88,5.07,4.82,4.82,5.07,-0.25,-4.93,21774.94,10586.718
600715.SH,20090227,2.73,2.76,2.65,2.65,2.79,-0.14,-5.02,51734.0,13783.964
600716.SH,20090227,5.16,5.5,5.16,5.47,5.24,0.23,4.39,62327.2,33436.959
600717.SH,20090227,10.36,10.59,10.18,10.44,10.59,-0.15,-1.42,86002.91,88768.394
600719.SH,20090227,5.39,5.5,5.12,5.12,5.69,-0.57,-10.02,108887.93,56641.493
600720.SH,20090227,10.01,10.54,9.9,10.24,10.4,-0.16,-1.54,152565.72,156526.261
600721.SH,20090227,5.15,5.15,5.12,5.12,5.39,-0.27,-5.01,1882.0,963.587
600722.SH,20090227,2.99,3.1,2.98,3.02,3.14,-0.12,-3.82,48373.77,14469.162
600723.SH,20090227,5.74,5.74,5.18,5.26,5.75,-0.49,-8.52,155028.28,82980.354
600725.SH,20090227,16.5,16.85,15.18,15.18,16.87,-1.69,-10.02,126084.25,196223.358
600726.SH,20090227,3.11,3.13,2.95,2.96,3.14,-0.18,-5.73,103677.52,31256.092
600727.SH,20090227,5.34,5.42,4.88,4.95,5.37,-0.42,-7.82,83253.59,42335.44
600728.SH,20090227,6.81,6.81,6.73,6.73,7.08,-0.35,-4.94,5764.0,3881.691
600729.SH,20090227,17.82,18.34,17.61,17.8,17.77,0.03,0.17,28715.57,51844.719
600730.SH,20090227,4.43,4.5,4.15,4.15,4.61,-0.46,-9.98,87096.52,36928.007
600731.SH,20090227,4.5,4.5,4.1,4.26,4.55,-0.29,-6.37,74405.85,31306.491
600732.SH,20090227,6.43,6.57,6.05,6.12,6.57,-0.45,-6.85,40653.89,25439.174
600733.SH,20090227,13.15,13.57,13.14,13.14,13.83,-0.69,-4.99,23059.93,30444.545
600734.SH,20090227,3.46,3.49,3.44,3.44,3.62,-0.18,-4.97,18560.0,6385.416
600735.SH,20090227,5.62,5.75,4.97,4.97,5.52,-0.55,-9.96,153500.97,80013.974
600736.SH,20090227,3.94,3.99,3.6,3.63,3.99,-0.36,-9.02,145891.96,54702.358
600737.SH,20090227,12.99,13.33,11.89,11.91,13.21,-1.3,-9.84,187196.67,233562.757
600738.SH,20090227,4.93,4.94,4.5,4.7,4.92,-0.22,-4.47,105133.46,49214.996
600739.SH,20090227,17.45,18.22,17.05,17.26,17.86,-0.6,-3.36,166814.49,293982.869
600740.SH,20090227,5.84,5.98,5.38,5.45,5.93,-0.48,-8.09,247497.6,138279.791
600741.SH,20090227,5.55,5.69,5.25,5.28,5.76,-0.48,-8.33,299673.04,162189.298
600742.SH,20090227,11.43,11.55,10.55,11.19,11.61,-0.42,-3.62,98138.56,108687.616
600743.SH,20090227,8.3,8.3,8.2,8.2,8.63,-0.43,-4.98,15150.0,12435.267
600744.SH,20090227,3.68,3.72,3.36,3.4,3.73,-0.33,-8.85,81557.47,28617.861
600745.SH,20090227,4.89,5.13,4.89,4.89,5.15,-0.26,-5.05,10269.0,5025.254
600746.SH,20090227,4.74,4.75,4.33,4.33,4.81,-0.48,-9.98,73525.05,32462.597
600747.SH,20090227,3.41,3.48,3.17,3.27,3.47,-0.2,-5.76,165844.38,54958.667
600748.SH,20090227,8.88,8.88,8.17,8.31,9.08,-0.77,-8.48,162452.81,136854.092
600749.SH,20090227,5.21,5.3,4.85,4.85,5.39,-0.54,-10.02,89922.33,44972.843
600750.SH,20090227,11.8,11.98,11.28,11.41,12.1,-0.69,-5.7,34185.34,39291.035
600753.SH,20090227,4.11,4.2,3.76,3.78,4.18,-0.4,-9.57,52981.91,20461.383
600754.SH,20090227,11.43,11.43,10.58,10.68,11.43,-0.75,-6.56,50932.85,55928.978
600755.SH,20090227,12.02,12.1,11.22,11.55,12.32,-0.77,-6.25,156760.62,182981.668
600756.SH,20090227,5.7,5.75,5.23,5.3,5.79,-0.49,-8.46,59945.23,32399.927
600757.SH,20090227,2.95,2.95,2.83,2.83,2.98,-0.15,-5.03,87738.41,25056.769
600758.SH,20090227,7.05,7.39,6.82,6.82,7.58,-0.76,-10.03,43140.5,29876.837
600759.SH,20090227,3.74,3.85,3.49,3.57,3.85,-0.28,-7.27,56063.02,20434.633
600761.SH,20090227,10.0,10.04,9.48,9.62,10.28,-0.66,-6.42,121202.61,118034.491
600763.SH,20090227,7.01,7.05,6.46,6.46,7.18,-0.72,-10.03,78911.83,52312.264
600764.SH,20090227,4.51,4.58,4.15,4.15,4.61,-0.46,-9.98,47850.64,20365.074
600765.SH,20090227,16.1,16.2,14.8,14.8,16.44,-1.64,-9.98,61919.38,92996.789
600766.SH,20090227,3.91,4.2,3.81,4.13,4.07,0.06,1.47,93554.72,38160.229
600767.SH,20090227,3.47,3.47,3.15,3.23,3.46,-0.23,-6.65,40292.78,13297.203
600768.SH,20090227,4.2,4.25,3.96,3.98,4.4,-0.42,-9.55,27246.01,11135.7
600769.SH,20090227,3.14,3.15,2.9,2.96,3.18,-0.22,-6.92,50876.16,15404.632
600770.SH,20090227,9.95,10.1,9.16,9.25,10.18,-0.93,-9.14,133310.25,126418.674
600771.SH,20090227,4.61,4.62,4.48,4.48,4.72,-0.24,-5.08,73631.33,33161.382
600773.SH,20090227,4.02,4.02,3.9,3.9,4.11,-0.21,-5.11,36386.55,14234.553
600774.SH,20090227,4.43,4.59,4.23,4.39,4.43,-0.04,-0.9,66822.11,29148.671
600775.SH,20090227,4.85,4.91,4.43,4.46,4.92,-0.46,-9.35,35405.93,16234.28
600776.SH,20090227,4.3,4.36,3.99,4.03,4.4,-0.37,-8.41,98319.0,40333.686
600777.SH,20090227,3.58,3.58,3.26,3.26,3.62,-0.36,-9.94,183213.96,61328.922
600778.SH,20090227,4.48,4.5,4.03,4.18,4.48,-0.3,-6.7,91003.75,38817.938
600779.SH,20090227,12.67,12.88,12.06,12.17,12.82,-0.65,-5.07,107531.11,133089.711
600780.SH,20090227,4.27,4.34,4.13,4.2,4.3,-0.1,-2.33,82355.04,34724.134
600781.SH,20090227,6.3,6.45,5.89,5.9,6.54,-0.64,-9.79,54975.34,33330.942
600782.SH,20090227,5.36,5.45,5.13,5.33,5.46,-0.13,-2.38,104749.12,55348.171
600783.SH,20090227,14.8,15.43,14.15,14.88,14.59,0.29,1.99,134059.22,200339.251
600784.SH,20090227,5.01,5.07,4.61,4.62,5.12,-0.5,-9.77,64428.87,30964.541
600785.SH,20090227,13.75,13.92,12.78,13.0,13.73,-0.73,-5.32,28870.76,37992.105
600787.SH,20090227,7.0,7.12,6.64,6.64,7.38,-0.74,-10.03,213786.73,145590.469
600789.SH,20090227,4.28,4.28,3.97,3.99,4.35,-0.36,-8.28,118348.51,48277.92
600790.SH,20090227,4.59,4.66,4.27,4.42,4.66,-0.24,-5.15,117526.55,52119.395
600791.SH,20090227,5.01,5.01,4.62,4.69,5.07,-0.38,-7.5,101284.51,48569.639
600792.SH,20090227,8.99,8.99,8.99,8.99,9.46,-0.47,-4.97,3759.0,3379.341
600793.SH,20090227,4.76,4.84,4.72,4.72,4.97,-0.25,-5.03,6180.0,2921.919
600794.SH,20090227,5.7,5.71,5.33,5.33,5.92,-0.59,-9.97,55835.24,30330.285
600795.SH,20090227,6.02,6.16,5.78,5.88,6.05,-0.17,-2.81,407993.5,244130.441
600796.SH,20090227,3.98,3.98,3.61,3.62,4.0,-0.38,-9.5,78770.77,29342.475
600797.SH,20090227,4.2,4.32,3.91,4.04,4.34,-0.3,-6.91,248829.12,101010.106
600798.SH,20090227,6.38,6.38,5.94,6.06,6.42,-0.36,-5.61,119873.5,73390.851
600801.SH,20090227,21.7,21.8,20.12,20.92,21.97,-1.05,-4.78,21335.18,44893.036
600802.SH,20090227,5.5,5.75,5.27,5.28,5.61,-0.33,-5.88,164589.42,90547.164
600803.SH,20090227,7.42,7.42,6.85,6.85,7.61,-0.76,-9.99,103272.49,72079.169
600804.SH,20090227,11.29,11.56,10.84,11.02,11.45,-0.43,-3.76,62954.28,70398.124
600805.SH,20090227,4.24,4.34,3.86,3.86,4.29,-0.43,-10.02,155257.72,61859.745
600806.SH,20090227,10.21,10.6,9.8,10.24,10.78,-0.54,-5.01,31246.22,31691.047
600807.SH,20090227,4.83,5.34,4.55,5.34,4.85,0.49,10.1,160974.96,80999.143
600808.SH,20090227,3.69,3.74,3.54,3.6,3.76,-0.16,-4.26,751477.6,271683.695
600809.SH,20090227,15.2,16.0,15.01,15.43,15.5,-0.07,-0.45,41085.89,64070.776
600810.SH,20090227,5.35,5.35,4.82,4.88,5.36,-0.48,-8.96,116365.95,59044.548
600811.SH,20090227,6.4,6.5,5.95,6.11,6.61,-0.5,-7.56,453058.11,278240.258
600812.SH,20090227,8.23,8.63,7.76,8.49,8.36,0.13,1.56,350190.79,286059.766
600814.SH,20090227,5.7,5.78,5.4,5.48,5.81,-0.33,-5.68,76151.89,42312.448
600815.SH,20090227,6.75,6.85,6.39,6.41,7.1,-0.69,-9.72,163429.5,107011.256
600816.SH,20090227,15.02,15.12,14.39,14.5,14.82,-0.32,-2.16,62849.96,92499.46
600817.SH,20090227,2.59,2.65,2.58,2.58,2.72,-0.14,-5.15,23553.13,6089.527
600818.SH,20090227,15.02,15.05,13.77,14.12,15.3,-1.18,-7.71,34107.88,48637.474
600819.SH,20090227,5.9,5.9,5.36,5.53,5.9,-0.37,-6.27,25252.13,14084.35
600820.SH,20090227,10.6,10.65,10.14,10.39,10.7,-0.31,-2.9,102473.75,106416.308
600821.SH,20090227,3.62,3.72,3.44,3.44,3.82,-0.38,-9.95,117584.97,41329.952
600822.SH,20090227,8.62,8.84,7.77,8.0,8.58,-0.58,-6.76,56468.02,47177.08
600823.SH,20090227,8.16,8.34,7.58,7.86,8.12,-0.26,-3.2,27481.61,21630.446
600824.SH,20090227,5.75,5.8,5.3,5.43,5.62,-0.19,-3.38,116523.79,64757.345
600825.SH,20090227,14.12,14.38,13.37,13.38,14.12,-0.74,-5.24,19585.61,26799.798
600826.SH,20090227,11.11,12.14,10.5,11.6,11.56,0.04,0.35,117710.7,134744.933
600827.SH,20090227,10.71,10.89,10.37,10.54,10.92,-0.38,-3.48,56648.94,59657.845
600828.SH,20090227,13.98,14.59,13.65,14.5,14.18,0.32,2.26,17624.39,24827.894
600829.SH,20090227,16.05,16.28,14.71,15.18,16.34,-1.16,-7.1,24781.89,37617.391
600830.SH,20090227,5.6,6.1,5.29,5.31,5.75,-0.44,-7.65,135227.93,74443.32
600831.SH,20090227,8.42,8.42,7.78,8.11,8.45,-0.34,-4.02,84059.97,67667.11
600832.SH,20090227,8.3,8.3,7.89,8.05,8.35,-0.3,-3.59,275267.94,221507.694
600833.SH,20090227,6.41,6.49,5.95,6.0,6.49,-0.49,-7.55,30550.12,18712.691
600834.SH,20090227,7.11,7.2,6.83,6.87,7.14,-0.27,-3.78,30418.36,21295.193
600835.SH,20090227,10.08,10.31,9.66,9.99,10.08,-0.09,-0.89,107261.7,107024.19
600836.SH,20090227,11.6,11.94,10.81,11.16,11.74,-0.58,-4.94,169046.9,190881.976
600837.SH,20090227,11.05,11.43,10.79,11.24,11.13,0.11,0.99,2023586.59,2259533.922
600838.SH,20090227,4.55,4.6,4.18,4.28,4.6,-0.32,-6.96,89679.47,38734.223
600839.SH,20090227,4.09,4.15,3.8,3.93,4.13,-0.2,-4.84,333545.17,132022.239
600840.SH,20090227,9.2,9.2,8.44,8.45,9.38,-0.93,-9.91,91934.83,80567.455
600841.SH,20090227,11.06,11.31,10.27,10.55,11.3,-0.75,-6.64,16852.56,17825.255
600842.SH,20090227,9.52,9.69,8.73,8.94,9.52,-0.58,-6.09,29039.42,26327.583
600843.SH,20090227,5.74,5.74,5.17,5.2,5.74,-0.54,-9.41,30959.43,16692.381
600844.SH,20090227,14.88,15.96,14.72,15.88,15.22,0.66,4.34,53458.5,83333.474
600845.SH,20090227,16.35,16.93,15.52,15.73,16.75,-1.02,-6.09,5348.32,8577.613
600846.SH,20090227,7.07,7.17,6.42,6.45,7.12,-0.67,-9.41,155251.63,103477.087
600847.SH,20090227,6.34,6.59,6.34,6.34,6.67,-0.33,-4.95,6221.0,3949.533
600848.SH,20090227,6.97,6.97,6.27,6.48,6.97,-0.49,-7.03,45655.8,29788.571
600850.SH,20090227,5.26,5.29,4.86,4.96,5.4,-0.44,-8.15,48293.81,24255.363
600851.SH,20090227,3.66,3.66,3.37,3.4,3.74,-0.34,-9.09,243117.76,84384.191
600853.SH,20090227,3.76,3.79,3.44,3.52,3.81,-0.29,-7.61,100067.48,35705.527
600855.SH,20090227,5.5,5.7,5.34,5.34,5.93,-0.59,-9.95,103376.02,55970.711
600856.SH,20090227,3.75,3.77,3.46,3.53,3.77,-0.24,-6.37,104555.81,37625.161
600857.SH,20090227,5.55,5.86,5.13,5.29,5.7,-0.41,-7.19,107733.22,60082.505
600858.SH,20090227,15.19,15.78,14.68,15.0,15.53,-0.53,-3.41,11965.97,18346.879
600859.SH,20090227,19.0,20.0,18.7,19.05,19.43,-0.38,-1.96,20183.76,38881.497
600860.SH,20090227,3.75,3.77,3.5,3.55,3.84,-0.29,-7.55,23907.4,8697.385
600861.SH,20090227,7.1,7.18,6.74,6.78,7.16,-0.38,-5.31,64359.85,44362.606
600862.SH,20090227,6.44,6.46,5.83,5.97,6.48,-0.51,-7.87,103818.29,62746.309
600863.SH,20090227,3.9,4.08,3.64,3.74,4.0,-0.26,-6.5,267358.96,103508.508
600864.SH,20090227,7.45,7.45,6.74,6.76,7.49,-0.73,-9.75,111068.33,77467.823
600865.SH,20090227,5.13,5.2,4.74,4.85,5.27,-0.42,-7.97,55214.86,27054.364
600866.SH,20090227,4.6,4.63,4.24,4.24,4.71,-0.47,-9.98,121004.46,53004.585
600867.SH,20090227,14.8,14.98,14.4,14.95,14.83,0.12,0.81,68720.76,100883.361
600868.SH,20090227,2.83,2.87,2.83,2.83,2.98,-0.15,-5.03,353150.55,100090.373
600869.SH,20090227,13.1,13.3,12.38,12.38,13.76,-1.38,-10.03,37542.79,46943.29
600870.SH,20090227,2.16,2.25,2.16,2.16,2.27,-0.11,-4.85,27883.0,6022.737
600871.SH,20090227,3.75,3.78,3.61,3.61,3.8,-0.19,-5.0,43764.28,15942.333
600872.SH,20090227,6.6,6.79,6.36,6.36,7.07,-0.71,-10.04,792936.36,510853.429
600873.SH,20090227,5.9,5.98,5.45,5.47,6.06,-0.59,-9.74,48445.94,27369.263
600874.SH,20090227,5.88,6.08,5.48,5.65,5.98,-0.33,-5.52,137031.96,79239.873
600875.SH,20090227,31.12,32.94,30.89,31.34,32.27,-0.93,-2.88,57211.18,180664.465
600876.SH,20090227,3.22,3.23,3.21,3.21,3.38,-0.17,-5.03,4843.0,1555.806
600877.SH,20090227,3.66,3.75,3.35,3.58,3.66,-0.08,-2.19,145793.28,50998.731
600879.SH,20090227,11.45,11.48,10.52,10.52,11.69,-1.17,-10.01,216898.25,232514.588
600880.SH,20090227,13.54,13.99,13.1,13.28,13.68,-0.4,-2.92,48173.9,64704.732
600881.SH,20090227,9.83,9.94,9.27,9.56,9.99,-0.43,-4.3,378492.54,363282.98
600882.SH,20090227,4.67,4.7,4.44,4.44,4.93,-0.49,-9.94,76654.58,34450.58
600883.SH,20090227,5.6,5.63,5.27,5.27,5.85,-0.58,-9.91,96212.76,51782.015
600884.SH,20090227,10.46,11.03,10.08,10.58,10.94,-0.36,-3.29,266089.64,279831.888
600885.SH,20090227,7.95,8.0,7.28,7.28,8.09,-0.81,-10.01,78054.27,58520.671
600887.SH,20090227,11.3,11.69,10.86,11.38,11.47,-0.09,-0.78,256655.57,290380.945
600888.SH,20090227,10.0,10.1,9.14,9.18,10.15,-0.97,-9.56,58769.03,55290.291
600889.SH,20090227,4.39,4.4,4.01,4.01,4.46,-0.45,-10.09,87644.91,35830.791
600890.SH,20090227,2.9,2.93,2.76,2.76,2.91,-0.15,-5.15,47390.59,13226.771
600891.SH,20090227,4.08,4.08,3.93,3.93,4.14,-0.21,-5.07,49209.58,19431.168
600892.SH,20090227,6.8,14.0,6.8,8.54,5.45,3.09,56.7,96311.56,85449.98
600893.SH,20090227,14.3,14.39,13.47,13.47,14.97,-1.5,-10.02,95231.26,129924.044
600894.SH,20090227,4.2,4.2,3.9,3.95,4.24,-0.29,-6.84,78493.72,31444.75
600895.SH,20090227,11.4,11.57,10.86,11.26,11.59,-0.33,-2.85,202787.73,227480.889
600896.SH,20090227,6.47,6.55,5.99,6.06,6.59,-0.53,-8.04,160601.36,99295.261
600897.SH,20090227,14.9,15.14,14.31,14.84,15.17,-0.33,-2.18,42630.99,62454.749
600898.SH,20090227,6.29,6.4,5.81,5.84,6.46,-0.62,-9.6,119402.58,71979.496
600960.SH,20090227,5.72,5.72,5.17,5.17,5.74,-0.57,-9.93,52075.22,27378.476
600961.SH,20090227,7.5,7.5,7.0,7.0,7.78,-0.78,-10.03,109792.17,78375.611
600962.SH,20090227,10.36,10.55,9.54,9.54,10.6,-1.06,-10.0,73099.33,71883.726
600963.SH,20090227,6.77,6.85,6.26,6.3,6.86,-0.56,-8.16,197129.46,126869.25
600965.SH,20090227,5.89,6.0,5.39,5.39,5.99,-0.6,-10.02,88871.36,49309.398
600966.SH,20090227,6.48,6.5,6.01,6.14,6.58,-0.44,-6.69,155518.07,96246.487
600967.SH,20090227,9.3,9.3,8.44,8.44,9.38,-0.94,-10.02,68209.06,59517.408
600969.SH,20090227,5.96,6.04,5.55,5.91,5.96,-0.05,-0.84,72111.2,41703.635
600970.SH,20090227,40.76,41.6,39.3,40.0,41.97,-1.97,-4.69,15163.05,60945.162
600971.SH,20090227,15.25,15.52,14.41,14.76,15.54,-0.78,-5.02,29687.47,44285.603
600973.SH,20090227,13.65,14.1,13.12,13.3,14.02,-0.72,-5.14,78276.13,106322.91
600975.SH,20090227,7.25,7.56,6.82,6.9,7.58,-0.68,-8.97,79826.67,56181.218
600976.SH,20090227,6.3,6.36,5.91,6.05,6.39,-0.34,-5.32,54130.38,33227.806
600978.SH,20090227,3.7,3.81,3.48,3.54,3.85,-0.31,-8.05,258706.51,93848.482
600979.SH,20090227,4.87,4.88,4.48,4.56,4.87,-0.31,-6.37,40899.24,19097.597
600980.SH,20090227,7.31,7.46,6.67,6.8,7.29,-0.49,-6.72,29041.24,20097.503
600981.SH,20090227,4.55,4.55,4.18,4.33,4.59,-0.26,-5.66,82078.35,35556.654
600982.SH,20090227,5.0,5.07,4.61,4.63,5.02,-0.39,-7.77,30843.27,14652.575
600983.SH,20090227,10.35,10.35,9.4,9.79,10.38,-0.59,-5.68,64083.92,63008.703
600984.SH,20090227,4.43,4.45,4.35,4.35,4.58,-0.23,-5.02,3153.0,1375.813
600985.SH,20090227,11.1,11.85,10.73,11.13,11.59,-0.46,-3.97,43415.87,48494.235
600986.SH,20090227,9.7,10.23,9.66,9.83,10.04,-0.21,-2.09,28633.1,28287.801
600987.SH,20090227,4.15,4.24,3.84,3.86,4.27,-0.41,-9.6,83555.72,33267.889
600988.SH,20090227,4.63,4.65,4.45,4.45,4.68,-0.23,-4.91,8667.98,3873.339
600990.SH,20090227,13.9,14.33,12.88,13.79,14.1,-0.31,-2.2,15856.42,21505.916
600991.SH,20090227,7.7,7.7,7.7,7.7,8.56,-0.86,-10.05,13094.0,10082.38
600992.SH,20090227,6.02,6.08,5.43,5.56,5.98,-0.42,-7.02,40485.0,22995.777
600993.SH,20090227,24.94,25.3,23.0,23.51,24.94,-1.43,-5.73,10268.5,24818.89
600995.SH,20090227,7.43,7.56,7.16,7.29,7.51,-0.22,-2.93,63250.1,46611.233
600997.SH,20090227,15.6,15.9,14.45,14.66,16.06,-1.4,-8.72,163186.49,243884.356
601001.SH,20090227,13.91,14.2,13.48,13.59,13.95,-0.36,-2.58,102265.07,140970.88
601002.SH,20090227,5.73,5.78,5.27,5.39,5.73,-0.34,-5.93,79851.86,43356.03
601003.SH,20090227,4.55,4.55,4.2,4.23,4.61,-0.38,-8.24,138847.47,59490.83
601005.SH,20090227,4.27,4.3,4.0,4.08,4.29,-0.21,-4.9,106398.36,43662.97
601006.SH,20090227,8.46,8.57,8.13,8.25,8.52,-0.27,-3.17,757446.73,631656.306
601007.SH,20090227,5.3,5.45,5.17,5.25,5.35,-0.1,-1.87,36839.28,19437.043
601008.SH,20090227,5.16,5.25,4.9,4.93,5.21,-0.28,-5.37,43744.55,22018.744
601009.SH,20090227,11.35,12.03,11.33,11.8,11.46,0.34,2.97,439426.89,516020.406
601088.SH,20090227,19.11,19.3,18.52,18.84,19.21,-0.37,-1.93,328463.39,618918.616
601099.SH,20090227,12.91,13.34,12.81,13.18,13.17,0.01,0.08,110626.29,145073.485
601111.SH,20090227,4.74,4.78,4.4,4.44,4.85,-0.41,-8.45,470810.64,212665.77
601166.SH,20090227,18.3,19.1,18.1,18.47,18.28,0.19,1.04,506389.4,941895.59
601168.SH,20090227,8.6,8.61,7.96,8.06,8.7,-0.64,-7.36,759789.68,622669.506
601169.SH,20090227,10.2,10.8,10.13,10.32,10.3,0.02,0.19,444424.12,463876.971
601186.SH,20090227,9.59,9.78,9.51,9.68,9.66,0.02,0.21,498222.19,480163.31
601318.SH,20090227,31.9,33.27,31.32,31.95,32.21,-0.26,-0.81,431959.28,1398962.705
601328.SH,20090227,5.33,5.56,5.31,5.38,5.38,0.0,0.0,727610.18,396420.297
601333.SH,20090227,3.94,3.97,3.83,3.89,3.98,-0.09,-2.26,490722.99,190983.763
601390.SH,20090227,5.36,5.46,5.28,5.39,5.39,0.0,0.0,959076.8,514178.588
601398.SH,20090227,3.65,3.78,3.65,3.73,3.67,0.06,1.63,2642110.77,983189.777
601588.SH,20090227,3.78,3.79,3.49,3.55,3.81,-0.26,-6.82,296993.92,106670.158
601600.SH,20090227,9.5,9.83,9.05,9.06,10.06,-1.0,-9.94,578994.57,535215.754
601601.SH,20090227,13.35,14.0,13.28,13.58,13.4,0.18,1.34,414916.0,567788.269
601607.SH,20090227,8.47,8.59,7.85,8.05,8.64,-0.59,-6.83,69541.23,56518.028
601628.SH,20090227,20.05,20.85,20.05,20.48,20.33,0.15,0.74,256694.4,527007.723
601666.SH,20090227,16.38,16.49,15.3,15.54,16.37,-0.83,-5.07,135282.1,213897.526
601699.SH,20090227,16.22,16.3,14.91,14.92,16.57,-1.65,-9.96,288338.97,443892.849
601727.SH,20090227,7.07,7.13,6.64,6.75,7.14,-0.39,-5.46,449693.83,308730.162
601766.SH,20090227,4.4,4.52,4.35,4.43,4.45,-0.02,-0.45,1229610.58,542743.269
601808.SH,20090227,13.05,13.52,12.9,12.98,13.07,-0.09,-0.69,145241.77,191758.981
601857.SH,20090227,10.77,10.9,10.55,10.79,10.79,0.0,0.0,525259.92,564556.022
601866.SH,20090227,3.28,3.3,3.12,3.17,3.34,-0.17,-5.09,497154.11,158264.42
601872.SH,20090227,4.81,4.85,4.55,4.58,4.81,-0.23,-4.78,213709.99,99556.695
601898.SH,20090227,7.7,7.82,7.28,7.39,7.76,-0.37,-4.77,477418.06,360130.719
601899.SH,20090227,8.11,8.6,7.75,8.2,8.61,-0.41,-4.76,1835556.09,1470740.193
601918.SH,20090227,8.31,8.31,7.83,8.31,7.55,0.76,10.07,488343.98,404987.553
601919.SH,20090227,10.0,10.09,9.35,9.49,10.16,-0.67,-6.59,760078.42,733029.267
601939.SH,20090227,4.02,4.14,4.02,4.07,4.06,0.01,0.25,1577809.62,644918.094
601958.SH,20090227,12.4,12.4,11.4,11.6,12.47,-0.87,-6.98,309780.55,366806.499
601988.SH,20090227,3.16,3.28,3.12,3.22,3.17,0.05,1.58,1370887.51,441877.129
601991.SH,20090227,6.78,6.91,6.5,6.51,6.92,-0.41,-5.92,86177.97,57368.954
601998.SH,20090227,4.35,4.49,4.3,4.31,4.39,-0.08,-1.82,394094.12,172947.287
601999.SH,20090227,8.14,8.25,7.51,7.51,8.34,-0.83,-9.95,99178.78,76907.615
