ts_code,trade_date,open,high,low,close,pre_close,change,pct_change,vol,amount
000001.SZ,20000322,18.26,18.65,18.15,18.48,18.26,0.22,1.2,73829.0,135505.2205
000002.SZ,20000322,12.88,12.98,12.55,12.68,12.89,-0.21,-1.63,69590.0,88380.2702
000003.SZ,20000322,7.1,7.36,6.9,7.0,7.11,-0.11,-1.55,97811.0,69118.1401
000004.SZ,20000322,13.32,13.88,13.2,13.54,13.32,0.22,1.65,6349.0,8646.2775
000005.SZ,20000322,8.02,8.13,7.87,7.92,8.01,-0.09,-1.12,28436.0,22642.0434
000006.SZ,20000322,10.91,11.0,10.64,10.73,10.91,-0.18,-1.65,11885.0,12835.125
000007.SZ,20000322,12.01,12.35,11.7,11.92,12.13,-0.21,-1.73,41001.0,48993.4127
000008.SZ,20000322,74.5,74.6,72.0,74.13,74.48,-0.35,-0.47,1672.0,12175.3926
000009.SZ,20000322,4.62,4.82,4.6,4.73,4.59,0.14,3.05,168526.0,79662.8866
000010.SZ,20000322,8.85,8.98,8.63,8.69,8.84,-0.15,-1.7,13367.0,11726.386
000011.SZ,20000322,7.8,8.22,7.8,7.92,7.89,0.03,0.38,26518.0,21114.0299
000012.SZ,20000322,14.54,14.6,13.71,14.0,14.79,-0.79,-5.34,75297.0,106518.4347
000013.SZ,20000322,10.9,11.33,10.77,11.3,10.75,0.55,5.12,23197.0,25741.1894
000014.SZ,20000322,8.1,8.21,7.8,7.93,8.04,-0.11,-1.37,10270.0,8216.8417
000015.SZ,20000322,5.53,5.81,5.48,5.81,5.53,0.28,5.06,23979.0,13654.5264
000016.SZ,20000322,17.7,17.92,17.45,17.5,17.7,-0.2,-1.13,17002.0,29858.9544
000017.SZ,20000322,6.99,6.99,6.99,6.99,6.66,0.33,4.96,8053.0,5628.7534
000018.SZ,20000322,14.3,14.33,14.0,14.11,14.2,-0.09,-0.63,4874.0,6873.2056
000019.SZ,20000322,16.62,16.78,16.21,16.41,16.62,-0.21,-1.26,4423.0,7325.6468
000020.SZ,20000322,8.45,8.89,8.45,8.65,8.47,0.18,2.13,22339.0,19504.3504
000021.SZ,20000322,26.68,28.2,26.68,27.22,26.66,0.56,2.1,21374.0,58754.8294
000022.SZ,20000322,9.15,9.65,9.15,9.33,9.14,0.19,2.08,27807.0,26146.0381
000023.SZ,20000322,16.0,16.98,15.81,16.21,16.06,0.15,0.93,14853.0,24438.7026
000024.SZ,20000322,11.99,12.49,11.71,12.14,11.95,0.19,1.59,41947.0,50919.8719
000025.SZ,20000322,11.4,13.5,11.4,12.87,12.32,0.55,4.46,82434.0,105951.1964
000026.SZ,20000322,9.6,10.0,9.55,9.79,9.56,0.23,2.41,17890.0,17573.62
000027.SZ,20000322,9.3,9.4,9.1,9.16,9.27,-0.11,-1.19,30160.0,27601.8042
000028.SZ,20000322,20.09,21.0,19.65,20.5,20.5,0.0,0.0,17523.0,35755.6818
000029.SZ,20000322,8.55,9.56,8.53,9.41,8.69,0.72,8.29,187370.0,174486.5925
000030.SZ,20000322,7.66,8.04,7.6,7.78,7.66,0.12,1.57,12646.0,9958.231
000031.SZ,20000322,6.77,7.05,6.65,6.71,6.75,-0.04,-0.59,54419.0,36890.7474
000032.SZ,20000322,21.7,22.3,21.5,21.83,21.3,0.53,2.49,3774.0,8240.7857
000033.SZ,20000322,9.31,10.06,9.18,10.0,9.31,0.69,7.41,35428.0,34672.4188
000034.SZ,20000322,17.26,17.29,16.3,16.85,16.47,0.38,2.31,49874.0,84719.4203
000035.SZ,20000322,30.9,32.0,30.5,31.19,30.54,0.65,2.13,14472.0,45075.8143
000036.SZ,20000322,11.53,12.16,11.48,11.73,11.51,0.22,1.91,59686.0,70823.8184
000037.SZ,20000322,12.81,13.15,12.55,12.8,12.77,0.03,0.23,14515.0,18589.2538
000038.SZ,20000322,13.58,14.45,13.4,14.08,13.48,0.6,4.45,18302.0,25537.3868
000039.SZ,20000322,18.0,18.18,17.8,17.93,17.99,-0.06,-0.33,3069.0,5494.8742
000040.SZ,20000322,12.5,12.8,12.15,12.27,12.41,-0.14,-1.13,60446.0,75069.4672
000042.SZ,20000322,16.28,16.8,15.61,15.79,16.02,-0.23,-1.44,52195.0,84335.9438
000043.SZ,20000322,11.55,12.35,11.33,12.31,11.53,0.78,6.77,21689.0,25861.6391
000045.SZ,20000322,12.95,13.0,12.65,12.83,12.84,-0.01,-0.08,5470.0,7011.491
000046.SZ,20000322,11.8,11.82,11.46,11.53,11.69,-0.16,-1.37,12963.0,14996.0435
000047.SZ,20000322,10.1,10.75,10.04,10.29,10.05,0.24,2.39,19444.0,20040.5489
000048.SZ,20000322,69.88,70.25,63.6,69.28,69.97,-0.69,-0.99,9109.0,62139.4386
000049.SZ,20000322,11.74,12.3,11.57,11.85,11.75,0.1,0.85,29216.0,34671.5723
000050.SZ,20000322,17.85,18.1,17.68,17.95,17.8,0.15,0.84,2907.0,5220.7125
000055.SZ,20000322,16.54,17.2,15.9,16.87,16.54,0.33,2.0,6163.0,10381.0778
000056.SZ,20000322,10.76,11.1,10.62,10.94,10.82,0.12,1.11,11148.0,12100.8451
000058.SZ,20000322,29.08,30.5,28.92,29.39,29.06,0.33,1.14,22641.0,67146.9106
000059.SZ,20000322,6.25,6.25,6.02,6.09,6.1,-0.01,-0.16,17474.0,10653.9942
000060.SZ,20000322,10.9,11.33,10.9,11.1,10.93,0.17,1.56,26315.0,29191.1566
000061.SZ,20000322,21.98,22.91,21.55,22.5,21.96,0.54,2.46,13599.0,30757.3741
000062.SZ,20000322,20.09,20.65,19.79,20.14,20.09,0.05,0.25,11927.0,24059.4719
000063.SZ,20000322,31.0,32.3,30.9,31.65,30.97,0.68,2.2,25631.0,81348.5754
000065.SZ,20000322,15.8,16.5,15.8,16.02,15.73,0.29,1.84,9863.0,15828.3376
000066.SZ,20000322,31.76,33.15,31.76,32.21,31.57,0.64,2.03,17964.0,58223.6299
000068.SZ,20000322,6.42,7.05,6.31,7.05,6.41,0.64,9.98,146309.0,96718.0285
000069.SZ,20000322,10.6,11.16,10.4,11.01,10.54,0.47,4.46,39271.0,42997.4839
000078.SZ,20000322,19.86,19.88,19.4,19.6,19.75,-0.15,-0.76,4880.0,9601.4299
000088.SZ,20000322,9.55,10.34,9.55,10.19,9.4,0.79,8.4,160790.0,163810.2892
000089.SZ,20000322,17.7,18.1,17.4,17.79,17.77,0.02,0.11,25512.0,45390.4136
000090.SZ,20000322,17.9,17.93,17.2,17.42,17.9,-0.48,-2.68,9899.0,17366.5298
000400.SZ,20000322,26.5,26.6,26.0,26.19,26.48,-0.29,-1.1,13310.0,34989.4335
000401.SZ,20000322,6.21,6.23,6.0,6.08,6.21,-0.13,-2.09,18975.0,11529.1543
000402.SZ,20000322,29.1,31.89,29.1,30.71,28.99,1.72,5.93,22723.0,70677.669
000403.SZ,20000322,18.15,18.3,17.8,18.09,18.11,-0.02,-0.11,16077.0,28997.1882
000404.SZ,20000322,9.71,9.9,9.5,9.52,9.71,-0.19,-1.96,25724.0,24796.9073
000405.SZ,20000322,8.4,8.59,8.1,8.2,8.4,-0.2,-2.38,58691.0,48691.9299
000406.SZ,20000322,10.3,10.5,10.2,10.37,10.31,0.06,0.58,12404.0,12870.9103
000407.SZ,20000322,14.55,14.9,13.6,14.79,14.55,0.24,1.65,120384.0,171113.2747
000408.SZ,20000322,12.85,12.97,12.2,12.6,12.83,-0.23,-1.79,14776.0,18478.5016
000409.SZ,20000322,14.5,15.25,14.1,14.56,14.6,-0.04,-0.27,28444.0,42046.1475
000410.SZ,20000322,7.1,7.35,7.05,7.13,7.08,0.05,0.71,42227.0,30248.6706
000411.SZ,20000322,9.21,9.3,8.9,8.91,9.19,-0.28,-3.05,9922.0,8968.5498
000412.SZ,20000322,6.99,7.25,6.88,7.1,6.99,0.11,1.57,29877.0,21090.2735
000413.SZ,20000322,9.68,10.03,9.51,10.02,9.64,0.38,3.94,4783.0,4697.7265
000415.SZ,20000322,14.81,15.0,14.6,14.84,14.81,0.03,0.2,14226.0,21087.2277
000416.SZ,20000322,10.86,10.88,10.23,10.46,10.66,-0.2,-1.88,18601.0,19398.48
000417.SZ,20000322,19.6,19.88,19.01,19.68,19.51,0.17,0.87,4014.0,7878.8428
000418.SZ,20000322,15.38,16.4,15.38,15.75,14.98,0.77,5.14,45287.0,71862.0837
000419.SZ,20000322,17.7,17.98,17.3,17.65,17.67,-0.02,-0.11,2970.0,5243.5366
000420.SZ,20000322,7.8,7.82,7.55,7.63,7.79,-0.16,-2.05,18039.0,13746.4692
000421.SZ,20000322,9.76,9.76,9.55,9.65,9.87,-0.22,-2.23,6872.0,6618.4026
000422.SZ,20000322,11.45,11.55,11.2,11.36,11.44,-0.08,-0.7,7115.0,8025.2296
000423.SZ,20000322,13.42,13.55,13.2,13.36,13.36,0.0,0.0,7007.0,9367.2339
000425.SZ,20000322,26.55,27.45,26.2,26.99,26.34,0.65,2.47,4535.0,12163.0857
000426.SZ,20000322,9.52,9.59,9.37,9.46,9.52,-0.06,-0.63,5603.0,5302.8242
000428.SZ,20000322,15.2,15.28,14.6,14.78,15.13,-0.35,-2.31,7754.0,11568.9517
000429.SZ,20000322,13.5,13.99,13.5,13.87,13.61,0.26,1.91,24992.0,34474.6748
000430.SZ,20000322,9.78,10.3,9.36,10.25,9.84,0.41,4.17,50146.0,48821.2491
000498.SZ,20000322,5.74,5.85,5.63,5.73,5.71,0.02,0.35,35526.0,20349.5679
000501.SZ,20000322,5.88,6.19,5.87,6.05,5.89,0.16,2.72,39042.0,23681.3483
000502.SZ,20000322,20.5,21.5,20.16,20.73,20.62,0.11,0.53,6330.0,13366.3442
000503.SZ,20000322,67.0,70.55,63.83,66.35,70.71,-4.36,-6.17,13976.0,93665.423
000504.SZ,20000322,7.93,8.4,7.71,8.21,7.95,0.26,3.27,48038.0,38894.8364
000505.SZ,20000322,9.8,10.0,9.52,9.84,9.8,0.04,0.41,22726.0,22045.0969
000506.SZ,20000322,8.42,8.74,8.35,8.38,8.32,0.06,0.72,60287.0,51394.1425
000507.SZ,20000322,6.8,7.02,6.75,6.95,6.78,0.17,2.51,61458.0,42190.8205
000509.SZ,20000322,18.4,19.0,18.4,18.7,18.4,0.3,1.63,9372.0,17501.3926
000510.SZ,20000322,6.35,6.53,6.3,6.52,6.35,0.17,2.68,30277.0,19479.653
000511.SZ,20000322,9.22,9.62,9.18,9.53,9.26,0.27,2.92,25119.0,23644.1024
000513.SZ,20000322,7.4,7.43,7.18,7.23,7.33,-0.1,-1.36,14869.0,10825.7092
000514.SZ,20000322,16.01,16.4,15.8,15.84,15.98,-0.14,-0.88,5655.0,9047.7449
000516.SZ,20000322,15.19,15.65,14.5,14.74,15.65,-0.91,-5.81,26173.0,39335.7552
000517.SZ,20000322,19.6,20.5,19.2,20.22,19.58,0.64,3.27,6014.0,12078.6812
000519.SZ,20000322,28.83,29.36,28.75,28.95,28.75,0.2,0.7,1416.0,4116.9396
000520.SZ,20000322,6.09,6.13,6.0,6.05,6.07,-0.02,-0.33,25424.0,15326.285
000521.SZ,20000322,8.24,8.5,8.14,8.43,8.24,0.19,2.31,32442.0,27070.3816
000522.SZ,20000322,6.15,6.2,6.01,6.09,6.15,-0.06,-0.98,35747.0,21762.3458
000523.SZ,20000322,7.72,8.25,7.52,7.94,7.75,0.19,2.45,62084.0,49210.1666
000524.SZ,20000322,6.82,6.93,6.68,6.82,6.82,0.0,0.0,26831.0,18211.3991
000525.SZ,20000322,23.5,23.65,22.3,22.97,23.3,-0.33,-1.42,12882.0,29485.2984
000526.SZ,20000322,14.85,14.85,14.85,14.85,13.5,1.35,10.0,10627.0,15780.7683
000527.SZ,20000322,14.93,15.85,14.8,15.42,14.91,0.51,3.42,210029.0,325304.2469
000528.SZ,20000322,5.8,5.88,5.55,5.62,5.77,-0.15,-2.6,29985.0,16998.834
000529.SZ,20000322,7.2,7.25,6.96,7.03,7.2,-0.17,-2.36,43664.0,30774.3743
000530.SZ,20000322,8.08,8.2,7.85,8.0,8.09,-0.09,-1.11,10599.0,8471.4248
000531.SZ,20000322,13.3,14.15,13.3,13.96,13.82,0.14,1.01,23112.0,31820.9942
000532.SZ,20000322,9.2,9.35,8.64,9.2,8.92,0.28,3.14,35151.0,31786.3959
000533.SZ,20000322,7.85,8.49,7.85,8.49,7.72,0.77,9.97,335054.0,283117.2819
000534.SZ,20000322,6.8,6.96,6.7,6.78,6.96,-0.18,-2.59,20539.0,14000.9575
000535.SZ,20000322,5.65,5.91,5.63,5.69,5.65,0.04,0.71,42971.0,24695.5375
000536.SZ,20000322,7.07,7.4,7.02,7.14,7.06,0.08,1.13,20554.0,14860.1706
000537.SZ,20000322,41.3,42.3,41.01,41.94,41.2,0.74,1.8,9722.0,40610.533
000538.SZ,20000322,14.12,14.45,13.81,14.27,14.14,0.13,0.92,26885.0,37807.757
000539.SZ,20000322,12.84,12.94,12.52,12.73,12.75,-0.02,-0.16,18301.0,23257.182
000540.SZ,20000322,26.0,29.55,26.0,28.04,26.86,1.18,4.39,33587.0,97470.3231
000541.SZ,20000322,13.58,13.99,13.1,13.26,13.28,-0.02,-0.15,22193.0,29795.5336
000542.SZ,20000322,13.1,13.8,12.86,12.89,13.1,-0.21,-1.6,48546.0,64080.7032
000543.SZ,20000322,6.16,6.16,6.05,6.14,6.18,-0.04,-0.65,13908.0,8488.728
000544.SZ,20000322,11.77,12.62,11.49,12.56,11.77,0.79,6.71,31755.0,38080.2147
000545.SZ,20000322,8.18,8.25,7.85,7.98,8.12,-0.14,-1.72,9487.0,7576.6188
000546.SZ,20000322,6.73,6.79,6.58,6.69,6.68,0.01,0.15,20069.0,13363.0792
000547.SZ,20000322,16.98,17.65,16.9,17.24,16.95,0.29,1.71,19397.0,33615.3677
000548.SZ,20000322,10.6,11.12,10.52,11.11,10.61,0.5,4.71,24457.0,26631.211
000549.SZ,20000322,28.28,28.3,27.85,27.91,27.99,-0.08,-0.29,3026.0,8494.4336
000550.SZ,20000322,4.88,4.95,4.8,4.82,4.83,-0.01,-0.21,10595.0,5149.6115
000551.SZ,20000322,14.3,14.77,14.05,14.65,14.29,0.36,2.52,39648.0,57415.0915
000552.SZ,20000322,11.96,12.42,11.7,12.38,11.96,0.42,3.51,21929.0,26724.9142
000553.SZ,20000322,12.65,12.85,12.4,12.61,12.63,-0.02,-0.16,32594.0,41183.3039
000554.SZ,20000322,5.08,5.18,5.03,5.12,5.06,0.06,1.19,28739.0,14606.1552
000555.SZ,20000322,12.0,12.1,11.7,12.0,11.9,0.1,0.84,4776.0,5683.394
000556.SZ,20000322,5.7,6.29,5.69,6.29,5.99,0.3,5.01,43324.0,26663.1347
000557.SZ,20000322,27.15,27.6,26.5,26.75,26.99,-0.24,-0.89,24536.0,66115.0635
000558.SZ,20000322,13.25,13.64,12.89,13.3,13.25,0.05,0.38,8574.0,11380.9818
000559.SZ,20000322,10.38,10.49,10.22,10.26,10.4,-0.14,-1.35,4633.0,4779.6225
000560.SZ,20000322,7.88,7.88,7.61,7.74,7.8,-0.06,-0.77,9475.0,7290.4618
000561.SZ,20000322,6.24,6.26,6.06,6.24,6.24,0.0,0.0,44147.0,27104.316
000562.SZ,20000322,15.5,16.2,15.5,16.1,15.54,0.56,3.6,43977.0,70112.7931
000563.SZ,20000322,11.55,11.98,11.22,11.9,11.49,0.41,3.57,79892.0,91947.7452
000564.SZ,20000322,8.99,9.1,8.77,9.1,8.94,0.16,1.79,32118.0,28487.7854
000565.SZ,20000322,11.0,11.6,11.0,11.33,11.0,0.33,3.0,20675.0,23562.3589
000566.SZ,20000322,6.85,6.97,6.62,6.72,6.79,-0.07,-1.03,23886.0,16247.617
000567.SZ,20000322,8.7,8.88,8.3,8.73,8.65,0.08,0.92,41756.0,35916.4413
000568.SZ,20000322,9.7,9.78,9.56,9.63,9.7,-0.07,-0.72,5844.0,5638.5136
000569.SZ,20000322,4.45,4.47,4.34,4.36,4.43,-0.07,-1.58,15554.0,6809.5276
000570.SZ,20000322,12.0,12.5,11.9,12.21,12.07,0.14,1.16,10723.0,13062.3452
000571.SZ,20000322,6.4,6.44,6.25,6.31,6.4,-0.09,-1.41,31927.0,20157.7113
000572.SZ,20000322,8.63,8.85,8.17,8.5,8.61,-0.11,-1.28,37759.0,31828.9524
000573.SZ,20000322,6.2,6.24,6.07,6.11,6.2,-0.09,-1.45,22218.0,13596.4621
000576.SZ,20000322,7.07,7.07,6.85,6.93,7.08,-0.15,-2.12,12105.0,8449.5067
000578.SZ,20000322,28.41,28.41,28.0,28.41,25.83,2.58,9.99,5348.0,15191.3621
000581.SZ,20000322,7.17,7.4,7.1,7.37,7.18,0.19,2.65,26365.0,19074.9696
000582.SZ,20000322,10.8,11.2,10.65,10.72,10.78,-0.06,-0.56,17356.0,18852.8038
000583.SZ,20000322,34.5,36.28,34.3,35.5,34.24,1.26,3.68,12745.0,45260.1898
000584.SZ,20000322,8.64,8.76,8.51,8.7,8.64,0.06,0.69,8135.0,6999.6473
000585.SZ,20000322,5.41,5.5,5.28,5.31,5.41,-0.1,-1.85,27149.0,14504.237
000586.SZ,20000322,14.78,15.8,14.78,15.2,14.72,0.48,3.26,21005.0,31864.0794
000587.SZ,20000322,10.41,10.99,10.21,10.58,10.47,0.11,1.05,20274.0,21670.0423
000588.SZ,20000322,7.01,7.18,6.9,6.99,6.94,0.05,0.72,14465.0,10164.9721
000589.SZ,20000322,8.39,8.8,8.38,8.67,8.36,0.31,3.71,37429.0,32282.6047
000590.SZ,20000322,46.35,47.49,46.1,46.49,46.46,0.03,0.06,1253.0,5864.8551
000591.SZ,20000322,15.32,15.59,14.98,15.23,15.29,-0.06,-0.39,13990.0,21296.505
000592.SZ,20000322,6.4,6.7,6.4,6.56,6.33,0.23,3.63,28382.0,18667.1136
000593.SZ,20000322,17.67,17.97,17.59,17.63,17.65,-0.02,-0.11,3061.0,5430.3693
000594.SZ,20000322,10.79,11.7,10.79,11.59,10.79,0.8,7.41,125159.0,141403.8157
000595.SZ,20000322,11.0,11.0,10.6,10.84,10.98,-0.14,-1.28,12464.0,13410.3421
000596.SZ,20000322,16.88,17.38,16.52,16.6,16.89,-0.29,-1.72,6707.0,11425.3433
000597.SZ,20000322,6.95,7.1,6.89,6.93,6.94,-0.01,-0.14,13580.0,9461.3255
000598.SZ,20000322,13.22,13.5,13.12,13.38,13.24,0.14,1.06,7339.0,9776.8651
000599.SZ,20000322,12.23,12.25,11.5,12.05,12.37,-0.32,-2.59,32536.0,38985.1384
000600.SZ,20000322,10.85,11.0,10.68,10.9,10.92,-0.02,-0.18,7931.0,8561.74
000601.SZ,20000322,9.1,9.14,8.95,8.96,9.08,-0.12,-1.32,7636.0,6883.6911
000602.SZ,20000322,12.53,13.29,12.5,12.81,12.34,0.47,3.81,18699.0,24189.2134
000603.SZ,20000322,13.19,13.2,12.66,12.82,12.97,-0.15,-1.16,6563.0,8441.4946
000605.SZ,20000322,16.82,16.86,16.18,16.4,16.7,-0.3,-1.8,3646.0,5961.2843
000606.SZ,20000322,20.2,20.2,18.6,18.82,18.52,0.3,1.62,2751.0,5306.5381
000608.SZ,20000322,32.81,33.4,31.8,32.33,32.81,-0.48,-1.46,12370.0,39791.8955
000609.SZ,20000322,12.35,12.6,12.25,12.44,12.28,0.16,1.3,4217.0,5236.7497
000610.SZ,20000322,14.18,14.3,13.38,13.61,14.3,-0.69,-4.83,40052.0,54974.0186
000611.SZ,20000322,8.13,8.18,7.8,7.9,8.06,-0.16,-1.99,12778.0,10151.3285
000612.SZ,20000322,12.34,12.62,12.14,12.49,12.35,0.14,1.13,14511.0,18042.7016
000613.SZ,20000322,6.83,7.15,6.75,6.97,6.81,0.16,2.35,27517.0,19134.8693
000615.SZ,20000322,10.97,11.12,10.75,10.93,10.97,-0.04,-0.36,11963.0,13066.5499
000616.SZ,20000322,21.2,23.0,21.2,21.84,22.1,-0.26,-1.18,27696.0,60451.8366
000617.SZ,20000322,10.5,10.79,10.4,10.5,10.52,-0.02,-0.19,3700.0,3916.6191
000618.SZ,20000322,5.98,6.4,5.8,6.05,5.87,0.18,3.07,447694.0,271918.7384
000619.SZ,20000322,27.2,28.33,27.2,27.65,27.1,0.55,2.03,1377.0,3844.3979
000620.SZ,20000322,14.07,14.9,14.0,14.36,14.07,0.29,2.06,31031.0,45062.6576
000621.SZ,20000322,13.56,13.87,13.3,13.58,13.55,0.03,0.22,6997.0,9509.4451
000622.SZ,20000322,10.98,11.52,10.85,11.17,10.98,0.19,1.73,12035.0,13548.3991
000623.SZ,20000322,14.65,14.88,14.18,14.3,14.59,-0.29,-1.99,4212.0,6041.5765
000625.SZ,20000322,4.43,4.5,4.35,4.36,4.43,-0.07,-1.58,18948.0,8350.6215
000626.SZ,20000322,35.8,35.87,34.49,34.49,35.7,-1.21,-3.39,2851.0,10002.961
000627.SZ,20000322,18.9,19.5,18.38,19.07,19.17,-0.1,-0.52,12389.0,23429.8131
000628.SZ,20000322,11.63,11.98,11.6,11.69,11.58,0.11,0.95,11949.0,14020.055
000629.SZ,20000322,6.06,6.1,5.93,5.99,6.06,-0.07,-1.16,27148.0,16236.1353
000630.SZ,20000322,8.15,8.23,8.02,8.1,8.13,-0.03,-0.37,14060.0,11393.9416
000631.SZ,20000322,20.3,20.88,19.75,19.92,20.34,-0.42,-2.06,24944.0,50325.6396
000632.SZ,20000322,10.8,11.75,10.79,11.75,10.68,1.07,10.02,68963.0,80092.7494
000633.SZ,20000322,38.4,38.4,37.8,37.8,38.31,-0.51,-1.33,1718.0,6519.0863
000635.SZ,20000322,14.9,15.75,14.9,15.33,14.81,0.52,3.51,21983.0,33903.1301
000636.SZ,20000322,30.47,31.8,29.51,31.25,30.58,0.67,2.19,16704.0,51902.3796
000637.SZ,20000322,15.4,15.4,14.5,14.62,15.13,-0.51,-3.37,15510.0,23058.2424
000638.SZ,20000322,7.65,7.7,7.42,7.58,7.65,-0.07,-0.92,18693.0,14086.9669
000639.SZ,20000322,17.27,17.27,15.7,16.33,15.7,0.63,4.01,47710.0,79709.4191
000650.SZ,20000322,11.55,11.79,11.4,11.56,11.5,0.06,0.52,5730.0,6624.19
000651.SZ,20000322,16.2,16.8,16.2,16.6,16.35,0.25,1.53,16091.0,26779.8562
000652.SZ,20000322,16.08,16.68,15.91,16.35,16.08,0.27,1.68,19040.0,31176.1676
000653.SZ,20000322,5.23,5.39,5.15,5.2,5.18,0.02,0.39,79969.0,42060.6291
000655.SZ,20000322,14.48,14.7,14.12,14.23,14.98,-0.75,-5.01,10223.0,14663.2323
000656.SZ,20000322,8.12,8.28,8.0,8.04,8.12,-0.08,-0.99,21888.0,17741.9721
000657.SZ,20000322,12.56,13.21,12.31,13.18,12.56,0.62,4.94,31165.0,39900.2428
000658.SZ,20000322,7.23,7.9,7.16,7.53,7.26,0.27,3.72,58675.0,44506.3246
000659.SZ,20000322,10.22,10.35,10.08,10.2,10.22,-0.02,-0.2,9275.0,9447.842
000660.SZ,20000322,13.38,13.8,13.31,13.74,13.38,0.36,2.69,6299.0,8482.9351
000661.SZ,20000322,10.77,11.41,10.68,11.34,10.77,0.57,5.29,32250.0,36063.8058
000662.SZ,20000322,10.5,11.52,10.1,11.52,10.47,1.05,10.03,48233.0,51876.6603
000663.SZ,20000322,13.4,13.5,13.02,13.12,13.25,-0.13,-0.98,15456.0,20339.3065
000665.SZ,20000322,14.94,15.3,14.72,14.99,14.91,0.08,0.54,9080.0,13602.5532
000666.SZ,20000322,10.41,10.9,10.4,10.77,10.41,0.36,3.46,13372.0,14225.2039
000667.SZ,20000322,8.5,8.63,8.38,8.43,8.44,-0.01,-0.12,5564.0,4709.4817
000668.SZ,20000322,16.88,17.78,16.8,17.67,16.89,0.78,4.62,8258.0,14333.0008
000669.SZ,20000322,23.55,24.73,23.55,24.73,23.55,1.18,5.01,2883.0,7051.4804
000670.SZ,20000322,12.2,12.74,12.14,12.47,12.21,0.26,2.13,13447.0,16845.1325
000671.SZ,20000322,14.22,15.35,14.22,14.6,14.22,0.38,2.67,12657.0,18746.2276
000672.SZ,20000322,19.06,19.3,18.65,19.2,19.0,0.2,1.05,6776.0,12843.2411
000673.SZ,20000322,14.4,15.05,14.3,14.91,14.4,0.51,3.54,14947.0,22172.7701
000675.SZ,20000322,9.6,9.8,9.28,9.57,9.55,0.02,0.21,10165.0,9650.0557
000676.SZ,20000322,17.68,17.96,17.5,17.79,17.67,0.12,0.68,4897.0,8698.6036
000677.SZ,20000322,9.69,9.95,9.4,9.69,9.76,-0.07,-0.72,7594.0,7304.6458
000678.SZ,20000322,9.55,9.59,9.21,9.36,9.53,-0.17,-1.78,16274.0,15220.8688
000679.SZ,20000322,19.5,20.81,19.05,20.8,19.3,1.5,7.77,19091.0,38414.9402
000680.SZ,20000322,5.6,5.67,5.5,5.55,5.6,-0.05,-0.89,24301.0,13461.8445
000681.SZ,20000322,34.33,34.88,33.88,34.49,34.36,0.13,0.38,2088.0,7146.7482
000682.SZ,20000322,31.4,32.97,31.3,32.62,31.4,1.22,3.89,69240.0,224141.8359
000683.SZ,20000322,6.33,6.39,6.16,6.28,6.33,-0.05,-0.79,15547.0,9723.4646
000685.SZ,20000322,28.89,28.89,27.45,27.96,28.83,-0.87,-3.02,5138.0,14447.9334
000686.SZ,20000322,11.92,12.3,11.7,12.06,11.88,0.18,1.52,34777.0,41850.078
000687.SZ,20000322,8.25,8.35,8.12,8.19,8.25,-0.06,-0.73,8381.0,6873.2912
000688.SZ,20000322,13.35,13.98,13.32,13.78,13.32,0.46,3.45,60698.0,83592.7506
000689.SZ,20000322,9.4,9.46,9.2,9.25,9.45,-0.2,-2.12,7440.0,6909.7872
000690.SZ,20000322,23.08,23.79,22.98,23.76,23.09,0.67,2.9,15346.0,35613.096
000691.SZ,20000322,8.8,9.2,8.65,9.11,8.8,0.31,3.52,66375.0,59828.4605
000692.SZ,20000322,11.92,12.18,11.88,11.9,11.91,-0.01,-0.08,16599.0,19940.0152
000693.SZ,20000322,25.65,27.1,25.45,26.14,25.57,0.57,2.23,6496.0,17126.4335
000695.SZ,20000322,13.97,14.0,13.72,13.92,13.99,-0.07,-0.5,8652.0,11998.2249
000697.SZ,20000322,20.8,21.0,20.3,20.7,20.79,-0.09,-0.43,19044.0,39066.9697
000698.SZ,20000322,6.35,6.4,6.15,6.23,6.34,-0.11,-1.74,21462.0,13342.4908
000699.SZ,20000322,7.0,7.11,6.82,6.91,7.0,-0.09,-1.29,17262.0,11947.248
000700.SZ,20000322,14.48,14.7,14.0,14.34,14.48,-0.14,-0.97,17030.0,24294.6712
000701.SZ,20000322,16.95,18.0,16.75,17.57,16.71,0.86,5.15,45313.0,80048.5928
000702.SZ,20000322,16.7,16.7,16.25,16.38,16.56,-0.18,-1.09,10949.0,17998.4174
000703.SZ,20000322,11.92,12.22,11.8,12.2,11.92,0.28,2.35,13492.0,16259.4002
000705.SZ,20000322,12.18,13.46,12.15,13.46,12.24,1.22,9.97,91778.0,118973.2457
000707.SZ,20000322,10.6,11.73,10.58,11.73,10.66,1.07,10.04,93202.0,107689.1329
000708.SZ,20000322,5.18,5.18,5.08,5.09,5.17,-0.08,-1.55,32865.0,16797.4538
000709.SZ,20000322,9.29,9.39,9.18,9.25,9.29,-0.04,-0.43,14116.0,13052.9198
000710.SZ,20000322,11.68,12.6,11.53,12.36,11.79,0.57,4.83,27353.0,33212.2901
000711.SZ,20000322,15.18,15.57,14.1,14.19,14.95,-0.76,-5.08,37308.0,54795.4945
000712.SZ,20000322,16.61,18.18,16.61,17.28,16.8,0.48,2.86,26543.0,45638.1544
000713.SZ,20000322,20.95,22.95,20.81,22.6,20.86,1.74,8.34,39705.0,88911.5295
000715.SZ,20000322,9.15,9.41,8.9,9.37,9.15,0.22,2.4,25585.0,23393.7847
000716.SZ,20000322,14.19,14.4,13.9,14.01,13.85,0.16,1.16,11175.0,15738.474
000717.SZ,20000322,7.2,7.25,7.1,7.13,7.2,-0.07,-0.97,8936.0,6397.9862
000718.SZ,20000322,6.9,6.9,6.63,6.72,6.9,-0.18,-2.61,17591.0,11836.6396
000719.SZ,20000322,14.65,14.75,14.3,14.46,14.62,-0.16,-1.09,6421.0,9280.7162
000720.SZ,20000322,15.1,15.6,15.1,15.16,15.14,0.02,0.13,14268.0,21838.382
000721.SZ,20000322,13.0,13.55,12.88,13.21,12.9,0.31,2.4,17997.0,24067.9074
000722.SZ,20000322,22.0,23.95,21.2,23.9,22.39,1.51,6.74,76123.0,170445.0359
000723.SZ,20000322,9.53,9.88,9.4,9.61,9.47,0.14,1.48,12756.0,12289.2708
000727.SZ,20000322,11.64,12.08,11.45,11.9,11.55,0.35,3.03,24016.0,28421.456
000728.SZ,20000322,8.66,8.8,8.4,8.56,8.65,-0.09,-1.04,20831.0,17883.4345
000729.SZ,20000322,13.8,13.88,13.4,13.55,13.7,-0.15,-1.09,30573.0,41346.7852
000730.SZ,20000322,31.68,33.0,31.5,32.08,31.78,0.3,0.94,16780.0,53990.5774
000731.SZ,20000322,27.49,29.04,26.5,27.58,26.4,1.18,4.47,14845.0,41216.0441
000732.SZ,20000322,10.5,11.1,10.5,10.61,10.48,0.13,1.24,10146.0,10955.6062
000733.SZ,20000322,23.0,24.98,22.92,23.92,22.92,1.0,4.36,55464.0,134258.6434
000735.SZ,20000322,9.1,9.1,8.58,8.74,8.88,-0.14,-1.58,34856.0,30393.2348
000736.SZ,20000322,19.0,20.78,18.91,20.72,19.31,1.41,7.3,6949.0,13817.6822
000737.SZ,20000322,7.64,7.75,7.41,7.49,7.63,-0.14,-1.83,15046.0,11295.434
000738.SZ,20000322,5.9,5.94,5.75,5.8,5.9,-0.1,-1.69,17273.0,10014.4747
000739.SZ,20000322,12.2,12.98,12.15,12.57,12.2,0.37,3.03,13766.0,17349.3204
000748.SZ,20000322,16.25,16.98,16.1,16.54,16.27,0.27,1.66,11374.0,18833.3752
000750.SZ,20000322,15.03,15.3,14.65,15.12,14.95,0.17,1.14,14605.0,22076.7098
000751.SZ,20000322,9.62,9.75,9.3,9.43,9.6,-0.17,-1.77,64814.0,61302.2747
000752.SZ,20000322,24.02,24.58,23.6,24.35,24.02,0.33,1.37,6743.0,16305.5842
000753.SZ,20000322,13.78,14.69,13.71,14.15,13.67,0.48,3.51,22084.0,31530.5874
000755.SZ,20000322,12.0,12.48,11.95,12.01,11.89,0.12,1.01,14318.0,17256.2698
000756.SZ,20000322,16.5,17.2,16.4,16.99,16.4,0.59,3.6,8410.0,14209.435
000757.SZ,20000322,11.8,11.94,11.42,11.6,11.74,-0.14,-1.19,8866.0,10257.8231
000758.SZ,20000322,13.5,14.16,13.07,14.07,13.49,0.58,4.3,47603.0,65889.6677
000759.SZ,20000322,8.5,8.93,8.49,8.86,8.45,0.41,4.85,34978.0,30524.0443
000760.SZ,20000322,13.99,13.99,13.4,13.7,13.92,-0.22,-1.58,20464.0,27925.4866
000761.SZ,20000322,5.55,5.55,5.35,5.44,5.59,-0.15,-2.68,30314.0,16422.9382
000762.SZ,20000322,12.45,12.58,12.02,12.09,12.2,-0.11,-0.9,11320.0,13893.8979
000763.SZ,20000322,4.95,4.95,4.82,4.85,4.91,-0.06,-1.22,13018.0,6319.0026
000765.SZ,20000322,33.0,33.5,31.59,32.6,32.67,-0.07,-0.21,2745.0,8981.6696
000766.SZ,20000322,10.4,10.4,10.18,10.21,10.34,-0.13,-1.26,11095.0,11383.9355
000767.SZ,20000322,18.2,19.1,17.59,18.7,17.96,0.74,4.12,38677.0,71507.73
000768.SZ,20000322,14.57,15.1,14.52,14.98,14.87,0.11,0.74,38186.0,56499.4418
000769.SZ,20000322,7.7,8.12,7.58,7.96,7.66,0.3,3.92,31706.0,25166.9229
000776.SZ,20000322,15.48,15.8,15.38,15.7,15.49,0.21,1.36,12832.0,20054.1467
000777.SZ,20000322,10.19,10.42,10.03,10.19,10.19,0.0,0.0,14505.0,14804.3118
000778.SZ,20000322,10.45,10.5,10.3,10.44,10.46,-0.02,-0.19,13363.0,13866.4993
000779.SZ,20000322,11.4,11.49,11.01,11.18,11.34,-0.16,-1.41,30306.0,33892.8467
000780.SZ,20000322,10.9,11.0,10.75,10.97,10.87,0.1,0.92,12518.0,13561.9818
000782.SZ,20000322,7.8,7.84,7.55,7.58,7.74,-0.16,-2.07,10851.0,8283.021
000783.SZ,20000322,4.6,4.74,4.58,4.64,4.57,0.07,1.53,66568.0,30953.6015
000785.SZ,20000322,13.6,13.98,13.3,13.96,13.54,0.42,3.1,23536.0,32233.3074
000786.SZ,20000322,16.9,17.38,16.71,17.2,16.85,0.35,2.08,22487.0,38493.5443
000787.SZ,20000322,22.3,23.3,20.85,21.53,21.85,-0.32,-1.46,134565.0,296558.6433
000788.SZ,20000322,9.3,9.38,8.91,9.23,9.14,0.09,0.98,16485.0,15014.4526
000789.SZ,20000322,6.8,6.98,6.67,6.77,6.8,-0.03,-0.44,30288.0,20523.4337
000790.SZ,20000322,21.2,21.2,20.71,20.9,21.0,-0.1,-0.48,2085.0,4346.2316
000791.SZ,20000322,10.46,10.58,10.1,10.31,10.46,-0.15,-1.43,29357.0,30219.5186
000792.SZ,20000322,15.41,15.7,15.06,15.46,15.4,0.06,0.39,11949.0,18461.3751
000793.SZ,20000322,25.75,25.78,23.8,25.78,23.44,2.34,9.98,144784.0,367021.4405
000795.SZ,20000322,8.96,9.3,8.85,9.0,8.9,0.1,1.12,44327.0,40212.3653
000796.SZ,20000322,14.0,14.42,14.0,14.1,14.16,-0.06,-0.42,4857.0,6901.0032
000797.SZ,20000322,11.1,11.22,10.32,10.5,10.21,0.29,2.84,94249.0,100502.2232
000798.SZ,20000322,10.77,10.88,10.52,10.74,10.77,-0.03,-0.28,6945.0,7396.6558
000799.SZ,20000322,14.5,14.71,14.4,14.56,14.5,0.06,0.41,8667.0,12586.5704
000800.SZ,20000322,5.05,5.13,5.0,5.05,5.04,0.01,0.2,63590.0,32170.8001
000801.SZ,20000322,55.5,60.0,55.5,59.91,56.92,2.99,5.25,3310.0,19336.2495
000802.SZ,20000322,16.2,16.3,15.48,15.85,16.18,-0.33,-2.04,14477.0,22797.4199
000803.SZ,20000322,15.3,15.7,15.14,15.27,15.28,-0.01,-0.07,3484.0,5366.3295
000805.SZ,20000322,16.23,16.23,15.58,15.66,15.79,-0.13,-0.82,2916.0,4575.005
000806.SZ,20000322,30.68,32.0,30.03,30.8,30.64,0.16,0.52,4758.0,14763.961
000807.SZ,20000322,7.78,7.86,7.51,7.68,7.77,-0.09,-1.16,18071.0,13833.5599
000809.SZ,20000322,11.58,11.74,11.31,11.57,11.51,0.06,0.52,14758.0,16953.0535
000810.SZ,20000322,18.8,19.55,18.7,19.46,19.02,0.44,2.31,2834.0,5411.8798
000811.SZ,20000322,11.9,11.92,11.65,11.71,11.82,-0.11,-0.93,8430.0,9910.0955
000812.SZ,20000322,17.25,17.6,17.0,17.54,17.16,0.38,2.21,6867.0,11849.8823
000813.SZ,20000322,16.9,17.67,16.58,17.47,16.96,0.51,3.01,46595.0,79515.8922
000815.SZ,20000322,12.68,12.74,12.29,12.47,12.69,-0.22,-1.73,12132.0,15170.4244
000816.SZ,20000322,10.65,11.2,10.65,10.86,10.65,0.21,1.97,18943.0,20677.5418
000817.SZ,20000322,5.93,5.97,5.71,5.79,5.93,-0.14,-2.36,49817.0,28937.9851
000818.SZ,20000322,7.02,7.08,6.85,6.85,7.01,-0.16,-2.28,19880.0,13745.4934
000819.SZ,20000322,12.9,13.1,12.6,12.63,12.89,-0.26,-2.02,20309.0,25966.7565
000820.SZ,20000322,8.8,8.8,8.5,8.62,8.82,-0.2,-2.27,28486.0,24557.8452
000821.SZ,20000322,10.48,10.8,10.32,10.62,10.48,0.14,1.34,12625.0,13355.3802
000822.SZ,20000322,8.4,8.45,8.28,8.33,8.39,-0.06,-0.72,12910.0,10729.6524
000823.SZ,20000322,10.0,10.2,9.7,9.79,9.94,-0.15,-1.51,64099.0,63658.0484
000825.SZ,20000322,8.11,9.0,8.09,8.94,8.19,0.75,9.16,258347.0,218871.8408
000826.SZ,20000322,9.6,9.64,9.5,9.62,9.55,0.07,0.73,9372.0,8962.1213
000827.SZ,20000322,18.7,18.97,18.0,18.48,18.7,-0.22,-1.18,5681.0,10507.4949
000828.SZ,20000322,17.38,18.47,17.0,18.29,17.19,1.1,6.4,97950.0,176518.934
000829.SZ,20000322,20.38,22.05,20.38,21.51,20.48,1.03,5.03,12344.0,26411.4453
000830.SZ,20000322,14.29,14.38,14.0,14.11,14.3,-0.19,-1.33,13504.0,19067.73
000831.SZ,20000322,9.05,9.35,8.8,9.17,9.04,0.13,1.44,45582.0,41167.1815
000832.SZ,20000322,9.18,9.25,8.85,8.96,9.06,-0.1,-1.1,36859.0,33276.4899
000833.SZ,20000322,7.33,7.45,7.03,7.26,7.43,-0.17,-2.29,83723.0,60337.9681
000835.SZ,20000322,31.2,31.8,30.8,31.35,31.15,0.2,0.64,1681.0,5260.186
000836.SZ,20000322,32.6,34.0,32.4,33.07,32.6,0.47,1.44,10146.0,33897.6178
000837.SZ,20000322,13.79,13.88,13.51,13.71,13.79,-0.08,-0.58,11836.0,16165.3146
000838.SZ,20000322,17.5,17.9,16.78,17.01,17.45,-0.44,-2.52,14551.0,25104.0791
000839.SZ,20000322,50.18,53.5,49.5,50.14,50.22,-0.08,-0.16,53328.0,275278.5907
000848.SZ,20000322,12.86,12.9,12.41,12.46,12.86,-0.4,-3.11,11712.0,14682.8521
000850.SZ,20000322,15.0,15.55,14.6,14.62,14.94,-0.32,-2.14,51426.0,77881.7273
000851.SZ,20000322,10.22,10.68,10.1,10.41,10.24,0.17,1.66,12681.0,13135.8653
000852.SZ,20000322,13.02,13.16,12.65,13.14,13.02,0.12,0.92,17370.0,22284.7564
000856.SZ,20000322,11.2,11.39,10.53,10.62,11.18,-0.56,-5.01,58283.0,62972.8254
000858.SZ,20000322,30.12,30.4,30.08,30.17,30.14,0.03,0.1,10571.0,31892.6863
000859.SZ,20000322,13.6,13.75,13.25,13.34,13.53,-0.19,-1.4,12900.0,17335.8624
000860.SZ,20000322,11.1,11.2,10.91,11.15,11.05,0.1,0.91,9151.0,10130.5267
000861.SZ,20000322,16.9,16.9,16.55,16.87,16.89,-0.02,-0.12,4031.0,6726.3906
000862.SZ,20000322,15.35,15.86,15.35,15.47,15.39,0.08,0.52,12750.0,19859.0994
000863.SZ,20000322,22.19,23.2,22.11,22.95,22.19,0.76,3.43,7785.0,17784.1412
000866.SZ,20000322,4.04,4.05,3.96,3.99,4.04,-0.05,-1.24,27975.0,11164.4442
000868.SZ,20000322,8.7,9.57,8.51,9.31,8.7,0.61,7.01,93079.0,84973.9497
000876.SZ,20000322,23.1,23.3,22.38,22.74,23.12,-0.38,-1.64,6253.0,14329.0649
000877.SZ,20000322,14.2,14.5,13.98,14.45,14.21,0.24,1.69,12351.0,17486.9893
000878.SZ,20000322,8.97,8.97,8.75,8.85,8.92,-0.07,-0.78,18914.0,16646.8527
000880.SZ,20000322,27.52,27.8,27.52,27.58,27.52,0.06,0.22,4317.0,11933.1046
000881.SZ,20000322,38.0,38.0,35.98,37.97,36.74,1.23,3.35,5094.0,19086.0236
000882.SZ,20000322,24.0,24.5,22.8,23.73,23.24,0.49,2.11,9486.0,22508.9887
000883.SZ,20000322,11.7,12.1,11.6,11.98,11.68,0.3,2.57,17898.0,21352.2161
000885.SZ,20000322,16.78,17.1,16.34,16.83,16.83,0.0,0.0,10627.0,17812.8362
000886.SZ,20000322,10.7,11.1,10.2,10.98,10.73,0.25,2.33,150510.0,158831.7512
000887.SZ,20000322,12.0,12.06,11.6,11.69,12.03,-0.34,-2.83,18866.0,22179.136
000888.SZ,20000322,15.4,15.4,14.61,14.92,15.41,-0.49,-3.18,21372.0,31898.3339
000889.SZ,20000322,20.53,22.18,20.4,21.34,20.59,0.75,3.64,10161.0,21763.4127
000890.SZ,20000322,16.51,16.98,16.44,16.85,16.47,0.38,2.31,15252.0,25398.037
000892.SZ,20000322,14.85,15.0,14.58,14.96,14.8,0.16,1.08,14107.0,20903.9541
000893.SZ,20000322,8.39,8.89,8.25,8.36,8.26,0.1,1.21,94263.0,80038.6922
000895.SZ,20000322,18.5,18.5,17.52,17.67,18.31,-0.64,-3.5,11902.0,21241.7849
000897.SZ,20000322,13.25,13.5,13.16,13.18,13.32,-0.14,-1.05,8280.0,11006.996
000898.SZ,20000322,3.44,3.44,3.31,3.36,3.44,-0.08,-2.33,67216.0,22605.224
000899.SZ,20000322,12.55,13.29,12.2,12.89,12.48,0.41,3.29,74273.0,94986.8911
000900.SZ,20000322,10.88,10.9,10.54,10.62,10.78,-0.16,-1.48,10632.0,11314.949
000901.SZ,20000322,19.96,20.8,19.96,20.63,19.82,0.81,4.09,8409.0,17235.8602
000902.SZ,20000322,14.3,14.67,14.05,14.16,14.11,0.05,0.35,16555.0,23824.2584
000903.SZ,20000322,9.5,9.72,9.39,9.45,9.61,-0.16,-1.66,16095.0,15317.5431
000905.SZ,20000322,12.8,14.0,12.8,13.28,12.74,0.54,4.24,69038.0,93154.284
000906.SZ,20000322,16.9,17.16,16.0,16.3,16.9,-0.6,-3.55,20522.0,33836.4371
000908.SZ,20000322,32.21,33.0,32.0,32.48,32.2,0.28,0.87,5440.0,17693.1149
000909.SZ,20000322,19.0,19.36,18.8,19.05,18.99,0.06,0.32,24323.0,46518.2668
000910.SZ,20000322,14.89,15.05,14.2,14.59,14.95,-0.36,-2.41,38087.0,55475.3384
000911.SZ,20000322,8.28,8.38,8.0,8.12,8.28,-0.16,-1.93,18814.0,15332.5982
000912.SZ,20000322,8.23,8.29,8.02,8.17,8.22,-0.05,-0.61,19387.0,15728.9662
000913.SZ,20000322,10.56,10.8,10.27,10.51,10.58,-0.07,-0.66,28265.0,29587.0209
000915.SZ,20000322,15.27,15.38,15.07,15.24,15.25,-0.01,-0.07,3604.0,5464.5199
000916.SZ,20000322,7.79,7.85,7.5,7.7,7.76,-0.06,-0.77,67190.0,51159.7058
000917.SZ,20000322,35.49,37.2,35.49,36.65,35.49,1.16,3.27,20898.0,76414.6742
000918.SZ,20000322,15.04,15.59,14.7,14.99,15.04,-0.05,-0.33,8150.0,12190.0002
000919.SZ,20000322,22.5,22.75,21.52,22.1,22.15,-0.05,-0.23,20428.0,45427.3203
000920.SZ,20000322,14.8,14.89,14.45,14.55,14.85,-0.3,-2.02,10854.0,15808.7483
000921.SZ,20000322,18.51,18.85,18.37,18.57,18.51,0.06,0.32,12184.0,22646.2697
000922.SZ,20000322,16.21,16.3,15.7,15.98,16.2,-0.22,-1.36,13486.0,21457.8033
000923.SZ,20000322,10.82,11.19,10.31,10.58,11.04,-0.46,-4.17,62671.0,66499.8194
000925.SZ,20000322,35.16,36.2,34.7,35.1,35.13,-0.03,-0.09,5383.0,19054.6636
000926.SZ,20000322,15.38,15.8,15.12,15.54,15.38,0.16,1.04,16398.0,25458.9792
000927.SZ,20000322,6.12,6.17,5.99,6.03,6.1,-0.07,-1.15,47196.0,28705.4743
000928.SZ,20000322,8.05,8.15,7.81,7.93,8.04,-0.11,-1.37,17634.0,13951.1132
000929.SZ,20000322,16.3,16.55,15.91,16.02,16.3,-0.28,-1.72,8613.0,13901.2796
000930.SZ,20000322,20.94,21.34,20.65,20.77,20.87,-0.1,-0.48,15736.0,33027.8187
000931.SZ,20000322,36.91,40.16,36.91,38.19,36.73,1.46,3.98,165701.0,642430.4816
000932.SZ,20000322,7.09,7.14,6.82,7.0,7.09,-0.09,-1.27,92378.0,64104.7039
000933.SZ,20000322,14.2,14.5,13.8,14.4,14.2,0.2,1.41,39736.0,55897.2126
000935.SZ,20000322,10.7,11.91,10.35,11.91,10.83,1.08,9.97,94692.0,104412.4786
000936.SZ,20000322,21.56,21.98,21.3,21.55,21.54,0.01,0.05,2623.0,5658.3455
000937.SZ,20000322,14.99,15.2,14.3,14.6,15.0,-0.4,-2.67,32577.0,47878.9838
000938.SZ,20000322,88.88,94.0,88.88,90.65,89.12,1.53,1.72,11123.0,102181.0535
000939.SZ,20000322,49.78,52.49,49.58,50.99,49.82,1.17,2.35,19945.0,100125.3797
000948.SZ,20000322,30.6,32.0,30.2,31.0,30.44,0.56,1.84,11874.0,37040.9171
000949.SZ,20000322,10.98,11.05,10.5,11.03,10.98,0.05,0.46,60474.0,64930.0934
000950.SZ,20000322,11.3,11.41,10.9,11.39,11.31,0.08,0.71,31662.0,35102.0149
000951.SZ,20000322,9.88,9.89,8.62,8.81,8.99,-0.18,-2.0,347661.0,314797.189
000952.SZ,20000322,15.87,16.0,14.56,14.95,15.4,-0.45,-2.92,64543.0,97622.9192
000953.SZ,20000322,18.99,18.99,15.62,17.12,17.26,-0.14,-0.81,76019.0,133536.9705
000955.SZ,20000322,14.25,14.38,13.63,13.89,14.28,-0.39,-2.73,32639.0,45457.5127
000956.SZ,20000322,9.95,10.01,9.69,9.84,9.94,-0.1,-1.01,31123.0,30427.2074
000957.SZ,20000322,18.35,20.52,18.35,20.52,18.65,1.87,10.03,24101.0,48244.6839
000958.SZ,20000322,14.36,14.4,13.85,14.06,14.36,-0.3,-2.09,20238.0,28383.7628
000959.SZ,20000322,6.26,6.27,6.17,6.24,6.25,-0.01,-0.16,50626.0,31415.4742
000960.SZ,20000322,10.18,10.18,9.52,9.75,10.21,-0.46,-4.51,91566.0,89348.9419
000961.SZ,20000322,11.59,11.87,10.6,10.94,11.42,-0.48,-4.2,189641.0,211526.8252
000962.SZ,20000322,42.03,43.0,41.59,41.75,42.03,-0.28,-0.67,10682.0,45030.9404
000963.SZ,20000322,18.62,18.7,17.58,17.65,18.22,-0.57,-3.13,22635.0,40444.2499
000966.SZ,20000322,14.01,14.07,13.4,13.47,14.08,-0.61,-4.33,60177.0,81641.3735
000999.SZ,20000322,22.54,22.6,21.6,21.97,22.54,-0.57,-2.53,26527.0,58325.8817
001696.SZ,20000322,8.08,8.08,7.76,7.87,7.99,-0.12,-1.5,14355.0,11259.0722
001896.SZ,20000322,10.5,10.58,10.2,10.25,10.24,0.01,0.1,11914.0,12323.7165
600000.SH,20000322,25.08,25.71,24.88,25.34,25.0,0.34,1.36,45220.0,114100.496
600001.SH,20000322,8.06,8.15,7.92,7.99,8.04,-0.05,-0.62,31195.0,24923.729
600002.SH,20000322,4.72,4.8,4.67,4.72,4.7,0.02,0.43,26479.0,12443.085
600003.SH,20000322,6.14,6.17,6.05,6.08,6.14,-0.06,-0.98,29263.0,17811.282
600005.SH,20000322,4.92,4.95,4.86,4.88,4.91,-0.03,-0.61,30171.0,14758.108
600006.SH,20000322,5.23,5.48,5.23,5.34,5.25,0.09,1.71,88609.0,47345.161
600007.SH,20000322,8.27,8.4,8.2,8.29,8.27,0.02,0.24,16609.0,13759.137
600009.SH,20000322,9.7,9.85,9.68,9.73,9.7,0.03,0.31,38834.0,37739.737
600051.SH,20000322,10.28,10.5,10.06,10.38,10.3,0.08,0.78,33444.0,34483.412
600052.SH,20000322,19.49,20.49,19.02,19.22,19.45,-0.23,-1.18,34898.0,68425.399
600053.SH,20000322,11.9,12.77,11.88,12.51,11.85,0.66,5.57,55411.0,68784.508
600054.SH,20000322,13.35,13.4,12.6,13.0,13.42,-0.42,-3.13,49601.0,64331.097
600055.SH,20000322,15.69,15.8,15.0,15.6,15.7,-0.1,-0.64,10529.0,16165.375
600056.SH,20000322,23.0,23.79,22.5,22.79,23.0,-0.21,-0.91,13366.0,30817.946
600057.SH,20000322,12.95,13.6,12.88,13.19,12.79,0.4,3.13,55295.0,73388.49
600058.SH,20000322,14.99,15.38,14.7,15.1,14.99,0.11,0.73,41220.0,62285.848
600059.SH,20000322,13.18,13.46,13.12,13.23,13.18,0.05,0.38,21420.0,28408.464
600060.SH,20000322,12.5,12.55,12.16,12.4,12.49,-0.09,-0.72,23186.0,28688.67
600061.SH,20000322,13.1,13.19,12.69,12.98,13.0,-0.02,-0.15,13593.0,17492.551
600062.SH,20000322,12.18,12.66,12.01,12.35,12.18,0.17,1.4,29076.0,36104.74
600063.SH,20000322,9.68,9.85,9.51,9.69,9.7,-0.01,-0.1,13854.0,13437.15
600064.SH,20000322,16.62,17.5,16.6,17.25,16.5,0.75,4.55,24952.0,42929.922
600065.SH,20000322,11.35,11.43,11.13,11.3,11.25,0.05,0.44,6791.0,7626.345
600066.SH,20000322,16.89,16.99,16.3,16.5,16.8,-0.3,-1.79,16999.0,28341.26
600067.SH,20000322,20.2,21.0,19.82,20.2,20.12,0.08,0.4,17735.0,36139.667
600068.SH,20000322,8.16,8.18,8.02,8.13,8.16,-0.03,-0.37,13286.0,10758.818
600069.SH,20000322,8.5,9.32,8.45,9.32,8.47,0.85,10.04,58924.0,53364.996
600070.SH,20000322,13.85,14.13,13.7,13.94,13.85,0.09,0.65,12410.0,17251.374
600071.SH,20000322,14.1,14.9,14.01,14.4,14.11,0.29,2.06,32152.0,46368.494
600072.SH,20000322,9.59,9.88,9.3,9.42,9.62,-0.2,-2.08,84162.0,79972.623
600073.SH,20000322,21.7,23.3,21.5,22.5,21.7,0.8,3.69,47262.0,107108.275
600074.SH,20000322,11.43,11.8,11.35,11.58,11.42,0.16,1.4,12296.0,14239.378
600075.SH,20000322,13.48,13.5,12.88,12.98,13.19,-0.21,-1.59,52083.0,68748.464
600076.SH,20000322,25.6,25.6,24.7,25.1,24.8,0.3,1.21,7326.0,18330.896
600077.SH,20000322,22.3,22.32,21.29,21.59,22.26,-0.67,-3.01,32395.0,70023.263
600078.SH,20000322,10.34,10.39,10.15,10.15,10.3,-0.15,-1.46,10717.0,10988.077
600079.SH,20000322,21.58,21.78,21.3,21.7,21.45,0.25,1.17,4151.0,8961.044
600080.SH,20000322,15.3,15.45,15.01,15.12,15.3,-0.18,-1.18,8525.0,12943.423
600081.SH,20000322,17.68,18.52,17.5,18.43,17.68,0.75,4.24,24437.0,44276.977
600082.SH,20000322,17.75,17.89,16.95,17.31,17.68,-0.37,-2.09,24269.0,41985.513
600083.SH,20000322,6.7,6.93,6.65,6.93,6.6,0.33,5.0,50364.0,34762.726
600084.SH,20000322,14.99,15.39,14.71,14.92,14.8,0.12,0.81,20408.0,30630.813
600085.SH,20000322,23.78,24.9,23.73,24.07,23.55,0.52,2.21,7394.0,17840.91
600086.SH,20000322,9.68,9.74,9.32,9.46,9.68,-0.22,-2.27,13508.0,12826.236
600087.SH,20000322,19.1,19.6,18.75,18.81,19.0,-0.19,-1.0,18501.0,35383.421
600088.SH,20000322,28.7,28.8,27.72,27.98,27.7,0.28,1.01,7873.0,22185.398
600089.SH,20000322,30.8,33.1,30.65,31.35,30.85,0.5,1.62,39836.0,127614.599
600090.SH,20000322,15.4,15.45,14.8,15.29,15.46,-0.17,-1.1,16822.0,25405.506
600091.SH,20000322,16.28,16.97,16.1,16.6,16.15,0.45,2.79,12875.0,21331.985
600092.SH,20000322,14.1,15.0,14.05,14.77,14.2,0.57,4.01,25729.0,37963.479
600093.SH,20000322,10.45,10.48,10.2,10.3,10.42,-0.12,-1.15,8759.0,9007.373
600094.SH,20000322,16.4,16.7,15.95,16.13,16.4,-0.27,-1.65,26665.0,43163.71
600095.SH,20000322,13.76,14.36,13.76,14.11,13.75,0.36,2.62,14338.0,20172.023
600096.SH,20000322,10.1,10.3,10.0,10.17,10.07,0.1,0.99,10534.0,10664.386
600097.SH,20000322,12.3,13.3,11.97,12.54,13.3,-0.76,-5.71,15177.0,19407.119
600098.SH,20000322,14.89,15.6,14.71,15.1,14.99,0.11,0.73,45145.0,68726.079
600099.SH,20000322,7.68,7.78,7.6,7.65,7.65,0.0,0.0,9576.0,7364.247
600100.SH,20000322,59.2,64.5,58.64,60.9,59.18,1.72,2.91,69394.0,431378.825
600101.SH,20000322,19.19,19.48,18.13,18.7,19.21,-0.51,-2.65,63610.0,119390.201
600102.SH,20000322,7.04,7.08,6.88,6.92,7.02,-0.1,-1.42,16866.0,11723.677
600103.SH,20000322,8.62,8.96,8.6,8.74,8.62,0.12,1.39,14445.0,12702.677
600104.SH,20000322,10.2,10.36,10.14,10.2,10.28,-0.08,-0.78,40600.0,41460.457
600105.SH,20000322,14.83,14.98,14.56,14.68,14.78,-0.1,-0.68,9689.0,14271.767
600106.SH,20000322,14.5,14.7,14.03,14.25,14.3,-0.05,-0.35,28964.0,41283.286
600107.SH,20000322,18.1,18.59,18.1,18.1,18.45,-0.35,-1.9,4451.0,8127.18
600108.SH,20000322,13.18,13.34,12.8,13.05,13.24,-0.19,-1.44,30339.0,39442.88
600109.SH,20000322,12.2,12.5,12.11,12.5,12.2,0.3,2.46,6185.0,7626.298
600110.SH,20000322,16.8,16.8,16.2,16.46,16.68,-0.22,-1.32,10571.0,17390.456
600111.SH,20000322,11.12,11.45,10.98,11.16,11.13,0.03,0.27,32262.0,36155.198
600112.SH,20000322,10.32,10.5,10.25,10.35,10.29,0.06,0.58,8669.0,8967.659
600113.SH,20000322,13.2,13.26,12.7,12.86,13.2,-0.34,-2.58,15063.0,19503.616
600115.SH,20000322,4.3,4.4,4.27,4.34,4.3,0.04,0.93,30291.0,13074.92
600116.SH,20000322,12.15,12.24,11.86,12.05,12.1,-0.05,-0.41,6169.0,7389.788
600117.SH,20000322,8.7,9.16,8.5,9.09,8.7,0.39,4.48,52544.0,46265.432
600118.SH,20000322,23.0,26.4,23.0,25.1,24.34,0.76,3.12,27925.0,68579.847
600119.SH,20000322,13.68,13.68,13.41,13.48,13.7,-0.22,-1.61,7099.0,9598.084
600120.SH,20000322,34.7,34.85,34.05,34.5,34.62,-0.12,-0.35,4154.0,14366.466
600121.SH,20000322,31.5,31.95,30.52,31.48,31.38,0.1,0.32,30113.0,93878.266
600122.SH,20000322,16.88,17.39,16.88,17.11,16.88,0.23,1.36,10221.0,17557.104
600123.SH,20000322,14.87,15.21,14.45,14.98,14.86,0.12,0.81,8532.0,12747.959
600125.SH,20000322,15.2,15.8,15.2,15.45,15.25,0.2,1.31,9063.0,14051.022
600126.SH,20000322,7.66,7.71,7.51,7.67,7.66,0.01,0.13,17819.0,13544.514
600127.SH,20000322,12.92,13.1,12.67,12.85,12.91,-0.06,-0.46,5908.0,7618.992
600128.SH,20000322,29.8,30.65,28.55,29.5,30.0,-0.5,-1.67,11106.0,33250.083
600129.SH,20000322,15.2,15.39,14.85,15.05,15.2,-0.15,-0.99,5978.0,8999.915
600131.SH,20000322,9.24,9.49,9.21,9.35,9.25,0.1,1.08,10501.0,9795.891
600132.SH,20000322,21.6,21.6,21.05,21.39,21.65,-0.26,-1.2,2853.0,6071.03
600133.SH,20000322,15.74,17.08,15.3,16.5,15.68,0.82,5.23,93060.0,149837.086
600135.SH,20000322,38.7,39.68,38.02,39.0,39.0,0.0,0.0,10969.0,42935.973
600136.SH,20000322,18.38,18.99,17.4,17.6,17.26,0.34,1.97,58471.0,106863.479
600137.SH,20000322,13.38,13.49,13.05,13.1,13.35,-0.25,-1.87,3202.0,4236.257
600138.SH,20000322,26.1,27.7,25.92,26.7,26.1,0.6,2.3,12358.0,33278.496
600139.SH,20000322,21.5,22.5,21.1,22.05,21.33,0.72,3.38,10473.0,22965.306
600141.SH,20000322,13.5,13.6,13.15,13.33,13.43,-0.1,-0.74,9933.0,13226.214
600145.SH,20000322,11.65,11.78,11.28,11.39,11.68,-0.29,-2.48,10794.0,12341.527
600146.SH,20000322,9.6,9.69,9.33,9.5,9.61,-0.11,-1.14,14549.0,13780.394
600148.SH,20000322,13.7,14.0,13.6,13.83,13.72,0.11,0.8,10396.0,14395.881
600149.SH,20000322,10.4,10.9,10.02,10.8,10.57,0.23,2.18,46734.0,48594.872
600150.SH,20000322,6.95,7.09,6.78,7.03,6.95,0.08,1.15,15658.0,10804.654
600151.SH,20000322,16.23,16.3,15.82,16.0,16.23,-0.23,-1.42,19906.0,32048.888
600152.SH,20000322,18.9,18.98,18.5,18.55,18.88,-0.33,-1.75,12884.0,24076.51
600153.SH,20000322,20.31,21.85,20.31,21.1,20.17,0.93,4.61,22139.0,47076.012
600155.SH,20000322,15.63,15.95,15.6,15.72,15.64,0.08,0.51,2514.0,3954.65
600156.SH,20000322,10.16,10.25,9.71,9.81,10.04,-0.23,-2.29,54144.0,53743.806
600157.SH,20000322,32.8,33.66,32.0,33.28,32.8,0.48,1.46,22743.0,74600.501
600158.SH,20000322,22.5,23.22,22.0,22.65,22.36,0.29,1.3,3412.0,7687.256
600159.SH,20000322,12.6,12.75,12.3,12.41,12.6,-0.19,-1.51,6667.0,8310.681
600160.SH,20000322,12.88,13.48,12.88,13.12,12.88,0.24,1.86,15710.0,20741.882
600161.SH,20000322,20.15,20.28,19.8,19.94,20.1,-0.16,-0.8,6801.0,13602.264
600162.SH,20000322,10.4,10.5,10.16,10.35,10.42,-0.07,-0.67,12158.0,12524.24
600163.SH,20000322,13.1,13.48,12.87,13.2,13.05,0.15,1.15,48929.0,64811.666
600165.SH,20000322,10.05,10.39,10.05,10.12,10.0,0.12,1.2,9921.0,10090.895
600166.SH,20000322,21.38,21.38,20.48,21.0,21.05,-0.05,-0.24,3195.0,6600.326
600167.SH,20000322,8.47,8.5,8.29,8.36,8.49,-0.13,-1.53,21634.0,18097.22
600168.SH,20000322,12.6,12.85,12.35,12.53,12.5,0.03,0.24,26764.0,33712.744
600169.SH,20000322,7.62,7.68,7.3,7.42,7.65,-0.23,-3.01,24709.0,18476.101
600170.SH,20000322,9.45,9.55,9.35,9.48,9.45,0.03,0.32,18372.0,17328.964
600171.SH,20000322,24.4,26.0,24.3,25.04,24.35,0.69,2.83,60876.0,153587.598
600172.SH,20000322,12.6,13.2,12.48,13.0,12.51,0.49,3.92,22513.0,29203.295
600173.SH,20000322,9.23,9.6,9.1,9.4,9.23,0.17,1.84,21819.0,20503.165
600175.SH,20000322,43.16,44.5,41.8,44.28,43.0,1.28,2.98,1494.0,6569.572
600176.SH,20000322,8.95,9.0,8.5,8.85,8.95,-0.1,-1.12,27485.0,24025.815
600177.SH,20000322,18.8,19.58,18.71,19.39,18.79,0.6,3.19,19371.0,37341.1
600178.SH,20000322,8.19,8.25,8.01,8.07,8.18,-0.11,-1.34,14052.0,11365.995
600179.SH,20000322,7.0,7.38,6.98,7.07,6.89,0.18,2.61,82328.0,58794.371
600180.SH,20000322,23.8,24.3,23.56,23.79,23.91,-0.12,-0.5,986.0,2368.411
600181.SH,20000322,20.6,21.45,20.52,20.63,20.6,0.03,0.15,28432.0,59628.424
600182.SH,20000322,5.6,5.8,5.58,5.64,5.6,0.04,0.71,34950.0,19862.082
600183.SH,20000322,20.78,21.45,20.1,21.38,20.68,0.7,3.38,58351.0,122776.505
600185.SH,20000322,23.01,23.5,22.6,22.79,22.95,-0.16,-0.7,22602.0,52079.0
600186.SH,20000322,8.2,8.26,8.08,8.14,8.19,-0.05,-0.61,26406.0,21513.642
600187.SH,20000322,17.28,17.28,16.4,16.65,17.05,-0.4,-2.35,18033.0,30008.41
600188.SH,20000322,8.2,8.5,8.17,8.4,8.18,0.22,2.69,40896.0,34210.08
600189.SH,20000322,9.95,9.97,9.38,9.79,9.6,0.19,1.98,32626.0,31419.663
600190.SH,20000322,9.62,9.9,9.62,9.65,9.6,0.05,0.52,14979.0,14574.916
600191.SH,20000322,14.6,14.96,14.41,14.7,14.6,0.1,0.68,11640.0,17191.201
600192.SH,20000322,13.98,14.55,13.88,14.1,14.0,0.1,0.71,43452.0,61438.607
600193.SH,20000322,16.2,17.3,16.1,16.3,16.03,0.27,1.68,21144.0,35091.497
600195.SH,20000322,9.3,9.55,9.2,9.5,9.27,0.23,2.48,24887.0,23445.95
600196.SH,20000322,28.1,29.2,27.98,28.05,28.77,-0.72,-2.5,18607.0,53045.384
600197.SH,20000322,13.38,13.45,13.02,13.2,13.38,-0.18,-1.35,6877.0,9049.604
600198.SH,20000322,37.5,40.28,37.02,38.15,37.65,0.5,1.33,66307.0,259042.381
600199.SH,20000322,18.5,19.27,18.5,19.08,18.49,0.59,3.19,35902.0,67879.416
600200.SH,20000322,15.81,16.02,15.6,15.75,15.81,-0.06,-0.38,5239.0,8266.538
600201.SH,20000322,16.8,16.82,16.43,16.8,16.8,0.0,0.0,6522.0,10842.793
600202.SH,20000322,14.21,14.21,13.82,13.99,14.2,-0.21,-1.48,7382.0,10319.098
600203.SH,20000322,11.25,11.78,10.98,11.01,11.18,-0.17,-1.52,66673.0,74984.465
600205.SH,20000322,8.81,8.95,8.61,8.68,8.78,-0.1,-1.14,35281.0,30920.082
600206.SH,20000322,28.3,30.19,28.28,28.91,28.3,0.61,2.16,43253.0,126884.566
600207.SH,20000322,13.15,13.4,13.0,13.06,13.1,-0.04,-0.31,41772.0,55093.84
600208.SH,20000322,16.5,16.7,16.02,16.23,16.42,-0.19,-1.16,19851.0,32427.172
600209.SH,20000322,22.7,22.85,22.0,22.7,22.74,-0.04,-0.18,2283.0,5151.843
600210.SH,20000322,14.34,14.35,13.95,14.16,14.34,-0.18,-1.26,12275.0,17306.109
600211.SH,20000322,21.19,22.18,21.0,21.33,20.9,0.43,2.06,25641.0,55468.162
600212.SH,20000322,12.58,12.9,12.42,12.64,12.58,0.06,0.48,10902.0,13726.745
600213.SH,20000322,10.61,10.63,10.25,10.5,10.6,-0.1,-0.94,18299.0,19023.271
600215.SH,20000322,19.0,19.28,18.62,18.93,19.0,-0.07,-0.37,19828.0,37396.691
600216.SH,20000322,13.0,13.1,12.55,12.78,12.95,-0.17,-1.31,23909.0,30466.034
600217.SH,20000322,10.14,10.15,9.77,9.86,10.16,-0.3,-2.95,25704.0,25342.093
600218.SH,20000322,11.3,11.32,11.08,11.24,11.33,-0.09,-0.79,18117.0,20237.159
600219.SH,20000322,14.6,14.61,13.91,14.2,14.61,-0.41,-2.81,51919.0,73497.317
600220.SH,20000322,21.15,21.55,20.75,20.8,21.15,-0.35,-1.65,15420.0,32562.628
600221.SH,20000322,6.25,6.35,6.1,6.17,6.28,-0.11,-1.75,28184.0,17429.542
600222.SH,20000322,18.6,18.64,17.96,18.2,18.64,-0.44,-2.36,16437.0,29911.822
600223.SH,20000322,17.2,17.4,16.18,17.2,16.91,0.29,1.72,142628.0,239655.567
600225.SH,20000322,14.05,14.15,13.43,13.62,13.95,-0.33,-2.37,23155.0,31539.795
600226.SH,20000322,23.81,24.5,22.3,23.68,24.18,-0.5,-2.07,6542.0,15580.287
600227.SH,20000322,12.33,12.44,11.71,11.89,12.29,-0.4,-3.25,41301.0,49433.915
600228.SH,20000322,9.65,9.8,9.27,9.5,9.65,-0.15,-1.55,29549.0,28126.893
600229.SH,20000322,9.99,10.05,9.35,9.59,9.92,-0.33,-3.33,107003.0,102971.929
600238.SH,20000322,13.68,13.69,13.03,13.45,13.7,-0.25,-1.82,41946.0,55924.667
600239.SH,20000322,22.0,22.35,21.45,22.2,22.1,0.1,0.45,19198.0,41725.623
600266.SH,20000322,12.5,13.18,12.5,13.02,12.7,0.32,2.52,31772.0,41183.502
600268.SH,20000322,30.7,31.71,30.61,31.05,30.7,0.35,1.14,10011.0,31316.838
600286.SH,20000322,18.7,18.9,18.0,18.0,18.8,-0.8,-4.26,19797.0,36290.91
600359.SH,20000322,10.57,10.6,10.22,10.34,10.58,-0.24,-2.27,20989.0,21827.206
600500.SH,20000322,12.66,12.7,12.2,12.35,12.66,-0.31,-2.45,57456.0,71152.213
600600.SH,20000322,9.2,9.4,9.01,9.2,9.19,0.01,0.11,15638.0,14321.803
600601.SH,20000322,28.0,30.79,27.95,30.0,27.99,2.01,7.18,294364.0,889750.61
600602.SH,20000322,20.01,21.5,19.87,20.4,20.0,0.4,2.0,115790.0,240628.834
600603.SH,20000322,18.88,19.15,18.42,18.6,18.89,-0.29,-1.54,49691.0,92879.045
600604.SH,20000322,7.88,7.88,7.75,7.82,7.92,-0.1,-1.26,8592.0,6707.794
600605.SH,20000322,13.31,13.75,13.2,13.7,13.38,0.32,2.39,4679.0,6291.329
600606.SH,20000322,52.1,54.0,51.43,52.35,51.8,0.55,1.06,8994.0,47313.968
600607.SH,20000322,20.4,21.81,20.38,21.02,19.92,1.1,5.52,29885.0,63286.843
600608.SH,20000322,13.8,13.97,12.81,13.2,13.8,-0.6,-4.35,38390.0,51316.27
600609.SH,20000322,5.32,5.4,5.16,5.27,5.3,-0.03,-0.57,40044.0,20975.12
600610.SH,20000322,7.39,7.69,7.39,7.69,7.32,0.37,5.05,14632.0,11149.605
600611.SH,20000322,13.92,13.92,13.62,13.79,13.94,-0.15,-1.08,6708.0,9211.263
600612.SH,20000322,13.53,13.8,13.39,13.68,13.5,0.18,1.33,5720.0,7791.313
600613.SH,20000322,13.2,13.5,13.2,13.32,13.5,-0.18,-1.33,1816.0,2419.883
600614.SH,20000322,13.08,13.4,12.98,13.11,12.92,0.19,1.47,2495.0,3279.505
600615.SH,20000322,15.1,15.58,14.95,15.0,15.04,-0.04,-0.27,9425.0,14318.061
600616.SH,20000322,14.14,15.0,13.95,15.0,14.14,0.86,6.08,17696.0,25881.767
600617.SH,20000322,13.5,13.88,13.4,13.68,13.5,0.18,1.33,2450.0,3334.937
600618.SH,20000322,9.84,9.88,9.6,9.75,9.83,-0.08,-0.81,3009.0,2917.234
600619.SH,20000322,9.72,9.81,9.61,9.7,9.72,-0.02,-0.21,2185.0,2118.002
600620.SH,20000322,11.0,11.03,10.62,10.75,11.02,-0.27,-2.45,7915.0,8541.943
600621.SH,20000322,10.44,10.48,10.16,10.3,10.44,-0.14,-1.34,13225.0,13602.298
600622.SH,20000322,9.1,9.1,8.88,8.92,9.1,-0.18,-1.98,7978.0,7113.856
600623.SH,20000322,9.18,9.3,8.9,9.17,9.12,0.05,0.55,5343.0,4864.866
600624.SH,20000322,14.05,14.5,13.88,14.18,14.0,0.18,1.29,20118.0,28536.74
600625.SH,20000322,7.45,7.58,7.3,7.38,7.41,-0.03,-0.4,3174.0,2349.063
600626.SH,20000322,11.3,11.66,11.27,11.5,11.25,0.25,2.22,36440.0,41866.872
600627.SH,20000322,12.8,13.67,12.76,13.28,12.85,0.43,3.35,21869.0,29089.905
600628.SH,20000322,13.0,13.35,12.5,12.85,13.06,-0.21,-1.61,49990.0,64234.942
600629.SH,20000322,7.85,8.5,7.7,8.34,7.89,0.45,5.7,25232.0,20490.439
600630.SH,20000322,16.0,16.45,15.69,16.06,15.99,0.07,0.44,85427.0,137261.533
600631.SH,20000322,10.39,10.76,10.35,10.5,10.44,0.06,0.57,18116.0,19048.37
600632.SH,20000322,12.25,13.18,12.12,13.06,12.3,0.76,6.18,58680.0,75608.248
600634.SH,20000322,15.99,16.1,15.31,15.46,15.8,-0.34,-2.15,13692.0,21359.167
600635.SH,20000322,12.9,13.2,12.65,12.8,12.9,-0.1,-0.78,31811.0,40891.499
600636.SH,20000322,13.69,13.69,13.3,13.37,13.3,0.07,0.53,6212.0,8369.042
600637.SH,20000322,27.08,28.58,26.56,26.7,26.95,-0.25,-0.93,34294.0,94151.763
600638.SH,20000322,15.11,15.21,14.85,15.08,15.09,-0.01,-0.07,13918.0,20923.915
600639.SH,20000322,11.14,11.19,11.02,11.11,11.14,-0.03,-0.27,7177.0,7963.825
600640.SH,20000322,27.18,27.98,26.8,26.98,27.2,-0.22,-0.81,17423.0,47850.915
600641.SH,20000322,29.28,29.58,28.05,28.64,29.28,-0.64,-2.19,2133.0,6147.617
600642.SH,20000322,10.5,10.6,10.21,10.3,10.5,-0.2,-1.9,17037.0,17604.524
600643.SH,20000322,10.3,10.46,10.2,10.26,10.28,-0.02,-0.19,13667.0,14079.554
600644.SH,20000322,9.75,9.93,9.5,9.67,9.75,-0.08,-0.82,18377.0,17873.713
600645.SH,20000322,11.5,11.65,11.47,11.53,11.5,0.03,0.26,4946.0,5691.486
600646.SH,20000322,26.0,27.58,25.65,26.6,26.1,0.5,1.92,5324.0,14243.352
600647.SH,20000322,12.85,13.0,12.65,12.8,12.8,0.0,0.0,2465.0,3159.201
600648.SH,20000322,16.93,16.95,16.61,16.81,16.93,-0.12,-0.71,4126.0,6921.63
600649.SH,20000322,6.8,6.84,6.68,6.79,6.79,0.0,0.0,39899.0,26934.417
600650.SH,20000322,10.2,10.25,9.95,10.0,10.12,-0.12,-1.19,13412.0,13549.908
600651.SH,20000322,19.0,19.42,17.71,18.1,18.82,-0.72,-3.83,190264.0,347302.813
600652.SH,20000322,16.42,17.0,16.1,16.32,16.05,0.27,1.68,199389.0,328911.341
600653.SH,20000322,11.1,11.44,10.9,11.08,11.05,0.03,0.27,121493.0,135585.492
600654.SH,20000322,10.75,10.78,10.22,10.34,10.65,-0.31,-2.91,41659.0,43418.552
600655.SH,20000322,8.19,8.75,8.19,8.71,8.24,0.47,5.7,20815.0,17620.521
600656.SH,20000322,11.98,12.32,11.9,12.16,11.99,0.17,1.42,6454.0,7834.464
600657.SH,20000322,52.98,54.5,50.58,52.99,52.47,0.52,0.99,6820.0,36381.414
600658.SH,20000322,9.79,10.35,9.7,10.17,9.8,0.37,3.78,34128.0,34237.207
600659.SH,20000322,14.65,14.85,13.89,13.92,14.64,-0.72,-4.92,7699.0,11042.098
600660.SH,20000322,11.32,12.39,11.32,12.39,11.26,1.13,10.04,66738.0,81408.1
600661.SH,20000322,21.3,22.5,21.3,21.87,21.5,0.37,1.72,7879.0,17330.433
600662.SH,20000322,10.24,10.34,10.08,10.18,10.24,-0.06,-0.59,13556.0,13812.965
600663.SH,20000322,14.2,14.34,14.02,14.1,14.2,-0.1,-0.7,11083.0,15665.094
600664.SH,20000322,9.15,9.44,9.15,9.25,9.24,0.01,0.11,24832.0,22928.051
600665.SH,20000322,8.18,8.7,8.05,8.49,8.19,0.3,3.66,69608.0,58909.732
600666.SH,20000322,8.75,9.1,8.75,8.98,8.75,0.23,2.63,9978.0,8939.395
600667.SH,20000322,6.05,6.25,6.03,6.17,6.0,0.17,2.83,37607.0,23113.6
600668.SH,20000322,7.05,7.28,7.0,7.25,7.04,0.21,2.98,30117.0,21429.38
600669.SH,20000322,11.2,11.74,11.2,11.39,11.15,0.24,2.15,21067.0,24207.13
600670.SH,20000322,8.2,8.4,8.2,8.28,8.21,0.07,0.85,7878.0,6519.6
600671.SH,20000322,11.7,11.85,11.4,11.85,11.64,0.21,1.8,9196.0,10716.414
600672.SH,20000322,26.99,27.97,26.99,27.5,26.99,0.51,1.89,21841.0,60022.539
600673.SH,20000322,10.01,10.2,9.68,9.81,9.95,-0.14,-1.41,8164.0,8020.534
600674.SH,20000322,7.98,8.08,7.69,7.99,7.94,0.05,0.63,10050.0,7912.397
600675.SH,20000322,9.18,9.3,8.9,8.91,9.07,-0.16,-1.76,19254.0,17395.689
600676.SH,20000322,16.0,16.28,15.12,15.32,15.88,-0.56,-3.53,19571.0,30371.643
600677.SH,20000322,12.1,12.38,12.0,12.36,12.05,0.31,2.57,15758.0,19022.618
600678.SH,20000322,6.88,6.9,6.8,6.89,6.83,0.06,0.88,10795.0,7391.958
600679.SH,20000322,10.8,11.07,10.7,10.8,10.82,-0.02,-0.18,11644.0,12696.558
600680.SH,20000322,14.5,14.85,14.49,14.8,14.5,0.3,2.07,6941.0,10182.611
600681.SH,20000322,28.18,29.19,28.0,28.76,28.5,0.26,0.91,5517.0,15848.417
600682.SH,20000322,9.75,9.85,9.5,9.66,9.78,-0.12,-1.23,13386.0,12956.133
600683.SH,20000322,6.88,6.99,6.8,6.98,6.89,0.09,1.31,6776.0,4680.499
600684.SH,20000322,7.49,7.5,7.35,7.38,7.47,-0.09,-1.2,4779.0,3538.23
600685.SH,20000322,5.48,5.56,5.42,5.48,5.5,-0.02,-0.36,18476.0,10141.224
600686.SH,20000322,8.25,8.77,8.25,8.5,8.24,0.26,3.16,19585.0,16767.24
600687.SH,20000322,12.8,13.95,12.75,13.4,12.7,0.7,5.51,30547.0,40878.834
600688.SH,20000322,4.07,4.12,3.95,4.01,4.06,-0.05,-1.23,116041.0,46626.405
600689.SH,20000322,13.0,13.28,12.98,13.16,13.17,-0.01,-0.08,10470.0,13734.822
600690.SH,20000322,21.5,22.6,21.5,21.88,21.5,0.38,1.77,44205.0,97391.943
600691.SH,20000322,13.64,14.0,13.35,13.66,13.64,0.02,0.15,6247.0,8558.968
600692.SH,20000322,13.15,13.25,12.86,12.98,13.15,-0.17,-1.29,4016.0,5209.71
600693.SH,20000322,10.05,10.3,9.9,10.1,9.95,0.15,1.51,11491.0,11596.63
600694.SH,20000322,7.6,7.69,7.45,7.56,7.61,-0.05,-0.66,9952.0,7524.213
600695.SH,20000322,10.55,10.75,10.41,10.63,10.5,0.13,1.24,9883.0,10494.869
600696.SH,20000322,5.69,5.99,5.65,5.8,5.58,0.22,3.94,18048.0,10468.936
600697.SH,20000322,15.34,15.57,15.2,15.51,15.21,0.3,1.97,5989.0,9225.728
600698.SH,20000322,5.18,5.31,5.17,5.21,5.2,0.01,0.19,12142.0,6351.992
600699.SH,20000322,9.6,9.74,9.35,9.66,9.6,0.06,0.63,11301.0,10756.615
600700.SH,20000322,17.34,18.2,17.34,18.05,17.35,0.7,4.03,12272.0,21857.365
600701.SH,20000322,13.3,14.08,13.29,13.65,13.27,0.38,2.86,29433.0,40373.337
600702.SH,20000322,10.8,11.36,10.8,10.91,10.63,0.28,2.63,24338.0,26921.509
600703.SH,20000322,7.8,7.84,7.5,7.62,7.8,-0.18,-2.31,14522.0,11064.813
600704.SH,20000322,14.1,14.8,14.1,14.56,14.05,0.51,3.63,20944.0,30345.512
600705.SH,20000322,14.15,14.47,13.95,14.14,14.15,-0.01,-0.07,22983.0,32616.644
600706.SH,20000322,13.62,14.1,13.51,14.05,13.6,0.45,3.31,8470.0,11802.076
600707.SH,20000322,15.41,16.2,15.41,15.81,15.41,0.4,2.6,23991.0,38213.602
600708.SH,20000322,10.09,10.22,9.69,9.77,9.9,-0.13,-1.31,35739.0,35472.736
600709.SH,20000322,16.9,17.2,16.8,16.85,16.8,0.05,0.3,17322.0,29330.372
600710.SH,20000322,8.0,8.2,7.8,7.92,7.93,-0.01,-0.13,24351.0,19649.081
600711.SH,20000322,16.79,17.5,16.58,16.8,16.97,-0.17,-1.0,5016.0,8553.341
600712.SH,20000322,13.5,13.74,13.42,13.65,13.62,0.03,0.22,3592.0,4883.453
600713.SH,20000322,9.98,10.19,9.98,10.11,9.96,0.15,1.51,5063.0,5094.61
600714.SH,20000322,14.6,15.5,13.89,14.12,14.4,-0.28,-1.94,15018.0,21894.977
600715.SH,20000322,8.88,9.18,8.51,9.0,8.74,0.26,2.97,47390.0,43024.063
600716.SH,20000322,6.84,7.57,6.65,7.57,6.88,0.69,10.03,124822.0,89896.128
600717.SH,20000322,9.9,10.18,9.72,9.75,9.88,-0.13,-1.32,24550.0,24382.386
600718.SH,20000322,41.41,45.48,41.0,43.65,41.41,2.24,5.41,38434.0,168200.59
600719.SH,20000322,9.45,9.55,9.26,9.41,9.4,0.01,0.11,5290.0,4967.691
600720.SH,20000322,12.0,12.3,12.0,12.12,12.2,-0.08,-0.66,10381.0,12537.938
600721.SH,20000322,10.25,10.3,9.9,10.08,10.25,-0.17,-1.66,15683.0,15767.315
600722.SH,20000322,19.01,19.48,18.51,18.97,18.84,0.13,0.69,1891.0,3560.943
600723.SH,20000322,9.48,9.98,9.3,9.68,9.4,0.28,2.98,24963.0,24121.558
600724.SH,20000322,12.0,12.15,11.78,12.15,11.99,0.16,1.33,12909.0,15454.973
600725.SH,20000322,10.56,10.75,10.3,10.6,10.56,0.04,0.38,5776.0,6099.462
600726.SH,20000322,10.68,10.79,10.4,10.55,10.67,-0.12,-1.12,4438.0,4664.812
600727.SH,20000322,19.0,20.2,19.0,20.18,19.06,1.12,5.88,19162.0,37755.337
600728.SH,20000322,23.55,24.78,23.5,23.6,23.55,0.05,0.21,13380.0,32452.224
600729.SH,20000322,14.88,14.95,14.6,14.9,14.88,0.02,0.13,6804.0,10046.452
600730.SH,20000322,16.0,16.38,15.6,15.8,15.8,0.0,0.0,13145.0,21064.214
600731.SH,20000322,20.0,21.67,19.7,21.67,19.7,1.97,10.0,8442.0,17714.332
600732.SH,20000322,8.62,9.2,8.5,8.98,8.64,0.34,3.94,45584.0,40909.606
600733.SH,20000322,25.7,25.8,25.4,25.59,25.55,0.04,0.16,5059.0,12950.544
600734.SH,20000322,16.99,17.76,16.99,17.3,16.95,0.35,2.06,64903.0,112737.341
600735.SH,20000322,10.8,10.9,10.55,10.6,10.74,-0.14,-1.3,5380.0,5738.562
600736.SH,20000322,13.6,14.0,13.6,13.82,13.66,0.16,1.17,7631.0,10567.799
600737.SH,20000322,17.8,17.9,17.5,17.72,17.7,0.02,0.11,7427.0,13147.484
600738.SH,20000322,13.4,13.62,13.0,13.21,13.39,-0.18,-1.34,13873.0,18304.346
600739.SH,20000322,36.6,37.0,36.06,36.39,36.6,-0.21,-0.57,4206.0,15296.873
600740.SH,20000322,9.29,9.49,9.2,9.4,9.29,0.11,1.18,7584.0,7082.307
600741.SH,20000322,13.55,13.8,13.42,13.6,13.55,0.05,0.37,9751.0,13267.192
600742.SH,20000322,14.9,14.98,14.25,14.4,14.75,-0.35,-2.37,26214.0,38004.183
600743.SH,20000322,8.3,8.75,8.26,8.51,8.24,0.27,3.28,29954.0,25557.716
600744.SH,20000322,9.2,9.28,8.7,8.88,9.18,-0.3,-3.27,22927.0,20380.519
600745.SH,20000322,9.19,9.25,8.69,8.98,9.17,-0.19,-2.07,16549.0,14888.138
600746.SH,20000322,13.55,14.3,13.53,14.2,13.58,0.62,4.57,20545.0,28429.221
600747.SH,20000322,13.71,13.9,13.45,13.53,13.68,-0.15,-1.1,7482.0,10186.987
600748.SH,20000322,6.0,6.07,5.86,5.91,6.0,-0.09,-1.5,14101.0,8357.896
600749.SH,20000322,14.2,14.37,13.9,13.97,14.21,-0.24,-1.69,6383.0,8997.215
600750.SH,20000322,14.68,14.68,14.19,14.38,14.7,-0.32,-2.18,12490.0,17982.052
600751.SH,20000322,9.5,9.54,9.26,9.29,9.46,-0.17,-1.8,9770.0,9110.028
600752.SH,20000322,10.54,10.56,10.18,10.45,10.54,-0.09,-0.85,14541.0,15075.677
600753.SH,20000322,14.28,14.28,13.84,13.85,13.92,-0.07,-0.5,1895.0,2654.165
600754.SH,20000322,11.81,12.38,11.8,12.0,11.83,0.17,1.44,11697.0,14151.415
600755.SH,20000322,12.28,13.18,12.28,12.41,11.98,0.43,3.59,83149.0,105195.8
600756.SH,20000322,28.77,31.54,28.67,31.41,28.67,2.74,9.56,67506.0,210683.451
600757.SH,20000322,22.0,22.4,21.4,21.9,22.0,-0.1,-0.45,14377.0,31560.171
600758.SH,20000322,8.26,8.45,8.15,8.23,8.15,0.08,0.98,8839.0,7307.796
600759.SH,20000322,5.18,5.24,5.11,5.19,5.18,0.01,0.19,15550.0,8035.778
600760.SH,20000322,8.6,8.69,8.44,8.6,8.59,0.01,0.12,8853.0,7544.148
600761.SH,20000322,8.46,9.0,8.31,9.0,8.48,0.52,6.13,32757.0,28487.623
600762.SH,20000322,14.9,15.38,14.83,14.98,14.9,0.08,0.54,6968.0,10577.443
600763.SH,20000322,10.4,10.88,10.38,10.5,10.42,0.08,0.77,6862.0,7271.558
600764.SH,20000322,10.63,10.86,10.52,10.83,10.69,0.14,1.31,9725.0,10356.449
600765.SH,20000322,9.41,9.67,9.2,9.48,9.4,0.08,0.85,8814.0,8268.124
600766.SH,20000322,16.5,16.6,16.1,16.34,16.48,-0.14,-0.85,5009.0,8186.321
600767.SH,20000322,23.63,24.95,23.63,24.15,23.5,0.65,2.77,24214.0,58948.14
600768.SH,20000322,19.98,21.89,19.98,21.89,19.9,1.99,10.0,12891.0,27876.756
600769.SH,20000322,8.8,8.83,8.52,8.65,8.8,-0.15,-1.7,12389.0,10705.808
600770.SH,20000322,47.3,50.3,47.3,47.95,47.29,0.66,1.4,33173.0,161307.859
600771.SH,20000322,17.7,18.59,17.7,18.0,17.66,0.34,1.93,22765.0,41326.348
600772.SH,20000322,17.25,17.99,17.2,17.48,17.19,0.29,1.69,27274.0,47956.059
600773.SH,20000322,13.99,14.25,13.81,14.08,14.09,-0.01,-0.07,6975.0,9774.524
600774.SH,20000322,14.45,15.0,14.45,14.59,14.43,0.16,1.11,9262.0,13618.906
600775.SH,20000322,16.11,16.11,16.11,16.11,15.34,0.77,5.02,4898.0,7890.227
600776.SH,20000322,23.5,24.19,23.01,23.7,23.5,0.2,0.85,9272.0,21999.24
600777.SH,20000322,11.41,12.33,11.4,12.33,11.21,1.12,9.99,83632.0,102001.822
600778.SH,20000322,9.48,10.28,9.4,10.14,9.46,0.68,7.19,55137.0,54118.057
600779.SH,20000322,30.45,31.7,30.2,31.18,30.2,0.98,3.25,11532.0,35773.561
600780.SH,20000322,8.3,8.46,8.2,8.39,8.3,0.09,1.08,9941.0,8296.772
600781.SH,20000322,11.48,12.38,11.3,12.35,11.5,0.85,7.39,17139.0,20040.266
600782.SH,20000322,11.5,11.75,11.5,11.66,11.48,0.18,1.57,6363.0,7380.405
600783.SH,20000322,10.1,10.2,9.8,9.93,10.08,-0.15,-1.49,5672.0,5628.505
600784.SH,20000322,11.95,12.2,11.73,12.0,11.96,0.04,0.33,20657.0,24633.814
600785.SH,20000322,13.77,13.77,13.15,13.47,13.2,0.27,2.05,4430.0,5971.918
600786.SH,20000322,7.48,7.5,7.3,7.45,7.48,-0.03,-0.4,10923.0,8059.488
600787.SH,20000322,21.6,22.5,21.6,22.0,21.5,0.5,2.33,16486.0,36420.303
600788.SH,20000322,14.13,14.23,14.0,14.1,14.13,-0.03,-0.21,4763.0,6718.952
600789.SH,20000322,8.35,8.46,8.2,8.4,8.37,0.03,0.36,26633.0,22094.025
600790.SH,20000322,11.8,12.1,11.76,11.95,11.96,-0.01,-0.08,8106.0,9631.083
600791.SH,20000322,15.21,15.3,14.7,14.95,15.05,-0.1,-0.66,7658.0,11471.533
600792.SH,20000322,15.45,16.38,15.45,15.88,15.5,0.38,2.45,2995.0,4776.25
600793.SH,20000322,11.3,11.42,11.1,11.33,11.3,0.03,0.27,6646.0,7458.078
600794.SH,20000322,12.6,12.85,12.5,12.53,12.65,-0.12,-0.95,4512.0,5692.124
600795.SH,20000322,31.85,32.5,31.65,32.09,31.8,0.29,0.91,2601.0,8369.399
600796.SH,20000322,24.53,24.53,23.1,23.6,23.8,-0.2,-0.84,15552.0,36760.584
600797.SH,20000322,25.1,25.6,25.0,25.05,25.1,-0.05,-0.2,9729.0,24595.852
600798.SH,20000322,7.9,8.1,7.81,8.0,7.94,0.06,0.76,15699.0,12472.065
600799.SH,20000322,25.35,27.78,25.35,27.08,25.85,1.23,4.76,39297.0,106205.04
600800.SH,20000322,33.0,33.7,32.25,33.5,33.0,0.5,1.52,8446.0,27789.756
600801.SH,20000322,7.65,8.05,7.6,7.86,7.71,0.15,1.95,42952.0,33630.887
600802.SH,20000322,7.2,7.6,7.2,7.28,7.18,0.1,1.39,49371.0,36452.662
600803.SH,20000322,11.45,11.62,11.3,11.55,11.4,0.15,1.32,6657.0,7635.84
600804.SH,20000322,8.9,8.99,8.65,8.83,8.88,-0.05,-0.56,22093.0,19422.608
600805.SH,20000322,7.7,7.75,7.48,7.52,7.7,-0.18,-2.34,16230.0,12247.515
600806.SH,20000322,8.13,8.2,7.99,8.19,8.11,0.08,0.99,15313.0,12371.503
600807.SH,20000322,13.7,14.18,13.41,13.68,13.64,0.04,0.29,13226.0,18259.477
600808.SH,20000322,3.43,3.48,3.24,3.45,3.43,0.02,0.58,296037.0,99690.195
600809.SH,20000322,7.33,7.33,7.1,7.28,7.34,-0.06,-0.82,32955.0,23751.309
600810.SH,20000322,8.72,8.8,8.6,8.7,8.72,-0.02,-0.23,21994.0,19052.818
600811.SH,20000322,7.8,8.02,7.7,7.95,7.82,0.13,1.66,44616.0,35105.151
600812.SH,20000322,5.35,5.5,5.2,5.35,5.35,0.0,0.0,130587.0,70213.623
600813.SH,20000322,5.1,5.17,4.9,5.0,5.0,0.0,0.0,54032.0,27243.911
600814.SH,20000322,9.3,9.68,9.14,9.43,9.3,0.13,1.4,24023.0,22596.168
600815.SH,20000322,7.15,7.8,6.9,7.37,7.22,0.15,2.08,64003.0,47501.421
600816.SH,20000322,10.0,10.26,10.0,10.06,10.0,0.06,0.6,21843.0,22138.374
600817.SH,20000322,44.4,44.45,40.09,41.8,40.41,1.39,3.44,18489.0,79751.804
600818.SH,20000322,10.54,10.54,10.54,10.54,10.04,0.5,4.98,2768.0,2917.651
600819.SH,20000322,17.0,17.06,16.98,17.05,17.13,-0.08,-0.47,3665.0,6233.167
600820.SH,20000322,9.38,9.4,9.25,9.32,9.38,-0.06,-0.64,11878.0,11051.385
600821.SH,20000322,9.55,10.06,9.38,9.75,9.53,0.22,2.31,36477.0,35569.188
600822.SH,20000322,14.48,15.1,14.46,14.85,14.36,0.49,3.41,3572.0,5283.324
600823.SH,20000322,12.02,12.38,11.85,12.29,12.02,0.27,2.25,8620.0,10405.723
600824.SH,20000322,9.58,9.58,9.41,9.56,9.63,-0.07,-0.73,7537.0,7139.025
600825.SH,20000322,16.62,17.03,16.55,16.73,16.68,0.05,0.3,4066.0,6835.435
600826.SH,20000322,13.58,13.58,13.0,13.1,13.58,-0.48,-3.53,12159.0,15984.431
600827.SH,20000322,13.55,13.6,13.27,13.27,13.55,-0.28,-2.07,7015.0,9431.325
600828.SH,20000322,16.5,17.0,16.08,16.47,16.75,-0.28,-1.67,13007.0,21513.186
600829.SH,20000322,10.46,10.52,10.0,10.15,10.46,-0.31,-2.96,25092.0,25697.648
600830.SH,20000322,11.32,11.49,11.18,11.2,11.32,-0.12,-1.06,10043.0,11345.433
600831.SH,20000322,15.8,15.8,15.11,15.79,15.05,0.74,4.92,29792.0,46511.435
600832.SH,20000322,38.77,40.16,37.75,38.2,38.9,-0.7,-1.8,22471.0,87357.02
600833.SH,20000322,6.31,6.32,6.08,6.18,6.04,0.14,2.32,12324.0,7654.743
600834.SH,20000322,11.78,11.84,11.52,11.67,11.7,-0.03,-0.26,3891.0,4523.505
600835.SH,20000322,15.49,16.19,15.0,15.77,15.49,0.28,1.81,179514.0,281039.365
600836.SH,20000322,11.46,11.69,11.3,11.35,11.54,-0.19,-1.65,4974.0,5689.361
600838.SH,20000322,16.2,16.58,15.5,16.2,16.2,0.0,0.0,7880.0,12793.027
600839.SH,20000322,13.98,14.19,13.98,14.05,13.98,0.07,0.5,67129.0,94382.219
600840.SH,20000322,11.15,11.5,10.98,11.34,11.12,0.22,1.98,16299.0,18289.262
600841.SH,20000322,12.78,13.4,12.69,13.15,12.78,0.37,2.9,8749.0,11416.349
600842.SH,20000322,14.99,15.09,14.4,14.48,14.84,-0.36,-2.43,22973.0,33703.35
600843.SH,20000322,13.02,13.48,12.86,12.95,13.29,-0.34,-2.56,13202.0,17198.165
600844.SH,20000322,12.65,12.8,12.25,12.56,12.7,-0.14,-1.1,8440.0,10502.764
600845.SH,20000322,11.63,11.68,11.26,11.37,11.63,-0.26,-2.24,5641.0,6426.776
600846.SH,20000322,21.16,21.74,20.8,21.69,21.15,0.54,2.55,8094.0,17326.321
600847.SH,20000322,14.47,14.5,13.8,13.93,13.82,0.11,0.8,15469.0,21905.101
600848.SH,20000322,10.95,10.95,10.3,10.35,10.46,-0.11,-1.05,15168.0,16031.174
600850.SH,20000322,33.78,35.88,33.78,35.03,33.78,1.25,3.7,7403.0,25846.104
600851.SH,20000322,11.52,11.64,11.38,11.61,11.52,0.09,0.78,3612.0,4147.62
600852.SH,20000322,13.35,13.5,13.0,13.15,13.26,-0.11,-0.83,5357.0,7026.242
600853.SH,20000322,5.08,5.09,4.74,4.87,5.1,-0.23,-4.51,118343.0,57671.943
600854.SH,20000322,23.3,23.3,22.7,22.88,22.98,-0.1,-0.44,8955.0,20531.289
600855.SH,20000322,10.0,10.5,10.0,10.5,10.0,0.5,5.0,4751.0,4893.152
600856.SH,20000322,11.9,12.25,11.69,11.85,11.9,-0.05,-0.42,15217.0,18098.601
600857.SH,20000322,35.3,37.5,34.29,37.35,35.4,1.95,5.51,35731.0,129632.868
600858.SH,20000322,9.0,9.39,8.77,8.9,9.02,-0.12,-1.33,37676.0,33788.587
600859.SH,20000322,7.38,7.47,7.34,7.42,7.38,0.04,0.54,9037.0,6677.381
600860.SH,20000322,7.94,7.94,7.61,7.7,7.95,-0.25,-3.14,10962.0,8501.008
600861.SH,20000322,11.05,11.35,10.8,11.14,10.85,0.29,2.67,26033.0,29166.495
600862.SH,20000322,18.72,19.08,18.5,18.69,18.7,-0.01,-0.05,8405.0,15716.704
600863.SH,20000322,7.71,7.75,7.5,7.59,7.71,-0.12,-1.56,35166.0,26624.589
600864.SH,20000322,9.97,9.97,9.6,9.73,9.96,-0.23,-2.31,4732.0,4613.285
600865.SH,20000322,7.8,7.97,7.58,7.86,7.77,0.09,1.16,22972.0,17782.941
600866.SH,20000322,11.28,11.4,11.1,11.18,11.28,-0.1,-0.89,8253.0,9261.915
600867.SH,20000322,13.73,13.79,12.85,12.98,13.73,-0.75,-5.46,78042.0,102446.403
600868.SH,20000322,5.64,5.79,5.64,5.7,5.64,0.06,1.06,31325.0,17853.86
600869.SH,20000322,12.04,12.1,11.85,12.1,12.05,0.05,0.41,3705.0,4417.983
600870.SH,20000322,20.0,21.0,19.5,20.1,19.4,0.7,3.61,35040.0,70370.746
600871.SH,20000322,5.51,5.57,5.3,5.37,5.5,-0.13,-2.36,53733.0,29025.362
600872.SH,20000322,7.45,7.75,7.32,7.39,7.44,-0.05,-0.67,83262.0,62385.996
600873.SH,20000322,11.7,12.14,11.3,11.57,11.52,0.05,0.43,50008.0,58590.452
600874.SH,20000322,8.09,8.2,8.0,8.06,8.04,0.02,0.25,28367.0,22898.161
600875.SH,20000322,8.0,8.38,7.89,8.1,8.0,0.1,1.25,70095.0,57254.291
600876.SH,20000322,6.26,6.4,6.16,6.26,6.28,-0.02,-0.32,15325.0,9611.038
600877.SH,20000322,6.2,6.66,6.19,6.36,6.19,0.17,2.75,156133.0,100847.921
600878.SH,20000322,14.93,15.15,14.78,15.1,14.93,0.17,1.14,25229.0,37798.54
600879.SH,20000322,40.0,40.0,38.51,38.99,40.5,-1.51,-3.73,9425.0,36951.252
600880.SH,20000322,23.25,24.15,22.9,23.4,23.29,0.11,0.47,11369.0,26749.516
600881.SH,20000322,8.24,8.32,8.1,8.14,8.23,-0.09,-1.09,17208.0,14031.14
600882.SH,20000322,8.99,9.08,8.77,8.83,8.92,-0.09,-1.01,10565.0,9393.5
600883.SH,20000322,26.5,26.7,25.71,26.47,26.5,-0.03,-0.11,18571.0,48818.555
600884.SH,20000322,12.52,12.84,12.49,12.67,12.54,0.13,1.04,7303.0,9238.956
600885.SH,20000322,8.85,8.92,8.7,8.9,8.84,0.06,0.68,6576.0,5795.29
600886.SH,20000322,8.66,8.69,8.4,8.57,8.65,-0.08,-0.92,17512.0,14929.337
600887.SH,20000322,21.0,21.25,20.7,20.9,20.94,-0.04,-0.19,3870.0,8081.344
600888.SH,20000322,12.03,12.3,11.96,12.0,12.09,-0.09,-0.74,5305.0,6395.141
600889.SH,20000322,8.9,9.08,8.8,8.85,8.85,0.0,0.0,8121.0,7251.61
600890.SH,20000322,6.88,6.92,6.81,6.83,6.9,-0.07,-1.01,9213.0,6301.534
600891.SH,20000322,7.75,7.9,7.6,7.81,7.75,0.06,0.77,13541.0,10555.093
600892.SH,20000322,24.2,24.2,22.9,24.0,24.07,-0.07,-0.29,1897.0,4502.343
600893.SH,20000322,6.85,6.85,6.6,6.75,6.85,-0.1,-1.46,14390.0,9678.928
600894.SH,20000322,4.85,4.85,4.7,4.72,4.88,-0.16,-3.28,26740.0,12663.286
600895.SH,20000322,39.8,41.1,38.7,39.99,39.8,0.19,0.48,14784.0,58517.784
600896.SH,20000322,8.49,8.59,8.32,8.37,8.45,-0.08,-0.95,19711.0,16561.672
600897.SH,20000322,12.98,13.64,12.8,13.64,12.4,1.24,10.0,139241.0,187770.109
600898.SH,20000322,5.1,5.23,5.09,5.23,5.08,0.15,2.95,24894.0,12819.543
600899.SH,20000322,17.7,18.41,17.65,17.89,17.65,0.24,1.36,6290.0,11325.952
601607.SH,20000322,23.98,24.48,23.45,24.02,23.95,0.07,0.29,18033.0,42964.033
