ts_code,trade_date,open,high,low,close,pre_close,change,pct_change,vol,amount
000001.SZ,20041027,6.98,7.0,6.81,6.99,6.98,0.01,0.14,48139.08,33244.3625
000002.SZ,20041027,5.68,5.68,5.27,5.46,5.7,-0.24,-4.21,389123.9,211570.1907
000004.SZ,20041027,6.53,7.12,6.5,6.94,6.53,0.41,6.28,11737.4,8090.727
000005.SZ,20041027,2.29,2.4,2.25,2.39,2.29,0.1,4.37,31014.51,7240.1305
000006.SZ,20041027,4.09,4.33,4.08,4.3,4.06,0.24,5.91,20440.88,8592.3268
000007.SZ,20041027,3.73,3.98,3.57,3.89,3.68,0.21,5.71,8799.19,3312.7857
000008.SZ,20041027,7.7,7.85,7.66,7.85,7.74,0.11,1.42,1036.14,803.7975
000009.SZ,20041027,3.61,3.7,3.54,3.69,3.6,0.09,2.5,25033.79,9061.1057
000010.SZ,20041027,4.07,4.21,3.88,4.16,4.05,0.11,2.72,14167.41,5714.5369
000011.SZ,20041027,4.08,4.17,4.05,4.16,4.1,0.06,1.46,3277.52,1343.3913
000012.SZ,20041027,10.6,10.75,10.5,10.64,10.59,0.05,0.47,32041.17,34072.368
000014.SZ,20041027,5.7,5.91,5.7,5.88,5.7,0.18,3.16,3620.67,2107.038
000016.SZ,20041027,5.77,5.78,5.64,5.76,5.78,-0.02,-0.35,7810.43,4457.4639
000017.SZ,20041027,4.54,4.67,4.5,4.52,4.54,-0.02,-0.44,7567.61,3451.5764
000018.SZ,20041027,6.9,7.15,6.87,7.11,6.94,0.17,2.45,1208.62,847.2232
000019.SZ,20041027,5.83,5.99,5.66,5.92,5.79,0.13,2.25,2065.9,1201.516
000020.SZ,20041027,4.25,4.44,4.2,4.44,4.31,0.13,3.02,9594.08,4169.6551
000021.SZ,20041027,9.7,10.15,9.7,10.12,9.64,0.48,4.98,18613.86,18490.2805
000022.SZ,20041027,24.2,24.5,23.3,24.16,24.2,-0.04,-0.17,8456.37,20372.8714
000023.SZ,20041027,5.13,5.37,4.92,5.29,5.13,0.16,3.12,4577.31,2345.804
000024.SZ,20041027,8.51,8.55,8.32,8.45,8.54,-0.09,-1.05,18203.9,15300.9794
000025.SZ,20041027,3.3,3.45,3.2,3.4,3.3,0.1,3.03,2439.57,809.1537
000026.SZ,20041027,5.05,5.51,5.01,5.36,5.21,0.15,2.88,24773.66,13010.8752
000027.SZ,20041027,8.65,8.66,8.49,8.63,8.48,0.15,1.77,84794.97,72653.0816
000028.SZ,20041027,5.28,5.48,5.28,5.42,5.28,0.14,2.65,9238.59,4985.0392
000029.SZ,20041027,6.27,6.39,6.15,6.28,6.06,0.22,3.63,31606.58,19844.9557
000030.SZ,20041027,1.58,1.65,1.54,1.65,1.57,0.08,5.1,15009.94,2452.7779
000032.SZ,20041027,7.6,7.73,7.43,7.7,7.62,0.08,1.05,8068.78,6119.3688
000033.SZ,20041027,3.93,4.08,3.86,4.07,3.93,0.14,3.56,3910.16,1550.9623
000034.SZ,20041027,3.62,3.99,3.52,3.92,3.63,0.29,7.99,21130.37,7995.8944
000035.SZ,20041027,5.99,6.05,5.75,6.04,6.09,-0.05,-0.82,13982.92,8299.2792
000037.SZ,20041027,11.18,11.28,11.0,11.27,11.12,0.15,1.35,5663.67,6299.9885
000038.SZ,20041027,9.16,9.45,9.15,9.44,9.15,0.29,3.17,4280.78,3996.4896
000039.SZ,20041027,25.0,25.3,24.62,24.72,24.96,-0.24,-0.96,86199.73,215464.0928
000040.SZ,20041027,3.08,3.12,3.01,3.05,3.03,0.02,0.66,29907.69,9108.463
000042.SZ,20041027,5.0,5.34,4.95,5.33,4.98,0.35,7.03,4330.06,2228.2907
000043.SZ,20041027,8.61,8.88,8.4,8.84,8.66,0.18,2.08,5386.82,4633.5648
000045.SZ,20041027,7.1,7.2,7.01,7.17,7.17,0.0,0.0,1733.0,1232.8315
000046.SZ,20041027,4.18,4.4,4.13,4.38,4.18,0.2,4.78,10876.64,4628.7552
000048.SZ,20041027,2.25,2.42,2.25,2.42,2.3,0.12,5.22,17878.08,4244.9266
000049.SZ,20041027,5.67,5.91,5.56,5.91,5.63,0.28,4.97,8339.17,4833.215
000050.SZ,20041027,9.77,9.78,9.28,9.61,9.73,-0.12,-1.23,32566.2,30899.9296
000055.SZ,20041027,8.21,8.34,7.98,8.33,8.2,0.13,1.59,7595.78,6174.3629
000056.SZ,20041027,5.49,5.7,5.4,5.67,5.49,0.18,3.28,3642.56,2027.0972
000058.SZ,20041027,5.24,5.5,5.21,5.49,5.21,0.28,5.37,5640.17,3044.6923
000059.SZ,20041027,5.55,5.71,5.49,5.68,5.54,0.14,2.53,36761.43,20688.2523
000060.SZ,20041027,6.42,6.68,6.32,6.68,6.42,0.26,4.05,18067.06,11816.3493
000061.SZ,20041027,4.44,4.49,4.35,4.49,4.49,0.0,0.0,48010.26,21191.2701
000062.SZ,20041027,7.07,7.52,7.03,7.44,7.07,0.37,5.23,38613.41,28376.1885
000063.SZ,20041027,26.3,26.8,25.95,26.46,25.98,0.48,1.85,33057.41,87029.9441
000065.SZ,20041027,5.13,5.68,5.07,5.47,5.18,0.29,5.6,5249.87,2782.5762
000066.SZ,20041027,11.6,11.88,11.39,11.85,11.54,0.31,2.69,71556.62,83376.2499
000068.SZ,20041027,7.82,8.18,7.68,8.14,7.99,0.15,1.88,27002.01,21239.6727
000069.SZ,20041027,7.1,7.2,6.92,7.19,7.11,0.08,1.13,48803.26,34631.3587
000070.SZ,20041027,6.12,6.42,6.06,6.41,6.11,0.3,4.91,8000.45,5017.106
000078.SZ,20041027,4.81,4.94,4.68,4.92,4.81,0.11,2.29,11192.09,5398.8447
000088.SZ,20041027,13.9,13.95,13.35,13.37,13.9,-0.53,-3.81,80172.25,108721.2558
000089.SZ,20041027,10.25,10.25,9.98,10.15,10.21,-0.06,-0.59,17484.29,17753.3177
000090.SZ,20041027,5.57,5.8,5.48,5.77,5.57,0.2,3.59,3281.19,1844.7964
000096.SZ,20041027,6.37,6.48,6.2,6.44,6.37,0.07,1.1,10411.26,6582.1196
000099.SZ,20041027,4.65,4.75,4.5,4.75,4.61,0.14,3.04,22679.35,10554.3051
000150.SZ,20041027,3.12,3.24,3.07,3.22,3.12,0.1,3.21,20308.38,6477.607
000151.SZ,20041027,4.82,4.95,4.74,4.95,4.78,0.17,3.56,16510.05,8050.5119
000153.SZ,20041027,6.71,6.88,6.66,6.86,6.79,0.07,1.03,1541.0,1043.0548
000155.SZ,20041027,3.65,3.81,3.65,3.81,3.67,0.14,3.81,8264.06,3088.9545
000156.SZ,20041027,3.67,4.06,3.58,4.06,3.69,0.37,10.03,32080.57,12348.0648
000157.SZ,20041027,8.13,8.3,7.95,8.28,8.15,0.13,1.6,32542.39,26219.165
000158.SZ,20041027,4.14,4.18,4.04,4.17,4.15,0.02,0.48,4518.54,1856.914
000159.SZ,20041027,6.1,6.15,5.9,6.07,6.1,-0.03,-0.49,5194.42,3125.9641
000301.SZ,20041027,3.87,3.98,3.76,3.95,3.88,0.07,1.8,9079.65,3507.6869
000400.SZ,20041027,9.45,9.68,9.3,9.67,9.46,0.21,2.22,8769.0,8331.7505
000401.SZ,20041027,4.13,4.15,4.02,4.15,4.13,0.02,0.48,18034.54,7376.8671
000402.SZ,20041027,8.7,8.99,8.69,8.97,8.7,0.27,3.1,47866.62,42249.4268
000403.SZ,20041027,4.4,4.78,4.21,4.61,4.46,0.15,3.36,5905.89,2651.312
000404.SZ,20041027,3.1,3.43,3.05,3.43,3.12,0.31,9.94,17961.93,5927.2292
000406.SZ,20041027,6.68,6.77,6.55,6.75,6.73,0.02,0.3,45872.67,30544.2743
000407.SZ,20041027,3.48,3.55,3.34,3.55,3.49,0.06,1.72,10375.04,3567.713
000408.SZ,20041027,4.23,4.45,4.15,4.41,4.25,0.16,3.76,4903.26,2115.7814
000410.SZ,20041027,7.83,7.89,7.67,7.87,7.8,0.07,0.9,25723.15,20049.7358
000411.SZ,20041027,3.91,4.13,3.88,4.04,3.95,0.09,2.28,589.5,233.2598
000413.SZ,20041027,4.87,5.25,4.87,5.21,4.85,0.36,7.42,20376.22,10284.7431
000415.SZ,20041027,3.98,4.04,3.92,4.04,3.67,0.37,10.08,6008.82,2418.0373
000416.SZ,20041027,6.15,6.15,6.05,6.12,6.15,-0.03,-0.49,46816.0,28468.5376
000417.SZ,20041027,4.31,4.42,4.28,4.4,4.32,0.08,1.85,7674.14,3326.9901
000418.SZ,20041027,4.08,4.26,4.03,4.25,4.09,0.16,3.91,4780.13,1974.9951
000419.SZ,20041027,4.6,4.74,4.48,4.73,4.67,0.06,1.28,6331.07,2913.4022
000420.SZ,20041027,4.92,4.99,4.85,4.98,4.96,0.02,0.4,9503.19,4664.6936
000421.SZ,20041027,3.33,3.45,3.28,3.44,3.33,0.11,3.3,4674.12,1575.2745
000422.SZ,20041027,8.48,8.76,8.4,8.54,8.45,0.09,1.07,79546.26,68390.4198
000423.SZ,20041027,8.82,9.07,8.68,8.8,8.83,-0.03,-0.34,87961.52,78203.89
000425.SZ,20041027,4.82,5.1,4.63,5.02,4.82,0.2,4.15,19641.75,9453.334
000426.SZ,20041027,4.59,4.72,4.5,4.71,4.61,0.1,2.17,3031.13,1396.4983
000428.SZ,20041027,7.26,7.8,7.25,7.79,7.26,0.53,7.3,15719.55,11966.7736
000429.SZ,20041027,4.58,4.74,4.51,4.72,4.54,0.18,3.96,11628.18,5405.6127
000430.SZ,20041027,4.02,4.19,3.96,4.18,4.02,0.16,3.98,10234.26,4176.3805
000488.SZ,20041027,11.0,11.36,11.0,11.26,11.0,0.26,2.36,32992.17,37016.0156
000498.SZ,20041027,4.28,4.42,4.16,4.38,4.35,0.03,0.69,55484.67,23787.9058
000501.SZ,20041027,2.95,3.05,2.91,3.04,2.97,0.07,2.36,12332.23,3685.5017
000502.SZ,20041027,7.35,7.4,7.12,7.38,7.33,0.05,0.68,1150.36,839.7535
000503.SZ,20041027,14.27,14.27,13.01,13.5,14.34,-0.84,-5.86,310438.38,420799.8678
000504.SZ,20041027,6.37,6.49,6.22,6.48,6.38,0.1,1.57,9124.8,5753.0321
000505.SZ,20041027,1.86,1.98,1.86,1.96,1.89,0.07,3.7,4794.11,933.9409
000506.SZ,20041027,2.9,3.09,2.83,3.03,2.92,0.11,3.77,46244.6,13808.2087
000507.SZ,20041027,5.35,5.6,5.32,5.58,5.31,0.27,5.08,27395.81,15007.1169
000509.SZ,20041027,3.4,3.53,3.32,3.51,3.42,0.09,2.63,13023.06,4465.4493
000510.SZ,20041027,3.97,4.02,3.92,4.01,4.0,0.01,0.25,50005.88,19872.5981
000511.SZ,20041027,5.34,5.4,5.23,5.4,5.33,0.07,1.31,26554.64,14097.2499
000513.SZ,20041027,8.08,8.45,7.9,8.26,8.03,0.23,2.86,32404.63,26819.0106
000514.SZ,20041027,6.19,6.19,5.96,6.1,6.16,-0.06,-0.97,6362.98,3868.3954
000515.SZ,20041027,6.71,6.84,6.55,6.77,6.78,-0.01,-0.15,5789.26,3880.7434
000516.SZ,20041027,5.87,6.09,5.87,6.08,5.9,0.18,3.05,2441.97,1457.3091
000517.SZ,20041027,5.58,5.95,5.45,5.94,5.6,0.34,6.07,17716.93,10261.7736
000518.SZ,20041027,2.85,2.9,2.79,2.88,2.87,0.01,0.35,160666.06,45692.351
000519.SZ,20041027,6.68,6.68,6.5,6.53,6.68,-0.15,-2.25,2274.7,1490.3047
000521.SZ,20041027,3.31,3.47,3.31,3.44,3.3,0.14,4.24,9087.98,3077.6616
000522.SZ,20041027,4.32,4.47,4.23,4.45,4.33,0.12,2.77,7829.57,3394.8028
000523.SZ,20041027,3.26,3.4,3.21,3.4,3.26,0.14,4.29,5714.75,1887.2671
000524.SZ,20041027,3.71,3.8,3.66,3.8,3.61,0.19,5.26,15440.08,5770.048
000525.SZ,20041027,5.5,5.57,5.35,5.54,5.47,0.07,1.28,12403.65,6762.2112
000526.SZ,20041027,4.08,4.25,4.0,4.23,4.09,0.14,3.42,2857.42,1168.1982
000527.SZ,20041027,9.65,9.86,9.59,9.73,9.62,0.11,1.14,56668.64,55133.1492
000528.SZ,20041027,5.38,5.51,5.17,5.5,5.4,0.1,1.85,39880.06,21122.6658
000529.SZ,20041027,2.65,2.81,2.63,2.79,2.68,0.11,4.1,10298.96,2821.1837
000530.SZ,20041027,5.0,5.07,4.91,5.01,4.96,0.05,1.01,6131.93,3064.9437
000531.SZ,20041027,8.82,8.82,8.59,8.76,8.73,0.03,0.34,20522.29,17850.9835
000532.SZ,20041027,6.86,6.86,6.32,6.72,6.85,-0.13,-1.9,75988.88,50051.6589
000533.SZ,20041027,3.58,3.7,3.54,3.69,3.65,0.04,1.1,13057.18,4724.1609
000534.SZ,20041027,3.89,4.05,3.87,4.03,3.89,0.14,3.6,4852.88,1908.6241
000535.SZ,20041027,1.11,1.2,1.1,1.2,1.14,0.06,5.26,104564.86,12321.5223
000536.SZ,20041027,2.98,3.13,2.91,3.13,2.98,0.15,5.03,10176.92,3145.4534
000537.SZ,20041027,4.56,4.59,4.51,4.58,4.56,0.02,0.44,7299.1,3317.1367
000538.SZ,20041027,17.08,17.49,17.0,17.18,17.1,0.08,0.47,4723.25,8131.5402
000539.SZ,20041027,6.0,6.1,5.98,6.1,6.01,0.09,1.5,28920.33,17470.8109
000540.SZ,20041027,3.35,3.5,3.32,3.5,3.29,0.21,6.38,33251.58,11410.4009
000541.SZ,20041027,16.48,16.9,16.3,16.54,16.49,0.05,0.3,31264.87,51924.0558
000543.SZ,20041027,5.7,5.73,5.56,5.69,5.68,0.01,0.18,14608.3,8233.3401
000544.SZ,20041027,3.46,3.67,3.41,3.59,3.46,0.13,3.76,11401.79,4053.4129
000545.SZ,20041027,3.95,4.13,3.93,4.09,4.01,0.08,2.0,9341.93,3774.59
000546.SZ,20041027,2.82,2.98,2.82,2.96,2.84,0.12,4.23,5216.42,1533.0911
000547.SZ,20041027,4.3,4.6,4.3,4.59,4.48,0.11,2.46,6868.99,3051.8277
000548.SZ,20041027,3.5,3.83,3.5,3.83,3.48,0.35,10.06,10932.4,4124.6728
000549.SZ,20041027,2.94,3.21,2.87,3.14,2.96,0.18,6.08,186562.31,57501.1311
000550.SZ,20041027,5.15,5.4,4.99,5.37,5.2,0.17,3.27,43064.64,22261.3437
000551.SZ,20041027,5.09,5.15,4.96,5.15,5.09,0.06,1.18,7747.29,3919.659
000552.SZ,20041027,2.92,3.05,2.92,2.99,2.9,0.09,3.1,11666.88,3513.9791
000553.SZ,20041027,3.96,4.02,3.65,3.99,4.0,-0.01,-0.25,23716.34,9186.6857
000554.SZ,20041027,10.14,10.19,10.06,10.17,10.14,0.03,0.3,4568.1,4622.5122
000555.SZ,20041027,15.7,15.7,15.3,15.7,15.77,-0.07,-0.44,26.0,40.595
000557.SZ,20041027,1.19,1.27,1.15,1.27,1.21,0.06,4.96,56951.77,7029.1327
000558.SZ,20041027,4.48,4.79,4.38,4.74,4.44,0.3,6.76,5286.0,2414.8806
000559.SZ,20041027,4.55,4.65,4.45,4.56,4.55,0.01,0.22,16316.3,7411.8216
000560.SZ,20041027,3.71,3.78,3.6,3.77,3.77,0.0,0.0,4911.85,1819.1328
000562.SZ,20041027,5.48,5.63,5.4,5.59,5.4,0.19,3.52,41677.43,22983.3077
000564.SZ,20041027,3.83,3.92,3.76,3.9,3.83,0.07,1.83,4756.26,1823.1976
000565.SZ,20041027,3.39,3.59,3.33,3.53,3.41,0.12,3.52,14809.35,5146.1031
000566.SZ,20041027,4.18,4.3,4.18,4.3,4.28,0.02,0.47,1519.6,639.8798
000567.SZ,20041027,3.44,3.65,3.44,3.51,3.61,-0.1,-2.77,936.54,328.871
000568.SZ,20041027,3.62,3.65,3.53,3.64,3.61,0.03,0.83,10531.08,3791.289
000569.SZ,20041027,2.64,2.8,2.6,2.75,2.64,0.11,4.17,12149.02,3283.6624
000570.SZ,20041027,3.92,4.07,3.85,4.05,3.93,0.12,3.05,7894.0,3135.0589
000571.SZ,20041027,2.7,2.83,2.68,2.81,2.75,0.06,2.18,18316.88,5061.98
000572.SZ,20041027,5.1,5.16,5.0,5.15,5.11,0.04,0.78,3198.24,1621.1202
000573.SZ,20041027,3.15,3.22,3.06,3.21,3.1,0.11,3.55,11352.41,3559.214
000576.SZ,20041027,3.26,3.36,3.2,3.35,3.26,0.09,2.76,4271.42,1397.4339
000578.SZ,20041027,5.85,6.08,5.83,6.07,5.85,0.22,3.76,3360.2,2005.4053
000581.SZ,20041027,7.24,7.28,7.06,7.22,7.24,-0.02,-0.28,33988.37,24317.9791
000582.SZ,20041027,4.11,4.34,4.08,4.32,4.11,0.21,5.11,3612.5,1503.7885
000583.SZ,20041027,1.66,1.75,1.65,1.75,1.67,0.08,4.79,36312.07,6307.0687
000584.SZ,20041027,4.3,4.52,4.25,4.51,4.34,0.17,3.92,6335.19,2781.2681
000585.SZ,20041027,2.58,2.7,2.56,2.7,2.57,0.13,5.06,33916.07,9028.4022
000586.SZ,20041027,5.98,6.3,5.87,6.26,5.99,0.27,4.51,32722.12,20073.6512
000587.SZ,20041027,1.6,1.69,1.55,1.69,1.61,0.08,4.97,13620.44,2266.4103
000589.SZ,20041027,3.36,3.5,3.25,3.49,3.36,0.13,3.87,10243.1,3476.0668
000590.SZ,20041027,3.51,3.66,3.45,3.62,3.51,0.11,3.13,10545.49,3767.2543
000591.SZ,20041027,5.63,5.84,5.56,5.84,5.64,0.2,3.55,3083.54,1764.6531
000592.SZ,20041027,1.62,1.63,1.53,1.63,1.55,0.08,5.16,32987.47,5221.9783
000593.SZ,20041027,3.77,3.96,3.69,3.89,3.77,0.12,3.18,6532.84,2475.9384
000594.SZ,20041027,3.67,3.74,3.62,3.73,3.69,0.04,1.08,11848.67,4356.3459
000595.SZ,20041027,4.06,4.28,3.93,4.27,4.05,0.22,5.43,8360.3,3406.4034
000596.SZ,20041027,5.7,5.94,5.57,5.91,5.7,0.21,3.68,1980.57,1136.8769
000597.SZ,20041027,4.13,4.49,4.13,4.46,4.18,0.28,6.7,11549.39,5047.4567
000598.SZ,20041027,3.86,4.0,3.8,4.0,3.83,0.17,4.44,7325.59,2871.9304
000599.SZ,20041027,4.67,4.78,4.61,4.78,4.67,0.11,2.36,6432.35,3024.0586
000600.SZ,20041027,9.59,9.86,9.51,9.82,9.59,0.23,2.4,13522.56,13114.541
000601.SZ,20041027,6.08,6.1,5.9,5.95,6.07,-0.12,-1.98,29670.66,17689.2271
000602.SZ,20041027,7.1,7.37,7.1,7.28,7.2,0.08,1.11,8544.23,6188.1718
000603.SZ,20041027,3.4,3.57,3.36,3.57,3.4,0.17,5.0,2937.11,1034.1696
000605.SZ,20041027,6.87,7.1,6.7,7.07,6.86,0.21,3.06,1211.0,838.6928
000606.SZ,20041027,3.9,4.06,3.77,4.0,3.92,0.08,2.04,12829.21,5033.1554
000607.SZ,20041027,4.56,4.83,4.46,4.67,4.54,0.13,2.86,171830.95,81103.932
000608.SZ,20041027,9.3,9.71,9.14,9.69,9.3,0.39,4.19,38690.95,36674.9065
000609.SZ,20041027,7.33,7.45,7.27,7.42,7.41,0.01,0.14,2781.71,2044.3782
000610.SZ,20041027,5.14,5.26,5.1,5.25,5.19,0.06,1.16,6846.23,3542.3726
000611.SZ,20041027,4.51,4.63,4.45,4.63,4.51,0.12,2.66,4866.01,2205.4373
000612.SZ,20041027,4.16,4.19,4.05,4.17,4.17,0.0,0.0,18033.0,7439.1993
000613.SZ,20041027,1.6,1.68,1.56,1.68,1.6,0.08,5.0,7716.08,1273.2612
000615.SZ,20041027,5.34,5.38,5.12,5.38,5.3,0.08,1.51,4408.31,2310.7035
000616.SZ,20041027,6.61,6.67,6.26,6.5,6.58,-0.08,-1.22,43163.38,27661.1853
000617.SZ,20041027,13.02,13.35,12.89,13.14,13.29,-0.15,-1.13,6904.56,9043.1615
000618.SZ,20041027,6.54,6.54,6.2,6.26,6.24,0.02,0.32,219512.38,140345.3472
000619.SZ,20041027,6.0,6.14,5.9,6.04,6.06,-0.02,-0.33,64372.53,38729.236
000620.SZ,20041027,1.9,1.99,1.85,1.99,1.91,0.08,4.19,44752.42,8704.1013
000622.SZ,20041027,3.36,3.41,3.25,3.4,3.36,0.04,1.19,11039.8,3693.5552
000623.SZ,20041027,6.42,6.58,6.33,6.53,6.57,-0.04,-0.61,20059.62,12937.9541
000625.SZ,20041027,5.98,6.15,5.74,6.14,6.02,0.12,1.99,100165.2,59179.0644
000626.SZ,20041027,10.55,10.72,10.38,10.68,10.44,0.24,2.3,2294.5,2418.835
000627.SZ,20041027,3.15,3.29,3.13,3.28,3.17,0.11,3.47,18425.76,5922.8052
000628.SZ,20041027,4.15,4.32,4.13,4.31,4.17,0.14,3.36,5687.79,2411.5179
000629.SZ,20041027,5.68,5.78,5.65,5.76,5.68,0.08,1.41,58488.61,33516.8508
000630.SZ,20041027,5.52,5.82,5.51,5.7,5.52,0.18,3.26,52471.42,29658.84
000631.SZ,20041027,3.26,3.51,3.15,3.39,3.31,0.08,2.42,41281.85,13893.9149
000632.SZ,20041027,8.1,8.23,8.06,8.14,8.1,0.04,0.49,6139.0,4996.3718
000633.SZ,20041027,2.91,3.28,2.91,3.17,2.98,0.19,6.38,156618.9,48753.5865
000635.SZ,20041027,9.9,9.9,9.49,9.62,9.72,-0.1,-1.03,6643.6,6473.666
000636.SZ,20041027,6.11,6.11,5.84,6.04,6.08,-0.04,-0.66,24420.37,14517.2858
000637.SZ,20041027,9.05,9.1,9.0,9.09,9.04,0.05,0.55,1659.0,1504.4797
000639.SZ,20041027,16.6,17.15,16.6,16.95,16.75,0.2,1.19,2223.0,3758.3726
000650.SZ,20041027,3.12,3.34,3.1,3.29,3.16,0.13,4.11,12214.72,3972.1315
000651.SZ,20041027,12.3,12.71,12.2,12.7,12.3,0.4,3.25,37349.25,46587.8888
000652.SZ,20041027,4.57,4.66,4.55,4.66,4.57,0.09,1.97,3443.36,1582.2105
000655.SZ,20041027,2.7,2.8,2.64,2.79,2.71,0.08,2.95,15746.69,4286.6813
000656.SZ,20041027,3.37,3.44,3.27,3.43,3.37,0.06,1.78,1936.65,654.0297
000657.SZ,20041027,4.85,4.91,4.7,4.9,4.85,0.05,1.03,5370.22,2583.7548
000659.SZ,20041027,4.87,4.98,4.81,4.85,4.85,0.0,0.0,46313.78,22585.5514
000661.SZ,20041027,4.45,4.66,4.34,4.64,4.47,0.17,3.8,6734.86,3025.327
000662.SZ,20041027,8.36,8.68,8.33,8.64,8.39,0.25,2.98,5886.89,4941.291
000663.SZ,20041027,4.29,4.38,4.16,4.37,4.28,0.09,2.1,3188.65,1355.3751
000665.SZ,20041027,3.85,4.09,3.82,4.03,3.86,0.17,4.4,5309.91,2087.6983
000667.SZ,20041027,4.95,4.98,4.81,4.96,4.93,0.03,0.61,5049.82,2469.0364
000668.SZ,20041027,9.96,10.1,9.95,10.1,10.0,0.1,1.0,1168.93,1169.5603
000669.SZ,20041027,7.8,8.03,7.61,8.02,7.68,0.34,4.43,4223.45,3309.1534
000670.SZ,20041027,3.91,4.14,3.9,4.11,3.95,0.16,4.05,18506.11,7457.5087
000671.SZ,20041027,6.98,7.08,6.98,7.07,6.99,0.08,1.14,1040.0,733.1835
000672.SZ,20041027,3.24,3.45,3.13,3.4,3.24,0.16,4.94,19395.86,6411.3068
000673.SZ,20041027,4.64,4.65,4.45,4.63,4.64,-0.01,-0.22,2331.08,1053.4867
000676.SZ,20041027,18.93,18.96,18.82,18.96,18.95,0.01,0.05,1493.17,2821.1059
000677.SZ,20041027,9.35,9.4,9.09,9.27,9.31,-0.04,-0.43,8485.36,7791.9339
000678.SZ,20041027,3.12,3.22,3.07,3.2,3.12,0.08,2.56,7037.26,2216.4618
000679.SZ,20041027,4.0,4.06,3.88,4.02,4.01,0.01,0.25,6505.54,2575.582
000680.SZ,20041027,3.66,3.78,3.65,3.77,3.66,0.11,3.01,59270.56,21944.3587
000681.SZ,20041027,3.41,3.6,3.38,3.59,3.45,0.14,4.06,5522.53,1929.2088
000682.SZ,20041027,3.62,3.7,3.56,3.69,3.63,0.06,1.65,36057.26,13047.7102
000683.SZ,20041027,2.88,2.88,2.74,2.81,2.78,0.03,1.08,31222.17,8766.5244
000685.SZ,20041027,4.45,4.67,4.33,4.63,4.45,0.18,4.04,15525.18,6994.0661
000686.SZ,20041027,12.28,12.69,12.2,12.35,12.23,0.12,0.98,297.0,369.5421
000687.SZ,20041027,3.56,3.74,3.5,3.7,3.59,0.11,3.06,4073.75,1474.434
000688.SZ,20041027,5.71,5.71,5.46,5.59,5.69,-0.1,-1.76,27083.37,15077.5277
000690.SZ,20041027,4.88,5.17,4.83,5.15,4.88,0.27,5.53,9641.48,4823.4867
000691.SZ,20041027,1.83,1.91,1.78,1.9,1.83,0.07,3.83,18344.83,3420.2661
000692.SZ,20041027,4.08,4.24,4.05,4.22,4.08,0.14,3.43,4181.19,1731.9829
000693.SZ,20041027,10.82,10.88,10.28,10.75,10.83,-0.08,-0.74,16120.54,17019.7422
000695.SZ,20041027,3.83,4.02,3.82,3.96,3.93,0.03,0.76,9104.55,3593.8944
000697.SZ,20041027,5.31,5.76,5.23,5.69,5.31,0.38,7.16,21853.64,12119.9941
000698.SZ,20041027,5.17,5.19,5.06,5.18,5.17,0.01,0.19,7603.65,3889.6907
000699.SZ,20041027,1.8,1.89,1.73,1.87,1.81,0.06,3.31,14121.89,2589.102
000700.SZ,20041027,4.18,4.3,4.06,4.28,4.14,0.14,3.38,14851.47,6166.355
000701.SZ,20041027,7.42,7.52,7.2,7.51,7.44,0.07,0.94,11365.9,8373.6836
000702.SZ,20041027,3.74,3.91,3.7,3.9,3.72,0.18,4.84,13978.59,5322.1673
000703.SZ,20041027,4.81,4.96,4.66,4.96,4.81,0.15,3.12,6224.56,2988.4061
000705.SZ,20041027,4.06,4.19,4.0,4.16,4.08,0.08,1.96,2936.82,1202.2788
000707.SZ,20041027,4.01,4.03,3.91,4.03,4.0,0.03,0.75,9719.73,3863.6262
000708.SZ,20041027,5.34,5.56,5.34,5.55,5.34,0.21,3.93,27429.43,15021.17
000709.SZ,20041027,4.17,4.23,4.12,4.22,4.14,0.08,1.93,17098.49,7171.5715
000710.SZ,20041027,2.67,2.79,2.62,2.76,2.7,0.06,2.22,3368.15,918.885
000711.SZ,20041027,5.21,5.49,5.21,5.48,5.0,0.48,9.6,15234.71,8115.4814
000712.SZ,20041027,4.54,4.66,4.42,4.64,4.52,0.12,2.65,3679.28,1665.8989
000713.SZ,20041027,4.26,4.38,4.16,4.38,4.26,0.12,2.82,8912.88,3809.9453
000715.SZ,20041027,5.97,6.04,5.85,5.99,5.98,0.01,0.17,2654.0,1575.411
000716.SZ,20041027,4.0,4.12,3.9,4.09,4.02,0.07,1.74,7857.13,3162.4937
000717.SZ,20041027,7.35,7.69,7.24,7.64,7.36,0.28,3.8,74426.34,55735.5447
000718.SZ,20041027,1.14,1.2,1.11,1.2,1.14,0.06,5.26,21042.41,2486.9558
000719.SZ,20041027,3.93,4.05,3.85,4.05,3.93,0.12,3.05,2390.04,941.9345
000720.SZ,20041027,6.63,6.98,6.56,6.94,6.67,0.27,4.05,16742.34,11401.2852
000721.SZ,20041027,4.26,4.4,4.18,4.38,4.29,0.09,2.1,7903.34,3380.9468
000722.SZ,20041027,3.5,3.63,3.37,3.58,3.52,0.06,1.7,49788.44,17474.3842
000723.SZ,20041027,9.56,9.59,9.03,9.55,9.59,-0.04,-0.42,25155.9,23397.9203
000725.SZ,20041027,8.2,8.2,7.87,8.14,8.21,-0.07,-0.85,45242.13,36414.4891
000726.SZ,20041027,11.8,12.15,11.75,12.09,11.65,0.44,3.78,51089.49,61058.9567
000727.SZ,20041027,5.11,5.43,5.08,5.42,5.15,0.27,5.24,43169.8,22523.5681
000728.SZ,20041027,6.12,6.2,5.95,6.14,6.12,0.02,0.33,16005.31,9708.698
000729.SZ,20041027,12.97,13.05,12.61,12.79,12.97,-0.18,-1.39,27356.11,35424.5263
000731.SZ,20041027,12.2,12.38,12.0,12.28,12.15,0.13,1.07,8794.28,10758.2307
000732.SZ,20041027,3.0,3.19,2.95,3.14,3.0,0.14,4.67,6533.5,1999.182
000733.SZ,20041027,5.71,5.74,5.56,5.73,5.71,0.02,0.35,10689.02,6028.5605
000735.SZ,20041027,3.0,3.11,2.98,3.09,2.96,0.13,4.39,25914.16,7888.551
000736.SZ,20041027,3.04,3.22,2.99,3.22,3.07,0.15,4.89,6122.95,1928.0469
000737.SZ,20041027,3.3,3.34,3.22,3.32,3.29,0.03,0.91,19155.25,6279.7766
000738.SZ,20041027,2.82,2.95,2.77,2.9,2.86,0.04,1.4,19447.09,5621.8226
000739.SZ,20041027,5.23,5.3,5.12,5.29,5.23,0.06,1.15,3605.99,1873.8573
000748.SZ,20041027,4.0,4.23,3.91,4.18,4.0,0.18,4.5,17138.94,6978.7717
000750.SZ,20041027,3.33,3.43,3.2,3.38,3.3,0.08,2.42,25348.83,8455.0861
000751.SZ,20041027,3.57,3.76,3.48,3.75,3.59,0.16,4.46,20171.71,7325.7398
000752.SZ,20041027,5.78,6.19,5.74,6.12,5.84,0.28,4.79,11344.31,6803.3432
000753.SZ,20041027,3.63,3.74,3.55,3.74,3.63,0.11,3.03,26224.16,9575.3153
000755.SZ,20041027,4.46,4.56,4.43,4.55,4.46,0.09,2.02,8233.47,3724.2225
000756.SZ,20041027,4.56,4.6,4.4,4.58,4.54,0.04,0.88,2392.35,1078.5108
000757.SZ,20041027,4.28,4.85,4.28,4.72,4.76,-0.04,-0.84,213913.51,93830.4222
000758.SZ,20041027,4.52,4.66,4.46,4.63,4.52,0.11,2.43,19123.35,8724.6246
000759.SZ,20041027,5.74,5.85,5.65,5.81,5.76,0.05,0.87,19448.98,11265.789
000760.SZ,20041027,3.43,3.62,3.42,3.61,3.49,0.12,3.44,2732.58,967.6963
000761.SZ,20041027,4.4,4.45,4.3,4.45,4.4,0.05,1.14,6088.68,2657.6534
000762.SZ,20041027,6.17,6.34,6.06,6.32,6.17,0.15,2.43,10338.64,6447.9607
000763.SZ,20041027,4.92,5.14,4.69,5.1,4.97,0.13,2.62,45759.9,22581.5114
000766.SZ,20041027,1.38,1.51,1.37,1.51,1.44,0.07,4.86,46857.43,6800.0758
000767.SZ,20041027,7.26,7.34,7.23,7.27,7.26,0.01,0.14,12249.53,8917.4763
000768.SZ,20041027,4.46,4.55,4.38,4.54,4.44,0.1,2.25,5281.1,2362.741
000769.SZ,20041027,2.04,2.2,2.04,2.17,2.15,0.02,0.93,43289.04,8972.7231
000776.SZ,20041027,3.3,3.33,3.22,3.28,3.21,0.07,2.18,19822.84,6487.4932
000777.SZ,20041027,5.68,5.69,5.4,5.6,5.77,-0.17,-2.95,19702.85,10864.6434
000778.SZ,20041027,8.72,8.85,8.65,8.79,8.69,0.1,1.15,24353.25,21377.2131
000779.SZ,20041027,7.81,7.83,7.6,7.66,7.85,-0.19,-2.42,4299.57,3300.6097
000780.SZ,20041027,4.73,4.76,4.64,4.75,4.73,0.02,0.42,13295.47,6254.742
000782.SZ,20041027,5.0,5.1,4.95,5.05,5.04,0.01,0.2,10655.19,5359.7176
000783.SZ,20041027,3.35,3.38,3.2,3.33,3.31,0.02,0.6,30271.85,9971.6968
000785.SZ,20041027,3.23,3.4,3.16,3.37,3.29,0.08,2.43,6816.44,2254.5586
000786.SZ,20041027,4.55,4.6,4.48,4.58,4.56,0.02,0.44,26183.63,11920.5901
000787.SZ,20041027,8.13,8.78,8.1,8.78,7.98,0.8,10.03,300694.82,257560.0194
000788.SZ,20041027,4.5,4.69,4.5,4.68,4.47,0.21,4.7,12750.27,5876.2848
000789.SZ,20041027,5.92,5.97,5.63,5.96,5.92,0.04,0.68,27646.47,16030.5417
000790.SZ,20041027,4.98,5.29,4.8,5.24,4.87,0.37,7.6,10974.23,5585.7551
000791.SZ,20041027,3.51,3.73,3.43,3.67,3.51,0.16,4.56,17381.3,6220.2873
000792.SZ,20041027,9.0,9.35,8.82,9.09,9.0,0.09,1.0,125605.41,114826.4441
000793.SZ,20041027,6.39,6.39,6.26,6.36,6.39,-0.03,-0.47,5332.4,3368.4632
000795.SZ,20041027,4.0,4.1,3.92,4.09,4.05,0.04,0.99,3430.75,1374.9017
000796.SZ,20041027,3.59,3.69,3.51,3.68,3.59,0.09,2.51,2903.27,1042.9338
000797.SZ,20041027,2.98,3.09,2.94,3.08,3.0,0.08,2.67,4999.41,1517.9035
000798.SZ,20041027,4.55,4.66,4.5,4.64,4.69,-0.05,-1.07,7261.4,3320.5225
000799.SZ,20041027,4.19,4.3,4.16,4.28,4.18,0.1,2.39,5175.81,2184.6156
000800.SZ,20041027,4.32,4.44,4.2,4.41,4.36,0.05,1.15,76693.74,32988.1648
000801.SZ,20041027,3.35,3.51,3.26,3.51,3.35,0.16,4.78,3928.7,1351.1766
000802.SZ,20041027,2.48,2.59,2.45,2.59,2.47,0.12,4.86,7755.25,1968.2077
000803.SZ,20041027,12.3,13.59,12.3,12.57,12.35,0.22,1.78,1045.72,1338.5336
000805.SZ,20041027,4.14,4.36,4.06,4.36,4.15,0.21,5.06,2106.18,890.9398
000806.SZ,20041027,7.23,7.42,7.23,7.4,7.22,0.18,2.49,22626.01,16609.7354
000807.SZ,20041027,4.26,4.44,4.17,4.43,4.25,0.18,4.24,11973.35,5148.5381
000809.SZ,20041027,4.78,4.78,4.55,4.73,4.74,-0.01,-0.21,1878.09,866.9
000810.SZ,20041027,4.52,4.61,4.41,4.56,4.53,0.03,0.66,5653.4,2557.9287
000811.SZ,20041027,5.24,5.33,5.12,5.32,5.24,0.08,1.53,4428.84,2317.9367
000812.SZ,20041027,4.82,5.0,4.82,5.0,4.85,0.15,3.09,4248.24,2082.8392
000813.SZ,20041027,3.66,3.93,3.57,3.76,3.72,0.04,1.08,62726.28,23742.6581
000815.SZ,20041027,6.96,7.1,6.88,7.07,6.93,0.14,2.02,2691.64,1892.1834
000816.SZ,20041027,3.35,3.39,3.31,3.39,3.23,0.16,4.95,15116.49,5083.3041
000817.SZ,20041027,8.8,8.84,8.56,8.77,8.81,-0.04,-0.45,26214.52,22821.94
000818.SZ,20041027,3.47,3.63,3.44,3.62,3.52,0.1,2.84,4629.0,1635.5271
000819.SZ,20041027,6.25,6.3,6.1,6.29,6.24,0.05,0.8,7802.2,4843.9036
000820.SZ,20041027,3.8,3.85,3.7,3.84,3.79,0.05,1.32,3569.35,1350.065
000821.SZ,20041027,4.06,4.13,4.01,4.12,4.09,0.03,0.73,4161.78,1693.0048
000822.SZ,20041027,8.24,8.36,8.12,8.34,8.23,0.11,1.34,33408.08,27418.381
000823.SZ,20041027,7.05,7.09,6.81,6.99,7.1,-0.11,-1.55,50601.03,35189.0922
000825.SZ,20041027,4.65,4.69,4.55,4.68,4.65,0.03,0.65,50195.49,23106.3037
000826.SZ,20041027,4.88,5.3,4.76,5.14,4.88,0.26,5.33,52858.86,26438.7948
000827.SZ,20041027,3.33,3.4,3.33,3.33,3.5,-0.17,-4.86,12115.0,4035.515
000828.SZ,20041027,5.1,5.17,5.02,5.14,5.07,0.07,1.38,5336.84,2729.5156
000829.SZ,20041027,4.94,5.2,4.89,5.18,4.94,0.24,4.86,15392.18,7845.2863
000830.SZ,20041027,6.03,6.1,5.95,6.1,6.03,0.07,1.16,3100.47,1876.514
000831.SZ,20041027,4.45,4.56,4.37,4.55,4.42,0.13,2.94,10899.54,4858.1192
000832.SZ,20041027,2.24,2.32,2.2,2.31,2.25,0.06,2.67,12629.65,2842.1414
000833.SZ,20041027,5.21,5.5,5.15,5.44,5.23,0.21,4.02,76838.02,40483.0058
000835.SZ,20041027,8.15,8.26,7.98,8.25,8.19,0.06,0.73,5609.15,4578.2778
000836.SZ,20041027,6.78,6.96,6.6,6.91,6.77,0.14,2.07,7553.49,5093.2448
000837.SZ,20041027,5.13,5.2,5.01,5.18,5.15,0.03,0.58,16255.75,8295.2354
000838.SZ,20041027,7.93,8.22,7.9,8.21,8.07,0.14,1.73,1518.37,1223.3739
000839.SZ,20041027,13.26,13.38,12.9,13.24,13.26,-0.02,-0.15,32644.83,42777.7817
000848.SZ,20041027,5.25,5.37,5.08,5.18,5.29,-0.11,-2.08,7120.09,3702.2405
000850.SZ,20041027,2.65,2.75,2.64,2.73,2.69,0.04,1.49,122023.17,32887.517
000851.SZ,20041027,5.39,5.39,5.19,5.27,5.19,0.08,1.54,21111.22,11184.1733
000852.SZ,20041027,6.2,6.32,6.09,6.26,6.31,-0.05,-0.79,7588.57,4700.3452
000856.SZ,20041027,3.38,3.5,3.31,3.45,3.39,0.06,1.77,4998.04,1697.374
000858.SZ,20041027,7.54,7.69,7.49,7.61,7.52,0.09,1.2,110312.46,83824.9385
000859.SZ,20041027,3.04,3.12,2.99,3.1,3.03,0.07,2.31,14612.15,4459.0564
000860.SZ,20041027,5.36,5.52,5.28,5.5,5.36,0.14,2.61,8319.9,4496.6458
000861.SZ,20041027,6.14,6.33,6.05,6.3,6.13,0.17,2.77,15124.44,9419.7484
000862.SZ,20041027,3.5,3.6,3.35,3.59,3.48,0.11,3.16,17099.44,5973.6428
000863.SZ,20041027,5.03,5.69,4.93,5.52,5.32,0.2,3.76,21887.73,11532.414
000866.SZ,20041027,10.98,11.42,10.9,11.4,11.02,0.38,3.45,65063.17,72733.9588
000868.SZ,20041027,3.37,3.52,3.27,3.48,3.41,0.07,2.05,36206.75,12263.0368
000869.SZ,20041027,12.83,13.15,12.5,12.9,12.91,-0.01,-0.08,11705.28,15157.207
000875.SZ,20041027,4.2,4.25,4.15,4.24,4.2,0.04,0.95,23934.7,10069.146
000876.SZ,20041027,7.3,7.62,7.29,7.58,7.3,0.28,3.84,34515.68,25774.4318
000877.SZ,20041027,4.15,4.25,4.05,4.25,3.86,0.39,10.1,71224.48,29861.5777
000878.SZ,20041027,4.32,4.46,4.32,4.46,4.34,0.12,2.77,10825.8,4758.7903
000880.SZ,20041027,2.98,3.12,2.9,3.11,2.98,0.13,4.36,8572.7,2588.5122
000881.SZ,20041027,4.64,4.75,4.56,4.72,4.63,0.09,1.94,5051.69,2346.6985
000882.SZ,20041027,4.05,4.17,4.05,4.15,4.09,0.06,1.47,3988.14,1639.5457
000883.SZ,20041027,3.75,3.83,3.67,3.83,3.71,0.12,3.23,4332.69,1618.0712
000885.SZ,20041027,2.1,2.22,2.06,2.18,2.11,0.07,3.32,17775.68,3832.5343
000886.SZ,20041027,2.9,3.05,2.88,3.04,2.91,0.13,4.47,7186.42,2115.1215
000887.SZ,20041027,2.8,3.1,2.8,3.09,3.11,-0.02,-0.64,30053.02,8879.8701
000888.SZ,20041027,10.44,10.65,10.31,10.48,10.4,0.08,0.77,16419.45,17172.0926
000889.SZ,20041027,4.38,4.52,4.33,4.49,4.38,0.11,2.51,8428.9,3729.5843
000890.SZ,20041027,4.84,4.88,4.7,4.88,4.85,0.03,0.62,6990.92,3367.2673
000892.SZ,20041027,7.35,7.45,7.16,7.44,7.29,0.15,2.06,15043.32,11042.458
000893.SZ,20041027,3.7,3.85,3.65,3.85,3.61,0.24,6.65,4578.69,1711.7349
000895.SZ,20041027,12.82,13.36,12.75,13.35,12.82,0.53,4.13,64120.17,84472.8733
000897.SZ,20041027,3.03,3.15,2.98,3.13,3.09,0.04,1.29,13124.92,4045.2962
000898.SZ,20041027,4.65,4.84,4.65,4.82,4.7,0.12,2.55,58941.26,28163.9682
000899.SZ,20041027,4.18,4.25,4.11,4.25,4.18,0.07,1.67,4272.55,1785.1808
000900.SZ,20041027,8.93,9.26,8.89,9.1,8.89,0.21,2.36,58367.82,53352.2009
000901.SZ,20041027,5.0,5.47,4.93,5.47,4.97,0.5,10.06,37985.02,20470.2426
000902.SZ,20041027,3.9,4.0,3.75,3.98,3.91,0.07,1.79,6435.07,2497.5411
000903.SZ,20041027,5.2,5.71,5.17,5.7,5.19,0.51,9.83,23978.43,13012.8461
000905.SZ,20041027,7.73,7.95,7.68,7.86,7.76,0.1,1.29,12194.31,9601.2713
000906.SZ,20041027,5.25,5.69,4.98,5.4,5.21,0.19,3.65,91671.12,49015.6958
000908.SZ,20041027,3.82,4.08,3.76,4.02,3.81,0.21,5.51,6912.57,2715.3638
000909.SZ,20041027,6.25,6.46,6.16,6.45,6.25,0.2,3.2,5983.45,3762.4905
000910.SZ,20041027,5.8,6.04,5.8,6.02,5.85,0.17,2.91,3081.65,1826.3978
000911.SZ,20041027,9.92,10.12,9.79,9.99,9.9,0.09,0.91,19663.92,19601.512
000912.SZ,20041027,6.26,6.47,6.26,6.42,6.34,0.08,1.26,35228.05,22380.7743
000913.SZ,20041027,3.86,3.94,3.77,3.9,3.85,0.05,1.3,13803.17,5328.9844
000915.SZ,20041027,4.09,4.31,4.07,4.27,4.1,0.17,4.15,7335.44,3050.8308
000916.SZ,20041027,4.29,4.43,4.24,4.4,4.29,0.11,2.56,37603.79,16315.8892
000917.SZ,20041027,8.16,8.29,8.03,8.28,8.15,0.13,1.6,19445.82,15865.8762
000918.SZ,20041027,3.66,3.85,3.62,3.82,3.67,0.15,4.09,15557.42,5840.5205
000919.SZ,20041027,6.22,6.35,6.16,6.33,6.1,0.23,3.77,2659.55,1657.5746
000920.SZ,20041027,17.55,17.65,16.98,17.11,17.46,-0.35,-2.0,17290.22,29865.4448
000921.SZ,20041027,5.03,5.17,4.98,5.17,5.02,0.15,2.99,17711.65,8978.4901
000922.SZ,20041027,3.68,3.91,3.59,3.86,3.7,0.16,4.32,15060.71,5607.9754
000923.SZ,20041027,7.74,7.9,7.58,7.63,7.74,-0.11,-1.42,1477.0,1132.1142
000925.SZ,20041027,10.25,10.46,10.23,10.45,10.42,0.03,0.29,1683.0,1738.577
000926.SZ,20041027,8.89,9.2,8.8,9.16,8.84,0.32,3.62,28767.87,26079.2769
000927.SZ,20041027,3.3,3.46,3.23,3.45,3.3,0.15,4.55,55109.23,18513.7468
000928.SZ,20041027,3.25,3.44,3.12,3.39,3.37,0.02,0.59,14033.0,4622.5555
000929.SZ,20041027,3.88,4.07,3.78,4.02,3.88,0.14,3.61,17436.93,6778.2765
000930.SZ,20041027,7.0,7.13,6.95,7.11,7.05,0.06,0.85,18949.77,13372.1816
000931.SZ,20041027,3.17,3.33,3.1,3.33,3.17,0.16,5.05,26094.08,8484.5108
000932.SZ,20041027,4.4,4.45,4.27,4.45,4.38,0.07,1.6,20293.84,8861.2866
000933.SZ,20041027,17.58,17.84,17.22,17.55,17.67,-0.12,-0.68,23459.66,41112.6036
000935.SZ,20041027,2.92,3.1,2.87,3.05,2.92,0.13,4.45,9360.45,2818.0659
000936.SZ,20041027,4.8,4.82,4.67,4.82,4.8,0.02,0.42,3973.86,1885.2684
000937.SZ,20041027,12.74,12.99,12.45,12.52,12.63,-0.11,-0.87,48936.0,62466.3712
000938.SZ,20041027,14.15,14.33,13.8,14.29,14.15,0.14,0.99,9969.68,14108.2861
000939.SZ,20041027,7.38,7.53,7.27,7.51,7.38,0.13,1.76,13434.06,9917.2369
000948.SZ,20041027,6.79,7.03,6.75,7.03,6.81,0.22,3.23,1493.2,1026.967
000949.SZ,20041027,5.5,5.56,5.42,5.47,5.57,-0.1,-1.8,7151.6,3914.1941
000950.SZ,20041027,1.6,1.69,1.59,1.69,1.61,0.08,4.97,14259.07,2380.7512
000952.SZ,20041027,4.5,4.59,4.45,4.58,4.58,0.0,0.0,5146.8,2320.958
000953.SZ,20041027,3.83,3.87,3.7,3.86,3.81,0.05,1.31,13733.65,5204.1396
000955.SZ,20041027,4.09,4.16,3.9,4.16,4.12,0.04,0.97,3099.05,1261.1912
000956.SZ,20041027,10.05,10.06,9.69,9.89,10.01,-0.12,-1.2,34306.38,33841.0443
000957.SZ,20041027,3.19,3.38,3.15,3.34,3.28,0.06,1.83,10377.14,3352.95
000958.SZ,20041027,4.31,4.49,4.26,4.48,4.32,0.16,3.7,10748.69,4717.4709
000959.SZ,20041027,4.42,4.44,4.33,4.43,4.41,0.02,0.45,9994.09,4366.5363
000960.SZ,20041027,7.97,7.99,7.72,7.86,7.97,-0.11,-1.38,53568.74,42069.6675
000961.SZ,20041027,4.07,4.15,4.01,4.12,4.07,0.05,1.23,6465.7,2650.9429
000962.SZ,20041027,7.44,7.55,7.29,7.53,7.45,0.08,1.07,26808.61,19881.874
000963.SZ,20041027,4.5,4.63,4.32,4.58,4.53,0.05,1.1,29815.54,13430.9478
000965.SZ,20041027,3.54,3.91,3.46,3.76,3.55,0.21,5.92,8720.24,3245.5523
000966.SZ,20041027,5.4,5.5,5.28,5.5,5.43,0.07,1.29,4103.93,2215.6734
000967.SZ,20041027,4.5,4.7,4.42,4.7,4.49,0.21,4.68,5734.21,2623.9628
000968.SZ,20041027,10.89,10.92,10.55,10.7,10.91,-0.21,-1.92,49042.95,52509.2917
000969.SZ,20041027,11.0,11.1,10.8,11.05,11.19,-0.14,-1.25,12152.19,13314.1866
000970.SZ,20041027,6.23,6.55,6.2,6.5,6.21,0.29,4.67,94165.45,60536.1541
000971.SZ,20041027,4.19,4.24,4.06,4.22,4.19,0.03,0.72,6543.97,2713.1227
000972.SZ,20041027,7.73,7.75,7.48,7.74,7.65,0.09,1.18,2695.87,2055.4533
000973.SZ,20041027,4.88,5.1,4.85,5.09,4.89,0.2,4.09,18236.45,9037.5539
000975.SZ,20041027,3.7,3.84,3.62,3.82,3.7,0.12,3.24,13401.17,4942.3206
000976.SZ,20041027,3.6,3.71,3.5,3.69,3.59,0.1,2.79,13114.25,4733.5497
000977.SZ,20041027,7.88,8.05,7.7,8.03,7.87,0.16,2.03,3499.16,2757.6447
000978.SZ,20041027,6.5,6.85,6.46,6.83,6.54,0.29,4.43,9991.95,6636.5587
000979.SZ,20041027,6.23,6.45,6.22,6.43,6.27,0.16,2.55,1923.91,1217.9866
000980.SZ,20041027,3.3,3.45,3.25,3.43,3.3,0.13,3.94,3226.0,1084.2812
000981.SZ,20041027,6.0,6.16,5.88,6.16,6.0,0.16,2.67,2092.03,1257.7329
000982.SZ,20041027,6.15,6.58,6.12,6.5,6.24,0.26,4.17,17557.39,11289.5476
000983.SZ,20041027,15.61,15.62,14.96,15.12,15.6,-0.48,-3.08,82283.41,124424.7195
000985.SZ,20041027,7.0,7.0,6.75,7.0,6.77,0.23,3.4,973.52,667.4422
000987.SZ,20041027,5.2,5.27,5.08,5.23,5.24,-0.01,-0.19,2713.69,1406.8451
000988.SZ,20041027,7.5,7.7,7.4,7.68,7.5,0.18,2.4,8701.3,6553.7916
000989.SZ,20041027,7.32,7.44,7.27,7.39,7.32,0.07,0.96,29301.72,21577.0435
000990.SZ,20041027,8.39,8.58,8.22,8.41,8.39,0.02,0.24,23434.66,19614.4586
000993.SZ,20041027,4.0,4.1,3.92,4.1,3.99,0.11,2.76,5304.07,2122.6408
000995.SZ,20041027,3.0,3.14,2.98,3.14,2.99,0.15,5.02,3557.3,1091.8603
000996.SZ,20041027,5.01,5.3,5.01,5.28,5.11,0.17,3.33,2073.55,1074.0421
000997.SZ,20041027,9.0,9.08,8.8,8.97,9.0,-0.03,-0.33,2357.88,2102.0443
000998.SZ,20041027,10.88,11.03,10.71,11.01,10.88,0.13,1.19,2755.89,3001.606
000999.SZ,20041027,4.39,4.49,4.26,4.48,4.39,0.09,2.05,25802.68,11277.5378
001696.SZ,20041027,7.91,8.01,7.83,7.93,7.95,-0.02,-0.25,5807.0,4603.2564
001896.SZ,20041027,3.62,3.85,3.62,3.82,3.68,0.14,3.8,3920.09,1472.2718
002001.SZ,20041027,15.2,15.9,14.91,15.8,15.19,0.61,4.02,16878.45,26279.2887
002002.SZ,20041027,10.21,10.9,10.1,10.75,10.3,0.45,4.37,35706.54,37542.2674
002003.SZ,20041027,12.86,13.44,12.75,13.05,12.74,0.31,2.43,52186.4,68358.1597
002004.SZ,20041027,9.6,10.5,9.6,10.3,9.57,0.73,7.63,41450.58,41644.4099
002005.SZ,20041027,16.5,17.95,16.5,17.95,16.32,1.63,9.99,20029.64,35327.2479
002006.SZ,20041027,10.7,11.42,10.6,11.31,10.82,0.49,4.53,26656.54,29408.3719
002007.SZ,20041027,19.8,20.73,19.6,20.7,19.75,0.95,4.81,13822.22,28107.7549
002008.SZ,20041027,21.0,21.99,20.78,21.99,20.99,1.0,4.76,16603.46,35578.204
002009.SZ,20041027,10.86,11.56,10.76,11.49,10.9,0.59,5.41,16658.88,18712.9672
002010.SZ,20041027,10.45,11.0,10.4,10.98,10.55,0.43,4.08,7623.65,8209.9096
002011.SZ,20041027,9.42,10.05,9.3,10.01,9.42,0.59,6.26,16426.42,15919.8019
002012.SZ,20041027,17.6,17.95,17.31,17.89,17.6,0.29,1.65,7292.77,12873.6918
002013.SZ,20041027,9.45,9.87,9.23,9.76,9.4,0.36,3.83,13068.03,12494.8081
002014.SZ,20041027,11.12,11.36,10.95,11.34,11.08,0.26,2.35,17431.9,19476.8464
002015.SZ,20041027,11.06,11.9,10.9,11.9,10.82,1.08,9.98,40097.54,45754.4936
002017.SZ,20041027,14.73,14.73,14.31,14.67,14.56,0.11,0.76,14930.6,21708.1643
002018.SZ,20041027,9.75,10.11,9.6,10.09,9.71,0.38,3.91,13061.73,12894.0937
002019.SZ,20041027,23.0,24.48,22.81,24.45,24.0,0.45,1.88,16160.0,38306.2601
002020.SZ,20041027,11.47,12.01,11.47,11.99,11.59,0.4,3.45,7802.37,9217.9427
002021.SZ,20041027,10.68,10.98,10.42,10.9,10.66,0.24,2.25,13790.39,14770.4442
002022.SZ,20041027,17.03,17.45,16.76,17.38,17.0,0.38,2.24,11784.5,20216.5342
002023.SZ,20041027,19.79,20.67,19.52,20.3,19.87,0.43,2.16,9087.94,18372.9903
002024.SZ,20041027,49.8,51.98,49.5,49.7,50.0,-0.3,-0.6,5615.88,28292.9786
002025.SZ,20041027,16.68,17.05,16.4,16.88,16.55,0.33,1.99,27387.81,45962.0396
002026.SZ,20041027,10.02,10.21,9.89,10.18,10.06,0.12,1.19,18462.54,18637.2067
002027.SZ,20041027,10.9,11.4,10.8,11.38,10.9,0.48,4.4,18562.39,20661.4298
002028.SZ,20041027,23.48,24.07,23.24,23.73,22.75,0.98,4.31,9891.71,23410.4362
002029.SZ,20041027,9.4,9.83,9.33,9.81,9.5,0.31,3.26,17267.44,16557.6902
002030.SZ,20041027,14.58,15.18,14.3,15.15,14.6,0.55,3.77,22055.7,32413.3592
002031.SZ,20041027,8.32,9.0,8.32,8.87,8.19,0.68,8.3,34631.55,30006.9347
002032.SZ,20041027,10.45,10.88,10.1,10.8,10.44,0.36,3.45,9626.08,10264.9668
002033.SZ,20041027,14.01,14.1,13.41,13.78,14.0,-0.22,-1.57,30466.47,41828.004
002034.SZ,20041027,13.55,13.89,13.3,13.84,13.45,0.39,2.9,18010.96,24529.0627
002035.SZ,20041027,9.15,9.45,9.08,9.39,9.21,0.18,1.95,12424.93,11518.2179
002036.SZ,20041027,8.7,8.92,8.55,8.89,8.77,0.12,1.37,21042.04,18461.1825
002037.SZ,20041027,8.56,8.93,8.43,8.84,8.55,0.29,3.39,34235.08,29609.276
002038.SZ,20041027,14.0,14.36,13.8,14.25,13.44,0.81,6.03,17884.54,25262.961
600000.SH,20041027,7.36,7.48,7.3,7.45,7.35,0.1,1.36,46907.71,34725.759
600001.SH,20041027,4.76,4.81,4.71,4.8,4.77,0.03,0.63,18003.82,8565.465
600002.SH,20041027,8.05,8.23,7.8,8.17,8.21,-0.04,-0.49,113171.43,90936.575
600003.SH,20041027,3.85,3.95,3.8,3.94,3.85,0.09,2.34,14961.89,5790.806
600004.SH,20041027,9.68,9.92,9.61,9.69,9.7,-0.01,-0.1,155981.18,152251.673
600005.SH,20041027,3.4,3.62,3.35,3.61,3.39,0.22,6.49,493593.55,173581.535
600006.SH,20041027,4.04,4.15,3.96,4.14,4.03,0.11,2.73,26821.71,10811.69
600007.SH,20041027,5.59,5.7,5.49,5.7,5.61,0.09,1.6,5866.44,3278.182
600008.SH,20041027,9.0,9.04,8.8,9.01,9.03,-0.02,-0.22,15098.82,13487.784
600009.SH,20041027,14.8,15.25,14.8,15.15,15.06,0.09,0.6,101855.41,153685.392
600010.SH,20041027,4.48,4.54,4.39,4.53,4.49,0.04,0.89,30165.63,13485.564
600011.SH,20041027,7.6,7.83,7.42,7.82,7.42,0.4,5.39,97721.67,74990.437
600012.SH,20041027,5.61,5.66,5.55,5.6,5.61,-0.01,-0.18,26791.95,15031.745
600015.SH,20041027,4.22,4.26,4.16,4.24,4.21,0.03,0.71,107087.89,45078.489
600016.SH,20041027,5.87,5.96,5.8,5.94,5.86,0.08,1.37,114905.58,67732.177
600019.SH,20041027,5.83,6.0,5.8,5.99,5.81,0.18,3.1,123161.06,72518.577
600020.SH,20041027,7.83,7.95,7.76,7.82,7.8,0.02,0.26,105675.77,83032.088
600021.SH,20041027,7.75,7.86,7.65,7.82,7.75,0.07,0.9,30569.14,23738.822
600022.SH,20041027,6.05,6.11,5.95,6.08,6.06,0.02,0.33,30813.71,18568.507
600026.SH,20041027,10.6,11.0,10.46,10.88,10.6,0.28,2.64,83664.89,90723.551
600028.SH,20041027,4.46,4.46,4.31,4.42,4.41,0.01,0.23,250012.24,109480.195
600029.SH,20041027,4.22,4.22,4.06,4.15,4.22,-0.07,-1.66,163934.95,67605.596
600030.SH,20041027,7.06,7.2,6.97,7.12,7.1,0.02,0.28,68441.96,48516.246
600031.SH,20041027,20.48,20.98,19.97,20.38,19.85,0.53,2.67,20279.97,40813.552
600033.SH,20041027,6.69,6.85,6.61,6.8,6.69,0.11,1.64,56382.09,38307.372
600035.SH,20041027,4.12,4.26,4.06,4.26,4.12,0.14,3.4,45832.69,19198.192
600036.SH,20041027,8.72,8.91,8.66,8.89,8.71,0.18,2.07,166181.45,146436.099
600037.SH,20041027,19.38,19.39,18.85,19.06,19.0,0.06,0.32,7958.26,15211.599
600038.SH,20041027,6.9,7.1,6.85,6.95,7.06,-0.11,-1.56,747.82,519.291
600039.SH,20041027,3.43,3.58,3.4,3.55,3.43,0.12,3.5,7226.15,2513.681
600050.SH,20041027,3.2,3.2,3.01,3.1,3.19,-0.09,-2.82,2297318.39,708414.907
600051.SH,20041027,4.1,4.2,4.05,4.2,4.16,0.04,0.96,5480.24,2253.859
600052.SH,20041027,3.28,3.42,3.26,3.4,3.27,0.13,3.98,15048.55,5010.682
600054.SH,20041027,6.45,6.93,6.45,6.91,6.31,0.6,9.51,8506.01,5659.008
600055.SH,20041027,5.51,5.8,5.51,5.76,5.51,0.25,4.54,6543.39,3704.764
600056.SH,20041027,4.33,4.62,4.27,4.59,4.47,0.12,2.68,7688.32,3461.88
600057.SH,20041027,6.0,6.76,6.0,6.7,6.3,0.4,6.35,38156.34,24952.299
600058.SH,20041027,7.25,7.56,7.16,7.45,7.25,0.2,2.76,41245.26,30566.743
600059.SH,20041027,6.63,6.78,6.55,6.75,6.64,0.11,1.66,9297.86,6235.222
600060.SH,20041027,6.16,6.3,6.01,6.28,6.05,0.23,3.8,44591.68,27539.891
600061.SH,20041027,3.25,3.35,3.21,3.35,3.25,0.1,3.08,10640.38,3492.378
600062.SH,20041027,4.37,4.67,4.17,4.54,4.36,0.18,4.13,81454.62,36030.337
600063.SH,20041027,4.18,4.35,4.16,4.33,4.23,0.1,2.36,3493.26,1477.644
600064.SH,20041027,5.79,5.87,5.62,5.85,5.84,0.01,0.17,7361.36,4218.675
600065.SH,20041027,4.1,4.22,4.01,4.22,4.1,0.12,2.93,7369.39,3032.712
600066.SH,20041027,8.39,8.75,8.35,8.56,8.29,0.27,3.26,8192.37,6985.743
600067.SH,20041027,6.4,6.47,6.23,6.46,6.39,0.07,1.1,10016.21,6376.017
600068.SH,20041027,3.78,4.02,3.75,3.98,3.77,0.21,5.57,18391.5,7138.446
600069.SH,20041027,4.07,4.13,4.0,4.12,4.07,0.05,1.23,6547.56,2659.764
600070.SH,20041027,5.97,6.08,5.85,6.02,5.98,0.04,0.67,4930.78,2952.385
600071.SH,20041027,4.88,5.19,4.8,5.14,4.89,0.25,5.11,25877.54,13030.304
600072.SH,20041027,4.2,4.5,4.12,4.49,4.15,0.34,8.19,34865.9,15127.794
600073.SH,20041027,10.1,10.19,9.8,10.18,10.15,0.03,0.3,41278.91,41051.72
600074.SH,20041027,4.99,5.16,4.99,5.15,4.99,0.16,3.21,27629.21,14096.883
600075.SH,20041027,7.71,7.98,7.63,7.96,7.51,0.45,5.99,19185.78,15022.331
600076.SH,20041027,3.81,4.04,3.68,3.97,3.84,0.13,3.39,34936.09,13646.315
600077.SH,20041027,3.67,3.83,3.63,3.83,3.67,0.16,4.36,4535.86,1687.285
600078.SH,20041027,4.76,4.96,4.7,4.91,4.76,0.15,3.15,18185.93,8829.244
600079.SH,20041027,4.25,4.37,4.22,4.36,4.2,0.16,3.81,8916.81,3833.329
600080.SH,20041027,4.15,4.49,4.15,4.46,4.16,0.3,7.21,11913.57,5182.682
600081.SH,20041027,5.48,6.16,5.46,6.16,5.6,0.56,10.0,7156.37,4111.845
600082.SH,20041027,5.0,5.09,4.9,5.09,5.0,0.09,1.8,10784.73,5397.51
600083.SH,20041027,2.88,3.02,2.85,3.0,2.88,0.12,4.17,3844.01,1140.131
600084.SH,20041027,3.34,3.5,3.27,3.4,3.32,0.08,2.41,18809.11,6383.397
600085.SH,20041027,21.4,21.4,20.8,20.91,21.41,-0.5,-2.34,17990.11,37711.761
600086.SH,20041027,2.93,3.1,2.86,3.07,2.95,0.12,4.07,39333.3,11847.05
600087.SH,20041027,5.13,5.15,5.0,5.11,5.13,-0.02,-0.39,17973.21,9088.526
600088.SH,20041027,10.05,10.2,9.79,10.19,10.16,0.03,0.3,23113.59,23000.907
600089.SH,20041027,10.95,11.11,10.85,11.1,10.95,0.15,1.37,24364.31,26922.321
600090.SH,20041027,3.04,3.16,2.99,3.16,3.01,0.15,4.98,13811.44,4266.42
600091.SH,20041027,5.96,6.16,5.89,6.15,6.0,0.15,2.5,16037.69,9660.477
600092.SH,20041027,2.9,3.01,2.83,3.01,2.9,0.11,3.79,7349.95,2166.96
600093.SH,20041027,3.53,3.69,3.46,3.67,3.56,0.11,3.09,10759.6,3862.304
600094.SH,20041027,3.67,4.05,3.67,4.05,3.97,0.08,2.02,5658.08,2215.652
600095.SH,20041027,3.45,3.6,3.3,3.55,3.47,0.08,2.31,9005.05,3139.671
600096.SH,20041027,13.62,13.95,13.42,13.61,13.63,-0.02,-0.15,23055.9,31681.611
600097.SH,20041027,5.75,5.93,5.67,5.91,5.88,0.03,0.51,2456.72,1420.011
600098.SH,20041027,9.1,9.2,8.91,9.12,9.1,0.02,0.22,52019.01,47142.157
600099.SH,20041027,3.94,3.94,3.94,3.94,4.38,-0.44,-10.05,12648.0,4983.312
600100.SH,20041027,15.98,16.35,15.7,16.29,15.95,0.34,2.13,67051.34,108098.163
600101.SH,20041027,6.95,7.35,6.8,7.33,6.95,0.38,5.47,29372.96,20669.848
600102.SH,20041027,6.04,6.1,5.97,6.09,6.04,0.05,0.83,8934.28,5383.612
600103.SH,20041027,3.12,3.2,3.12,3.18,3.08,0.1,3.25,45282.25,14353.194
600104.SH,20041027,6.03,6.12,5.87,6.1,6.06,0.04,0.66,97888.54,58646.49
600105.SH,20041027,5.8,5.91,5.75,5.9,5.81,0.09,1.55,3811.74,2218.626
600106.SH,20041027,6.07,6.13,5.88,6.07,6.15,-0.08,-1.3,8014.58,4811.761
600107.SH,20041027,2.71,2.81,2.61,2.81,2.75,0.06,2.18,7990.6,2199.596
600108.SH,20041027,3.13,3.2,3.07,3.19,3.12,0.07,2.24,40926.54,12827.019
600109.SH,20041027,6.19,6.58,6.14,6.56,6.19,0.37,5.98,2580.77,1646.807
600110.SH,20041027,7.21,7.23,6.71,7.0,7.19,-0.19,-2.64,81912.94,56695.369
600111.SH,20041027,6.26,6.38,6.16,6.35,6.23,0.12,1.93,7024.74,4410.475
600112.SH,20041027,6.61,6.98,6.56,6.98,6.68,0.3,4.49,4201.01,2848.027
600113.SH,20041027,5.79,5.91,5.65,5.81,5.83,-0.02,-0.34,3632.79,2100.231
600114.SH,20041027,10.9,11.49,10.9,11.31,10.91,0.4,3.67,20784.12,23466.859
600115.SH,20041027,4.04,4.07,3.97,4.04,4.04,0.0,0.0,31220.1,12513.289
600116.SH,20041027,5.07,5.34,5.0,5.2,5.07,0.13,2.56,9814.8,5110.02
600117.SH,20041027,3.92,4.0,3.81,3.99,3.92,0.07,1.79,14391.24,5604.597
600118.SH,20041027,7.14,7.85,7.13,7.74,7.14,0.6,8.4,11595.23,8774.261
600119.SH,20041027,3.73,3.89,3.63,3.84,3.73,0.11,2.95,6854.62,2573.989
600120.SH,20041027,3.88,3.98,3.79,3.97,3.85,0.12,3.12,20320.37,7901.028
600121.SH,20041027,5.41,5.45,5.22,5.41,5.41,0.0,0.0,50589.42,27068.139
600122.SH,20041027,5.1,5.26,5.02,5.23,5.1,0.13,2.55,28016.58,14426.513
600123.SH,20041027,12.98,13.05,12.6,12.75,13.01,-0.26,-2.0,36233.77,46378.403
600125.SH,20041027,8.59,8.83,8.58,8.76,8.58,0.18,2.1,26121.62,22856.044
600126.SH,20041027,6.69,6.82,6.61,6.77,6.68,0.09,1.35,7886.15,5303.909
600127.SH,20041027,3.84,4.0,3.71,3.98,3.84,0.14,3.65,29169.33,11299.7
600128.SH,20041027,4.28,4.37,4.16,4.35,4.32,0.03,0.69,7876.64,3349.173
600129.SH,20041027,7.66,7.7,7.42,7.69,7.65,0.04,0.52,42178.4,31966.841
600130.SH,20041027,13.84,13.89,13.5,13.77,13.85,-0.08,-0.58,8653.49,11808.876
600131.SH,20041027,4.7,4.77,4.64,4.7,4.69,0.01,0.21,18284.35,8596.715
600132.SH,20041027,10.55,10.85,10.4,10.63,10.57,0.06,0.57,4782.64,5057.159
600133.SH,20041027,5.46,5.62,5.4,5.6,5.44,0.16,2.94,15174.79,8380.483
600135.SH,20041027,7.98,8.21,7.9,8.17,8.01,0.16,2.0,44913.48,36347.336
600136.SH,20041027,5.4,5.78,5.3,5.76,5.46,0.3,5.49,16195.35,8980.117
600137.SH,20041027,3.8,4.02,3.64,4.02,3.83,0.19,4.96,2448.96,933.095
600138.SH,20041027,8.58,8.58,8.22,8.54,8.49,0.05,0.59,20689.77,17368.906
600139.SH,20041027,4.58,4.73,4.51,4.69,4.57,0.12,2.63,1472.04,682.433
600141.SH,20041027,5.34,5.52,5.2,5.51,5.3,0.21,3.96,3641.4,1953.312
600143.SH,20041027,11.1,11.98,11.0,11.85,10.9,0.95,8.72,22803.84,26188.677
600145.SH,20041027,3.4,3.53,3.39,3.52,3.38,0.14,4.14,16898.4,5843.978
600146.SH,20041027,3.27,3.44,3.14,3.38,3.28,0.1,3.05,8164.71,2695.762
600148.SH,20041027,4.88,5.02,4.82,5.0,4.92,0.08,1.63,1886.32,928.478
600149.SH,20041027,4.53,4.75,4.51,4.69,4.47,0.22,4.92,42257.2,19610.663
600150.SH,20041027,9.29,9.3,9.01,9.15,9.29,-0.14,-1.51,16614.84,15162.298
600151.SH,20041027,5.13,5.27,5.0,5.24,5.12,0.12,2.34,15911.12,8254.955
600152.SH,20041027,4.56,4.6,4.45,4.59,4.55,0.04,0.88,2991.65,1356.468
600153.SH,20041027,5.63,5.75,5.61,5.67,5.62,0.05,0.89,38520.35,21864.244
600155.SH,20041027,4.2,4.24,4.13,4.23,4.26,-0.03,-0.7,9029.61,3781.869
600156.SH,20041027,2.45,2.5,2.4,2.49,2.42,0.07,2.89,8052.37,1979.828
600157.SH,20041027,5.18,5.4,5.15,5.37,5.18,0.19,3.67,3666.43,1920.216
600158.SH,20041027,7.4,7.8,7.39,7.77,7.45,0.32,4.3,7284.3,5529.012
600159.SH,20041027,2.05,2.2,2.05,2.17,2.16,0.01,0.46,11682.09,2496.359
600160.SH,20041027,8.05,8.05,7.85,7.97,8.07,-0.1,-1.24,8785.34,6977.873
600161.SH,20041027,8.18,8.18,7.86,7.99,8.13,-0.14,-1.72,17919.8,14253.791
600162.SH,20041027,8.73,8.8,8.6,8.74,8.72,0.02,0.23,7640.44,6640.415
600163.SH,20041027,3.62,3.77,3.51,3.74,3.61,0.13,3.6,22108.78,8131.638
600165.SH,20041027,3.95,4.3,3.85,4.12,3.94,0.18,4.57,12221.5,4905.547
600166.SH,20041027,7.16,7.36,7.01,7.33,7.2,0.13,1.81,26140.45,19039.293
600167.SH,20041027,4.22,4.36,4.1,4.35,4.22,0.13,3.08,5350.04,2267.864
600168.SH,20041027,4.13,4.33,4.13,4.27,4.15,0.12,2.89,9510.92,4031.092
600169.SH,20041027,4.39,4.46,4.21,4.45,4.39,0.06,1.37,6213.09,2713.5
600170.SH,20041027,5.4,5.55,5.4,5.54,5.4,0.14,2.59,6175.73,3378.51
600171.SH,20041027,10.47,10.5,10.12,10.38,10.47,-0.09,-0.86,30191.22,31039.984
600172.SH,20041027,5.09,5.18,5.03,5.16,5.09,0.07,1.38,6525.86,3332.049
600173.SH,20041027,3.09,3.27,2.98,3.23,3.09,0.14,4.53,7410.86,2334.765
600175.SH,20041027,4.6,4.82,4.58,4.81,4.61,0.2,4.34,2154.4,1015.791
600176.SH,20041027,4.68,4.76,4.53,4.73,4.7,0.03,0.64,10487.22,4886.669
600177.SH,20041027,6.1,6.25,6.1,6.23,6.32,-0.09,-1.42,54284.42,33543.852
600178.SH,20041027,4.25,4.38,4.1,4.35,4.25,0.1,2.35,7065.35,2993.358
600179.SH,20041027,5.34,5.68,5.16,5.6,5.33,0.27,5.07,34936.49,19051.324
600180.SH,20041027,7.1,7.28,7.1,7.25,7.17,0.08,1.12,31333.25,22472.973
600181.SH,20041027,4.57,4.78,4.46,4.71,4.58,0.13,2.84,4905.0,2236.394
600183.SH,20041027,10.15,10.22,9.97,10.15,10.12,0.03,0.3,40105.1,40560.394
600184.SH,20041027,8.03,8.3,7.93,8.27,8.02,0.25,3.12,4871.71,3954.675
600185.SH,20041027,4.93,5.04,4.76,5.02,4.91,0.11,2.24,3773.76,1853.326
600186.SH,20041027,2.46,2.62,2.39,2.55,2.47,0.08,3.24,105476.33,26493.044
600187.SH,20041027,3.13,3.41,2.97,3.34,3.1,0.24,7.74,90662.58,29603.74
600188.SH,20041027,14.65,14.65,13.81,14.19,14.73,-0.54,-3.67,69880.61,98423.747
600189.SH,20041027,5.97,6.14,5.95,6.14,5.92,0.22,3.72,10511.24,6361.16
600190.SH,20041027,6.38,6.49,6.3,6.42,6.38,0.04,0.63,41045.75,26248.767
600191.SH,20041027,5.71,5.91,5.64,5.88,5.71,0.17,2.98,4856.64,2786.429
600192.SH,20041027,4.92,4.93,4.76,4.92,4.94,-0.02,-0.4,7376.99,3565.817
600193.SH,20041027,5.15,5.19,4.85,5.08,5.15,-0.07,-1.36,5133.39,2582.417
600195.SH,20041027,5.8,5.93,5.5,5.92,5.81,0.11,1.89,17855.98,10183.851
600196.SH,20041027,4.82,5.1,4.78,5.07,4.85,0.22,4.54,51563.96,25561.362
600197.SH,20041027,3.68,3.89,3.68,3.81,3.67,0.14,3.81,12295.94,4687.38
600198.SH,20041027,11.74,11.82,11.37,11.62,11.75,-0.13,-1.11,63537.45,73656.256
600199.SH,20041027,3.28,3.46,3.22,3.42,3.28,0.14,4.27,7826.28,2605.484
600200.SH,20041027,9.65,9.69,9.53,9.62,9.65,-0.03,-0.31,3025.0,2912.441
600201.SH,20041027,6.4,6.6,6.1,6.42,6.58,-0.16,-2.43,19345.53,12142.961
600202.SH,20041027,5.96,6.42,5.86,6.4,5.96,0.44,7.38,13354.87,8326.041
600203.SH,20041027,3.61,3.79,3.55,3.79,3.61,0.18,4.99,10141.19,3788.926
600205.SH,20041027,12.69,13.25,12.61,13.18,12.37,0.81,6.55,116956.03,151379.714
600206.SH,20041027,6.86,7.15,6.8,7.15,6.86,0.29,4.23,6139.37,4305.567
600207.SH,20041027,9.06,9.41,8.95,9.38,9.0,0.38,4.22,49462.87,45383.352
600208.SH,20041027,3.81,4.07,3.78,4.07,3.7,0.37,10.0,28607.77,11316.517
600209.SH,20041027,3.84,3.9,3.75,3.9,3.84,0.06,1.56,15238.79,5824.842
600210.SH,20041027,3.8,3.9,3.6,3.71,3.82,-0.11,-2.88,171487.72,63242.23
600211.SH,20041027,5.57,5.91,5.51,5.8,5.58,0.22,3.94,2699.49,1544.382
600212.SH,20041027,3.84,3.96,3.77,3.95,3.85,0.1,2.6,9418.26,3629.558
600213.SH,20041027,4.1,4.2,3.98,4.19,4.1,0.09,2.2,3075.63,1254.677
600215.SH,20041027,4.69,4.83,4.62,4.83,4.73,0.1,2.11,10657.61,5040.194
600216.SH,20041027,4.1,4.25,4.1,4.22,4.11,0.11,2.68,18061.08,7573.495
600217.SH,20041027,4.15,4.44,3.98,4.37,4.17,0.2,4.8,249972.66,105955.894
600218.SH,20041027,3.75,3.85,3.62,3.85,3.75,0.1,2.67,8248.5,3099.001
600219.SH,20041027,7.98,8.5,7.86,8.47,8.0,0.47,5.88,38379.46,31487.406
600220.SH,20041027,3.24,3.31,3.19,3.3,3.24,0.06,1.85,31039.63,10038.759
600221.SH,20041027,3.49,3.6,3.4,3.55,3.49,0.06,1.72,26274.91,9159.248
600222.SH,20041027,9.2,9.53,9.07,9.39,9.23,0.16,1.73,555.53,518.788
600223.SH,20041027,4.56,4.69,4.46,4.69,4.56,0.13,2.85,9043.15,4143.124
600225.SH,20041027,3.42,3.52,3.35,3.5,3.4,0.1,2.94,16212.7,5566.055
600226.SH,20041027,5.75,5.98,5.75,5.97,5.82,0.15,2.58,5528.54,3250.67
600227.SH,20041027,7.8,8.08,7.75,8.0,7.79,0.21,2.7,8830.99,7035.334
600228.SH,20041027,4.66,4.77,4.57,4.75,4.57,0.18,3.94,23958.66,11225.317
600229.SH,20041027,4.12,4.18,4.03,4.17,4.1,0.07,1.71,3136.82,1289.26
600230.SH,20041027,5.28,5.5,5.23,5.49,5.3,0.19,3.58,6398.89,3461.54
600231.SH,20041027,5.81,5.9,5.68,5.89,5.83,0.06,1.03,21785.34,12609.825
600232.SH,20041027,10.72,10.9,10.55,10.85,10.75,0.1,0.93,11109.4,11941.364
600233.SH,20041027,4.13,4.26,4.06,4.21,4.11,0.1,2.43,2901.86,1198.651
600235.SH,20041027,6.83,6.9,6.69,6.87,6.9,-0.03,-0.43,2227.66,1509.902
600236.SH,20041027,9.55,9.94,9.48,9.85,9.54,0.31,3.25,11008.51,10680.044
600237.SH,20041027,6.6,6.91,6.6,6.9,6.71,0.19,2.83,13563.36,9159.68
600238.SH,20041027,4.35,4.49,4.27,4.46,4.36,0.1,2.29,2389.03,1045.053
600239.SH,20041027,3.5,3.86,3.44,3.86,3.51,0.35,9.97,23748.85,8874.14
600240.SH,20041027,4.06,4.38,4.06,4.26,4.25,0.01,0.24,2746.0,1161.666
600241.SH,20041027,6.36,6.58,6.32,6.58,6.41,0.17,2.65,1168.07,758.201
600242.SH,20041027,3.36,3.59,3.28,3.47,3.35,0.12,3.58,12298.87,4215.266
600243.SH,20041027,4.25,4.43,4.18,4.4,4.25,0.15,3.53,3688.69,1591.95
600246.SH,20041027,11.03,12.02,11.03,12.02,10.93,1.09,9.97,7370.15,8552.43
600247.SH,20041027,3.33,3.5,3.26,3.49,3.38,0.11,3.25,9414.14,3211.084
600249.SH,20041027,7.78,8.15,7.78,8.15,7.87,0.28,3.56,5625.06,4494.291
600250.SH,20041027,6.2,6.26,5.94,6.26,6.14,0.12,1.95,3992.82,2427.248
600251.SH,20041027,4.13,4.55,4.09,4.55,4.14,0.41,9.9,22533.66,10012.869
600252.SH,20041027,4.25,4.28,4.05,4.22,4.26,-0.04,-0.94,4746.46,1969.543
600253.SH,20041027,4.22,4.31,4.12,4.3,4.22,0.08,1.9,8283.92,3495.158
600255.SH,20041027,10.18,10.25,9.5,10.15,10.14,0.01,0.1,1614.64,1617.872
600256.SH,20041027,7.02,7.2,6.86,7.18,7.05,0.13,1.84,65649.94,46334.862
600257.SH,20041027,4.98,5.15,4.88,5.1,5.01,0.09,1.8,5667.4,2845.603
600258.SH,20041027,8.0,8.28,7.96,8.2,7.96,0.24,3.02,5994.94,4860.666
600259.SH,20041027,3.45,3.63,3.3,3.6,3.48,0.12,3.45,13959.58,4818.05
600260.SH,20041027,5.75,5.85,5.59,5.8,5.73,0.07,1.22,15124.78,8625.869
600261.SH,20041027,9.23,9.37,9.15,9.3,9.15,0.15,1.64,16236.05,14995.243
600262.SH,20041027,4.92,5.04,4.83,5.04,4.93,0.11,2.23,1669.4,822.551
600263.SH,20041027,5.69,5.96,5.69,5.96,5.77,0.19,3.29,3392.19,1983.297
600265.SH,20041027,4.68,4.85,4.63,4.84,4.7,0.14,2.98,2768.56,1312.066
600266.SH,20041027,6.2,6.4,6.15,6.4,6.17,0.23,3.73,4798.34,3001.411
600267.SH,20041027,13.0,13.22,12.81,13.08,12.96,0.12,0.93,20642.53,26937.246
600268.SH,20041027,10.9,11.1,10.72,11.07,10.91,0.16,1.47,1814.25,1993.59
600269.SH,20041027,6.9,7.3,6.87,7.25,6.89,0.36,5.23,68695.16,49135.454
600270.SH,20041027,8.15,8.65,8.15,8.5,8.09,0.41,5.07,99902.54,84717.196
600271.SH,20041027,23.4,23.4,22.75,23.16,23.25,-0.09,-0.39,5381.17,12368.681
600272.SH,20041027,4.58,4.72,4.58,4.71,4.58,0.13,2.84,2432.0,1128.756
600273.SH,20041027,4.0,4.16,3.85,4.14,4.12,0.02,0.49,21717.51,8736.838
600275.SH,20041027,2.74,2.88,2.7,2.88,2.76,0.12,4.35,14295.53,3998.084
600276.SH,20041027,13.17,13.49,13.11,13.48,13.15,0.33,2.51,6632.79,8864.826
600277.SH,20041027,5.94,6.08,5.81,6.05,5.85,0.2,3.42,1961.5,1162.43
600278.SH,20041027,5.0,5.3,4.88,5.19,5.01,0.18,3.59,4312.88,2199.266
600279.SH,20041027,7.22,7.29,7.1,7.27,7.22,0.05,0.69,11358.2,8174.172
600280.SH,20041027,6.57,6.64,6.48,6.6,6.6,0.0,0.0,5975.37,3920.994
600281.SH,20041027,5.21,5.25,5.06,5.21,5.21,0.0,0.0,6564.77,3370.586
600282.SH,20041027,6.89,7.09,6.8,7.08,6.87,0.21,3.06,20400.36,14089.109
600283.SH,20041027,4.3,4.48,4.28,4.48,4.07,0.41,10.07,20953.9,9377.696
600284.SH,20041027,5.81,5.94,5.58,5.93,5.8,0.13,2.24,14882.08,8587.261
600285.SH,20041027,6.66,6.7,6.47,6.67,6.5,0.17,2.62,2706.65,1776.746
600286.SH,20041027,2.72,3.1,2.61,2.98,2.85,0.13,4.56,57709.7,17002.952
600287.SH,20041027,3.84,3.94,3.8,3.9,3.77,0.13,3.45,8224.21,3188.09
600288.SH,20041027,8.12,8.2,7.78,8.06,8.19,-0.13,-1.59,16060.6,12802.025
600289.SH,20041027,13.98,15.09,13.97,15.02,13.87,1.15,8.29,40734.4,58786.649
600290.SH,20041027,5.5,5.57,5.45,5.54,5.54,0.0,0.0,3266.4,1799.798
600291.SH,20041027,6.13,6.28,6.04,6.25,6.1,0.15,2.46,3012.0,1850.91
600292.SH,20041027,5.47,5.59,5.35,5.57,5.47,0.1,1.83,9036.06,4943.96
600293.SH,20041027,3.54,3.9,3.49,3.8,3.56,0.24,6.74,96926.98,36103.524
600295.SH,20041027,4.53,4.67,4.52,4.66,4.58,0.08,1.75,3404.04,1566.648
600296.SH,20041027,4.89,5.02,4.88,4.99,4.89,0.1,2.05,27964.63,13817.761
600297.SH,20041027,7.43,7.45,7.25,7.44,7.31,0.13,1.78,1168.55,858.172
600298.SH,20041027,9.7,9.76,9.53,9.64,9.53,0.11,1.15,7211.85,6945.869
600299.SH,20041027,8.29,8.4,8.25,8.35,8.28,0.07,0.85,5542.39,4618.318
600300.SH,20041027,6.9,7.12,6.8,7.07,6.86,0.21,3.06,10019.8,6983.594
600301.SH,20041027,8.23,8.4,8.1,8.25,8.23,0.02,0.24,16155.04,13292.505
600302.SH,20041027,7.53,7.65,6.91,7.01,7.59,-0.58,-7.64,18652.36,13275.445
600303.SH,20041027,6.8,7.32,6.79,7.18,6.76,0.42,6.21,49505.85,35284.126
600305.SH,20041027,8.25,8.3,8.15,8.28,8.3,-0.02,-0.24,3202.3,2627.057
600306.SH,20041027,5.18,5.31,5.1,5.29,5.2,0.09,1.73,2612.8,1355.629
600307.SH,20041027,6.7,6.74,6.54,6.69,6.66,0.03,0.45,31174.01,20679.299
600308.SH,20041027,12.68,12.71,12.4,12.52,12.5,0.02,0.16,34218.74,43062.363
600309.SH,20041027,14.0,14.26,13.63,13.97,14.01,-0.04,-0.29,27272.28,37897.661
600310.SH,20041027,8.35,8.4,8.16,8.37,8.32,0.05,0.6,6336.88,5243.121
600311.SH,20041027,7.15,7.2,7.03,7.19,7.15,0.04,0.56,4382.0,3122.115
600312.SH,20041027,5.6,5.95,5.6,5.95,5.82,0.13,2.23,10003.6,5826.131
600315.SH,20041027,7.1,7.17,7.01,7.15,7.08,0.07,0.99,3724.23,2643.616
600316.SH,20041027,4.75,4.81,4.65,4.8,4.69,0.11,2.35,7688.91,3631.696
600317.SH,20041027,10.2,10.45,10.15,10.42,10.16,0.26,2.56,36784.99,38124.37
600319.SH,20041027,4.72,4.92,4.59,4.86,4.72,0.14,2.97,6249.97,2946.621
600320.SH,20041027,11.5,11.53,10.9,11.24,11.48,-0.24,-2.09,70150.57,78331.361
600321.SH,20041027,4.55,4.64,4.48,4.63,4.5,0.13,2.89,5586.53,2551.656
600322.SH,20041027,4.32,4.52,4.27,4.51,4.31,0.2,4.64,23428.65,10416.284
600323.SH,20041027,7.8,8.04,7.7,8.01,7.84,0.17,2.17,27876.83,22085.179
600325.SH,20041027,6.99,7.1,6.9,7.09,7.0,0.09,1.29,7310.81,5127.373
600326.SH,20041027,3.71,3.99,3.7,3.93,3.74,0.19,5.08,8265.49,3206.741
600327.SH,20041027,5.69,5.86,5.63,5.8,5.7,0.1,1.75,10277.39,5887.249
600328.SH,20041027,5.65,6.15,5.56,6.11,5.74,0.37,6.45,35501.71,20973.633
600329.SH,20041027,6.82,6.95,6.75,6.95,6.82,0.13,1.91,2110.66,1446.888
600330.SH,20041027,8.58,8.68,8.38,8.68,8.59,0.09,1.05,2913.9,2491.39
600331.SH,20041027,8.41,8.5,8.23,8.48,8.41,0.07,0.83,13351.86,11228.99
600332.SH,20041027,4.22,4.36,4.11,4.35,4.22,0.13,3.08,3657.2,1544.479
600333.SH,20041027,9.35,9.36,9.09,9.22,9.31,-0.09,-0.97,18282.07,16888.318
600335.SH,20041027,3.35,3.57,3.35,3.55,3.4,0.15,4.41,2185.0,758.85
600336.SH,20041027,4.81,4.98,4.69,4.98,4.87,0.11,2.26,8670.74,4148.948
600337.SH,20041027,4.91,5.02,4.9,4.98,5.0,-0.02,-0.4,2274.32,1133.218
600338.SH,20041027,3.2,3.32,3.18,3.29,3.35,-0.06,-1.79,10926.52,3488.911
600339.SH,20041027,7.24,7.37,7.21,7.27,7.26,0.01,0.14,3222.59,2345.021
600340.SH,20041027,5.48,5.64,5.37,5.62,5.48,0.14,2.55,5680.41,3125.552
600343.SH,20041027,4.9,4.97,4.78,4.95,4.71,0.24,5.1,62096.81,30270.198
600345.SH,20041027,10.58,10.93,10.52,10.7,10.63,0.07,0.66,20997.47,22499.6
600346.SH,20041027,5.18,5.35,5.18,5.31,5.11,0.2,3.91,1913.0,1004.807
600348.SH,20041027,13.26,13.4,13.02,13.21,13.33,-0.12,-0.9,29838.88,39447.087
600350.SH,20041027,3.93,4.09,3.88,4.07,3.93,0.14,3.56,74317.14,29855.925
600351.SH,20041027,5.84,6.08,5.78,6.07,5.9,0.17,2.88,6987.88,4132.382
600352.SH,20041027,8.22,8.37,8.18,8.29,8.2,0.09,1.1,31414.85,26088.982
600353.SH,20041027,7.89,8.0,7.71,8.0,7.89,0.11,1.39,6332.83,4987.742
600354.SH,20041027,5.26,5.55,5.12,5.48,5.27,0.21,3.98,18917.71,10164.681
600355.SH,20041027,5.02,5.3,5.02,5.27,5.13,0.14,2.73,8620.27,4486.509
600356.SH,20041027,9.0,9.49,8.98,9.28,8.95,0.33,3.69,4554.42,4207.056
600357.SH,20041027,4.04,4.05,3.93,4.04,4.05,-0.01,-0.25,39978.91,15960.718
600358.SH,20041027,3.41,3.55,3.37,3.55,3.43,0.12,3.5,15053.81,5243.12
600359.SH,20041027,5.68,5.9,5.61,5.85,5.68,0.17,2.99,7572.62,4351.208
600360.SH,20041027,11.8,11.88,11.64,11.81,11.79,0.02,0.17,5651.29,6652.488
600361.SH,20041027,7.57,7.57,7.25,7.42,7.57,-0.15,-1.98,15029.72,10996.368
600362.SH,20041027,6.39,6.43,6.29,6.41,6.32,0.09,1.42,26043.44,16580.015
600363.SH,20041027,6.77,6.92,6.49,6.81,6.6,0.21,3.18,11759.49,7937.896
600365.SH,20041027,3.93,4.08,3.83,4.05,3.94,0.11,2.79,2850.68,1122.44
600366.SH,20041027,5.05,5.1,4.95,5.1,4.95,0.15,3.03,6163.09,3103.889
600367.SH,20041027,6.6,7.15,6.55,7.15,6.5,0.65,10.0,52065.99,36036.75
600368.SH,20041027,4.35,4.62,4.28,4.62,4.2,0.42,10.0,12858.39,5817.585
600369.SH,20041027,3.06,3.26,2.92,3.18,3.12,0.06,1.92,20155.3,6261.806
600370.SH,20041027,8.44,8.44,8.24,8.38,8.34,0.04,0.48,8493.67,7072.28
600371.SH,20041027,5.03,5.03,4.57,4.91,5.08,-0.17,-3.35,25189.77,12080.251
600372.SH,20041027,4.19,4.37,4.08,4.33,4.19,0.14,3.34,11976.21,5085.528
600373.SH,20041027,4.8,4.93,4.78,4.92,4.78,0.14,2.93,5108.07,2481.828
600375.SH,20041027,6.13,6.37,5.96,6.29,6.13,0.16,2.61,12331.55,7561.457
600376.SH,20041027,7.15,7.45,7.06,7.42,7.15,0.27,3.78,4369.73,3162.515
600377.SH,20041027,5.5,5.72,5.39,5.71,5.44,0.27,4.96,28757.55,16070.682
600378.SH,20041027,4.0,4.11,3.9,4.09,4.0,0.09,2.25,13593.3,5463.007
600379.SH,20041027,4.65,4.85,4.62,4.83,4.67,0.16,3.43,2683.99,1265.917
600380.SH,20041027,8.53,8.57,8.38,8.45,8.5,-0.05,-0.59,3767.99,3182.321
600381.SH,20041027,4.66,4.73,4.55,4.69,4.66,0.03,0.64,2527.88,1169.346
600382.SH,20041027,5.05,5.28,5.01,5.26,5.14,0.12,2.33,3685.91,1903.153
600383.SH,20041027,9.8,9.8,9.55,9.8,9.78,0.02,0.2,3474.07,3347.835
600385.SH,20041027,1.38,1.46,1.35,1.46,1.39,0.07,5.04,7221.26,1044.274
600386.SH,20041027,9.28,9.5,9.28,9.5,9.28,0.22,2.37,7513.51,7055.341
600388.SH,20041027,8.4,8.9,8.4,8.83,8.66,0.17,1.96,5093.09,4426.955
600389.SH,20041027,7.0,7.0,6.75,6.95,6.95,0.0,0.0,4219.91,2900.949
600390.SH,20041027,9.0,9.04,8.72,9.03,8.87,0.16,1.8,3365.5,2993.244
600391.SH,20041027,6.05,6.17,5.98,6.12,6.03,0.09,1.49,6203.62,3784.206
600392.SH,20041027,11.75,12.25,11.68,12.23,11.79,0.44,3.73,4330.19,5215.534
600393.SH,20041027,6.52,6.55,6.4,6.52,6.52,0.0,0.0,527.0,341.014
600395.SH,20041027,7.27,7.35,6.92,7.07,7.27,-0.2,-2.75,35149.04,24939.533
600396.SH,20041027,5.65,5.9,5.65,5.89,5.7,0.19,3.33,4277.8,2446.227
600397.SH,20041027,6.75,6.8,6.48,6.74,6.78,-0.04,-0.59,29113.56,19452.898
600398.SH,20041027,7.32,7.4,7.16,7.39,7.3,0.09,1.23,18753.2,13605.664
600399.SH,20041027,6.46,6.98,6.4,6.62,6.45,0.17,2.64,44671.15,30058.427
600400.SH,20041027,8.15,8.35,8.03,8.32,8.09,0.23,2.84,28003.71,22912.181
600401.SH,20041027,6.92,6.97,6.5,6.76,6.91,-0.15,-2.17,3599.81,2420.828
600403.SH,20041027,9.34,9.45,9.25,9.33,9.38,-0.05,-0.53,2213.91,2062.404
600405.SH,20041027,10.12,10.14,9.85,10.07,10.13,-0.06,-0.59,9417.97,9439.267
600406.SH,20041027,13.3,13.45,13.13,13.43,13.3,0.13,0.98,6508.23,8680.064
600408.SH,20041027,9.08,9.2,8.7,8.91,9.15,-0.24,-2.62,77431.85,69295.118
600409.SH,20041027,5.54,5.64,5.4,5.64,5.52,0.12,2.17,8690.65,4796.055
600410.SH,20041027,20.0,20.5,19.9,20.12,20.0,0.12,0.6,5043.48,10160.405
600415.SH,20041027,29.01,29.03,28.44,28.56,29.0,-0.44,-1.52,6072.13,17441.743
600416.SH,20041027,7.0,7.06,6.86,7.05,7.0,0.05,0.71,14459.24,10092.43
600418.SH,20041027,11.63,11.63,11.24,11.52,11.73,-0.21,-1.79,17594.44,20069.541
600419.SH,20041027,5.8,5.98,5.7,5.95,5.66,0.29,5.12,1214.81,710.654
600420.SH,20041027,11.59,11.64,11.16,11.63,11.4,0.23,2.02,12232.71,13978.088
600421.SH,20041027,8.28,8.89,8.09,8.87,8.28,0.59,7.13,31649.58,27447.249
600422.SH,20041027,12.48,12.65,12.28,12.58,12.48,0.1,0.8,47128.61,58104.021
600423.SH,20041027,7.91,7.97,7.76,7.94,7.91,0.03,0.38,13802.21,10890.777
600425.SH,20041027,5.64,5.89,5.57,5.86,5.63,0.23,4.09,17012.45,9823.195
600426.SH,20041027,13.3,13.35,12.8,13.06,13.3,-0.24,-1.8,11529.34,15010.839
600428.SH,20041027,12.0,12.6,12.0,12.59,12.1,0.49,4.05,36715.04,45069.926
600429.SH,20041027,3.49,3.53,3.36,3.52,3.43,0.09,2.62,18542.09,6400.203
600432.SH,20041027,12.03,12.06,11.77,11.95,11.99,-0.04,-0.33,11269.76,13433.262
600433.SH,20041027,4.56,4.8,4.52,4.73,4.56,0.17,3.73,6461.8,3023.411
600435.SH,20041027,6.88,7.12,6.81,7.12,6.89,0.23,3.34,2977.23,2068.651
600436.SH,20041027,13.96,14.28,13.85,14.0,14.0,0.0,0.0,21098.32,29613.265
600438.SH,20041027,8.5,8.64,8.42,8.64,8.48,0.16,1.89,13928.68,11945.318
600439.SH,20041027,14.9,15.3,14.77,15.09,14.86,0.23,1.55,6923.77,10448.148
600444.SH,20041027,9.5,9.66,9.28,9.62,9.24,0.38,4.11,10766.68,10270.584
600446.SH,20041027,9.8,10.49,9.7,10.18,9.79,0.39,3.98,5563.55,5645.321
600448.SH,20041027,3.27,3.36,3.21,3.36,3.27,0.09,2.75,6994.66,2297.882
600452.SH,20041027,6.87,6.96,6.73,6.95,6.87,0.08,1.16,7627.09,5221.762
600455.SH,20041027,12.38,13.06,12.3,13.02,12.36,0.66,5.34,7765.69,9941.694
600456.SH,20041027,8.8,8.89,8.6,8.86,8.79,0.07,0.8,11409.87,9999.997
600458.SH,20041027,5.56,5.71,5.48,5.61,5.51,0.1,1.81,18167.3,10149.825
600459.SH,20041027,8.5,8.75,8.4,8.73,8.54,0.19,2.22,4322.72,3702.011
600460.SH,20041027,14.2,14.46,14.07,14.21,14.08,0.13,0.92,14890.86,21264.104
600461.SH,20041027,6.88,7.3,6.85,7.28,6.88,0.4,5.81,25181.39,17825.033
600462.SH,20041027,5.13,5.28,5.08,5.28,5.18,0.1,1.93,9592.64,4977.47
600463.SH,20041027,7.39,7.6,7.31,7.58,7.36,0.22,2.99,6901.54,5138.903
600466.SH,20041027,5.54,5.78,5.48,5.77,5.54,0.23,4.15,5747.69,3261.271
600467.SH,20041027,8.85,8.93,8.65,8.91,8.84,0.07,0.79,25547.25,22488.189
600468.SH,20041027,4.84,5.1,4.8,5.09,4.84,0.25,5.17,8315.35,4126.426
600469.SH,20041027,5.53,5.59,5.36,5.58,5.49,0.09,1.64,14588.71,7954.668
600470.SH,20041027,6.73,7.0,6.71,6.95,6.73,0.22,3.27,37746.25,25945.973
600475.SH,20041027,11.1,11.38,11.0,11.35,11.09,0.26,2.34,15541.18,17306.68
600476.SH,20041027,9.0,9.25,8.9,9.24,9.03,0.21,2.33,7771.11,7062.115
600477.SH,20041027,9.43,9.43,9.18,9.25,9.33,-0.08,-0.86,8029.35,7456.292
600478.SH,20041027,6.05,6.34,6.02,6.3,6.01,0.29,4.83,4382.57,2720.251
600479.SH,20041027,22.43,22.94,22.1,22.87,22.38,0.49,2.19,1805.87,4098.833
600480.SH,20041027,6.15,6.25,6.05,6.24,6.16,0.08,1.3,4038.4,2471.423
600481.SH,20041027,6.8,6.98,6.8,6.98,6.8,0.18,2.65,6091.9,4202.388
600482.SH,20041027,5.0,5.12,4.92,5.11,4.96,0.15,3.02,11445.55,5743.122
600483.SH,20041027,4.03,4.15,4.0,4.13,3.99,0.14,3.51,42416.34,17230.02
600485.SH,20041027,9.94,10.87,9.92,10.4,9.88,0.52,5.26,27128.06,28281.381
600486.SH,20041027,8.73,9.04,8.63,9.0,8.75,0.25,2.86,3380.55,2989.751
600487.SH,20041027,8.58,9.2,8.51,9.18,8.58,0.6,6.99,10200.46,9115.159
600488.SH,20041027,8.22,8.38,8.16,8.33,8.2,0.13,1.59,10736.81,8923.587
600489.SH,20041027,6.92,7.12,6.66,7.03,7.18,-0.15,-2.09,28829.69,19858.871
600490.SH,20041027,10.5,10.67,10.16,10.41,10.68,-0.27,-2.53,10282.88,10619.209
600491.SH,20041027,11.3,11.34,10.93,11.2,11.21,-0.01,-0.09,7547.79,8387.279
600493.SH,20041027,5.92,5.98,5.8,5.97,5.88,0.09,1.53,19790.66,11625.006
600495.SH,20041027,6.5,6.69,6.3,6.65,6.53,0.12,1.84,10615.44,6880.25
600496.SH,20041027,6.23,6.53,6.19,6.53,5.94,0.59,9.93,13104.26,8499.213
600497.SH,20041027,12.23,12.55,12.1,12.4,12.23,0.17,1.39,15523.59,19111.557
600498.SH,20041027,9.38,9.63,9.29,9.39,9.29,0.1,1.08,52042.81,49211.408
600499.SH,20041027,9.65,10.54,9.4,10.54,9.58,0.96,10.02,19001.71,19457.743
600500.SH,20041027,10.93,11.09,10.7,10.72,10.93,-0.21,-1.92,95166.68,103375.908
600501.SH,20041027,7.86,7.96,7.85,7.95,7.85,0.1,1.27,945.0,747.419
600502.SH,20041027,4.81,5.15,4.81,5.04,4.81,0.23,4.78,21123.41,10634.204
600505.SH,20041027,4.88,5.04,4.88,5.01,4.9,0.11,2.24,12238.34,6088.467
600506.SH,20041027,4.48,4.75,4.4,4.69,4.51,0.18,3.99,6556.97,3000.056
600507.SH,20041027,8.37,8.56,8.37,8.53,8.37,0.16,1.91,9872.42,8364.045
600508.SH,20041027,14.6,14.6,14.15,14.18,14.6,-0.42,-2.88,50134.66,71670.975
600509.SH,20041027,5.2,5.6,5.15,5.52,5.15,0.37,7.18,32715.98,17827.206
600510.SH,20041027,9.7,9.98,9.55,9.6,9.76,-0.16,-1.64,13761.0,13335.702
600511.SH,20041027,6.93,7.17,6.9,7.16,6.93,0.23,3.32,7089.58,5000.225
600512.SH,20041027,5.71,5.82,5.66,5.8,5.71,0.09,1.58,3602.33,2065.828
600513.SH,20041027,10.3,10.57,10.1,10.54,10.27,0.27,2.63,1707.21,1759.93
600515.SH,20041027,3.6,3.8,3.53,3.79,3.71,0.08,2.16,16589.82,6068.414
600516.SH,20041027,6.0,6.01,5.7,5.91,5.85,0.06,1.03,7377.44,4339.691
600517.SH,20041027,9.2,9.6,9.1,9.58,9.17,0.41,4.47,9000.7,8466.957
600518.SH,20041027,12.08,12.28,11.9,12.16,12.08,0.08,0.66,5779.11,6997.29
600519.SH,20041027,39.84,40.6,39.32,39.4,39.8,-0.4,-1.01,11878.04,47630.068
600520.SH,20041027,5.86,6.01,5.8,6.01,5.85,0.16,2.74,2317.1,1368.517
600521.SH,20041027,18.5,19.18,18.21,18.85,18.4,0.45,2.45,7826.73,14844.07
600522.SH,20041027,5.5,5.67,5.42,5.65,5.5,0.15,2.73,5051.02,2794.388
600523.SH,20041027,3.39,3.58,3.32,3.55,3.41,0.14,4.11,6113.6,2111.726
600525.SH,20041027,13.65,13.99,13.65,13.98,13.68,0.3,2.19,4347.85,6013.443
600526.SH,20041027,8.19,8.2,7.8,8.12,8.21,-0.09,-1.1,13029.05,10478.535
600527.SH,20041027,8.75,8.97,8.44,8.96,8.73,0.23,2.63,2059.31,1809.047
600528.SH,20041027,4.96,5.05,4.9,5.04,4.96,0.08,1.61,3499.31,1738.551
600529.SH,20041027,8.18,8.33,8.07,8.31,8.17,0.14,1.71,8190.2,6729.251
600530.SH,20041027,6.56,6.74,6.5,6.7,6.56,0.14,2.13,1866.76,1230.223
600531.SH,20041027,7.63,7.68,7.42,7.65,7.63,0.02,0.26,13111.63,9892.396
600532.SH,20041027,5.1,5.27,5.05,5.27,5.13,0.14,2.73,3187.58,1638.221
600533.SH,20041027,12.12,12.45,12.1,12.45,12.12,0.33,2.72,5724.57,7043.233
600535.SH,20041027,12.6,12.86,12.32,12.67,12.41,0.26,2.1,33969.67,43133.202
600536.SH,20041027,15.38,15.5,14.87,15.45,15.44,0.01,0.06,4883.04,7393.04
600537.SH,20041027,4.29,4.52,4.25,4.47,4.21,0.26,6.18,10687.87,4682.846
600538.SH,20041027,7.64,7.83,7.64,7.82,7.66,0.16,2.09,2972.01,2302.474
600539.SH,20041027,4.14,4.31,4.07,4.3,4.14,0.16,3.86,8549.56,3583.355
600540.SH,20041027,5.26,5.79,5.15,5.74,5.3,0.44,8.3,22637.33,12608.974
600543.SH,20041027,5.91,6.05,5.79,6.02,5.92,0.1,1.69,7142.52,4232.842
600545.SH,20041027,4.95,5.11,4.88,5.09,4.93,0.16,3.25,4271.57,2144.894
600546.SH,20041027,9.47,9.57,9.17,9.47,9.57,-0.1,-1.04,4964.54,4649.343
600547.SH,20041027,13.18,13.43,13.1,13.31,13.1,0.21,1.6,12528.27,16650.425
600548.SH,20041027,4.59,4.9,4.5,4.84,4.54,0.3,6.61,32080.46,15186.609
600549.SH,20041027,8.62,9.0,8.53,8.89,8.84,0.05,0.57,26364.82,23010.341
600550.SH,20041027,6.36,6.44,6.26,6.41,6.37,0.04,0.63,10373.27,6594.223
600551.SH,20041027,7.32,7.67,7.32,7.62,7.32,0.3,4.1,6588.11,4972.305
600552.SH,20041027,6.15,6.26,5.9,6.2,6.15,0.05,0.81,11766.13,7120.387
600553.SH,20041027,3.15,3.25,3.1,3.24,3.15,0.09,2.86,9525.57,3030.212
600555.SH,20041027,4.99,5.12,4.85,5.09,4.99,0.1,2.0,7726.34,3845.534
600556.SH,20041027,8.87,9.05,8.73,9.01,8.87,0.14,1.58,64561.67,57720.69
600557.SH,20041027,11.8,11.88,11.6,11.75,11.87,-0.12,-1.01,169.0,197.935
600558.SH,20041027,6.65,6.72,6.5,6.7,6.6,0.1,1.52,2106.79,1394.726
600559.SH,20041027,5.12,5.3,5.0,5.27,4.96,0.31,6.25,5860.19,3006.305
600560.SH,20041027,5.23,5.41,5.15,5.4,5.21,0.19,3.65,5676.24,3014.889
600561.SH,20041027,8.6,8.67,8.41,8.59,8.59,0.0,0.0,9636.0,8212.3
600562.SH,20041027,7.3,7.47,7.3,7.45,7.32,0.13,1.78,2195.4,1619.923
600563.SH,20041027,15.89,16.28,15.73,16.26,15.88,0.38,2.39,7828.2,12615.545
600565.SH,20041027,10.9,11.22,10.81,11.15,10.9,0.25,2.29,1128.59,1243.734
600566.SH,20041027,5.4,5.74,5.4,5.71,5.53,0.18,3.26,2745.91,1541.87
600567.SH,20041027,4.95,5.1,4.93,5.06,4.87,0.19,3.9,11976.88,6015.411
600568.SH,20041027,4.72,4.89,4.65,4.85,4.71,0.14,2.97,3682.96,1745.036
600569.SH,20041027,3.45,3.53,3.43,3.53,3.43,0.1,2.92,55424.95,19251.211
600570.SH,20041027,10.55,11.15,10.36,11.07,10.51,0.56,5.33,8108.31,8841.227
600571.SH,20041027,9.0,9.75,8.9,9.75,8.86,0.89,10.05,46224.4,44332.26
600572.SH,20041027,8.02,8.28,8.0,8.27,8.0,0.27,3.38,7272.57,5933.14
600573.SH,20041027,7.7,7.75,7.63,7.71,7.75,-0.04,-0.52,4022.06,3097.915
600575.SH,20041027,9.85,9.87,9.63,9.8,9.8,0.0,0.0,15409.57,15058.008
600576.SH,20041027,4.32,4.64,4.29,4.59,4.47,0.12,2.68,22096.58,10046.182
600577.SH,20041027,7.37,7.55,7.27,7.54,7.33,0.21,2.86,3162.74,2346.041
600578.SH,20041027,6.67,6.72,6.52,6.72,6.67,0.05,0.75,9064.98,6027.168
600579.SH,20041027,3.78,3.97,3.72,3.96,3.85,0.11,2.86,8837.35,3421.469
600580.SH,20041027,5.8,5.9,5.72,5.89,5.83,0.06,1.03,4344.11,2526.578
600581.SH,20041027,5.44,5.55,5.3,5.5,5.36,0.14,2.61,36948.42,20043.807
600582.SH,20041027,9.29,9.4,9.13,9.35,9.13,0.22,2.41,13179.98,12196.921
600583.SH,20041027,21.4,21.6,20.8,20.98,21.36,-0.38,-1.78,17406.87,36831.97
600584.SH,20041027,7.36,7.71,7.35,7.66,7.38,0.28,3.79,51460.75,38773.201
600585.SH,20041027,9.52,9.7,9.32,9.7,9.54,0.16,1.68,39467.47,37294.47
600586.SH,20041027,10.1,10.28,10.06,10.28,10.14,0.14,1.38,6491.95,6607.692
600587.SH,20041027,7.08,7.3,7.07,7.2,6.9,0.3,4.35,4711.97,3376.346
600588.SH,20041027,24.28,24.3,23.26,23.66,24.0,-0.34,-1.42,6675.76,15763.269
600589.SH,20041027,6.08,6.18,5.91,6.16,6.04,0.12,1.99,1899.76,1145.502
600590.SH,20041027,8.23,8.29,7.9,8.18,8.28,-0.1,-1.21,8167.99,6623.274
600591.SH,20041027,5.61,5.8,5.6,5.73,5.8,-0.07,-1.21,35983.11,20412.935
600592.SH,20041027,6.47,6.59,6.38,6.59,6.48,0.11,1.7,2808.44,1817.275
600593.SH,20041027,6.63,7.07,6.54,7.07,6.43,0.64,9.95,5968.81,4134.735
600594.SH,20041027,23.45,24.3,23.45,24.23,23.39,0.84,3.59,2692.26,6474.71
600595.SH,20041027,5.53,5.57,5.38,5.56,5.53,0.03,0.54,9294.79,5091.39
600596.SH,20041027,7.4,7.55,7.26,7.47,7.31,0.16,2.19,26113.11,19395.734
600597.SH,20041027,8.51,8.77,8.2,8.28,8.53,-0.25,-2.93,113085.85,96263.079
600598.SH,20041027,7.06,7.1,6.97,7.06,7.05,0.01,0.14,21295.13,14978.646
600599.SH,20041027,7.9,8.16,7.8,8.0,7.98,0.02,0.25,1420.6,1137.464
600600.SH,20041027,10.83,10.88,10.39,10.45,10.89,-0.44,-4.04,41486.69,43980.993
600601.SH,20041027,5.38,5.89,5.31,5.89,5.35,0.54,10.09,239715.13,134916.886
600602.SH,20041027,8.9,9.01,8.66,8.85,8.9,-0.05,-0.56,46830.13,41180.463
600603.SH,20041027,2.66,2.81,2.65,2.77,2.69,0.08,2.97,28647.8,7836.352
600604.SH,20041027,4.23,4.23,4.01,4.13,4.22,-0.09,-2.13,5997.26,2468.32
600605.SH,20041027,6.39,6.69,6.2,6.67,6.38,0.29,4.55,2740.64,1767.249
600606.SH,20041027,5.29,5.42,5.2,5.42,5.29,0.13,2.46,5757.73,3045.669
600607.SH,20041027,6.92,7.21,6.89,7.17,6.92,0.25,3.61,20329.37,14393.418
600608.SH,20041027,6.74,7.08,6.52,7.06,6.84,0.22,3.22,31039.39,21051.92
600609.SH,20041027,2.93,3.08,2.85,3.07,2.97,0.1,3.37,48647.16,14368.429
600610.SH,20041027,5.18,5.24,5.01,5.23,5.14,0.09,1.75,2391.73,1226.85
600611.SH,20041027,7.48,7.5,7.27,7.4,7.48,-0.08,-1.07,9150.68,6756.938
600612.SH,20041027,6.61,6.67,6.45,6.63,6.59,0.04,0.61,3110.78,2042.131
600614.SH,20041027,6.86,7.25,6.61,7.15,6.94,0.21,3.03,2080.57,1427.772
600616.SH,20041027,8.41,8.5,8.3,8.43,8.41,0.02,0.24,3029.0,2543.351
600617.SH,20041027,3.72,3.86,3.6,3.85,3.69,0.16,4.34,825.07,311.669
600618.SH,20041027,7.78,7.86,7.53,7.85,7.79,0.06,0.77,2790.87,2141.913
600619.SH,20041027,9.95,9.98,9.7,9.94,10.01,-0.07,-0.7,8127.39,8011.657
600620.SH,20041027,3.7,3.84,3.65,3.83,3.67,0.16,4.36,10107.04,3809.177
600621.SH,20041027,5.12,5.24,5.1,5.17,5.09,0.08,1.57,8633.93,4464.008
600622.SH,20041027,4.08,4.13,3.94,4.12,4.07,0.05,1.23,5688.3,2290.363
600623.SH,20041027,7.11,7.11,6.83,7.09,7.11,-0.02,-0.28,1636.3,1139.443
600624.SH,20041027,6.55,6.72,6.55,6.71,6.5,0.21,3.23,31253.86,20701.028
600626.SH,20041027,5.75,5.75,5.2,5.53,5.75,-0.22,-3.83,21285.36,11514.223
600627.SH,20041027,7.36,7.48,7.24,7.48,7.3,0.18,2.47,7933.68,5846.99
600628.SH,20041027,6.12,6.3,6.12,6.2,6.15,0.05,0.81,19115.5,11928.55
600629.SH,20041027,1.59,1.67,1.54,1.67,1.59,0.08,5.03,8596.03,1404.393
600630.SH,20041027,3.98,4.06,3.89,4.0,4.03,-0.03,-0.74,14022.95,5556.12
600633.SH,20041027,7.34,7.34,6.98,7.23,6.95,0.28,4.03,1348.4,969.822
600634.SH,20041027,3.54,3.77,3.46,3.74,3.57,0.17,4.76,3290.87,1187.451
600635.SH,20041027,5.53,5.67,5.51,5.66,5.53,0.13,2.35,6634.29,3705.494
600636.SH,20041027,7.68,7.78,7.56,7.76,7.63,0.13,1.7,17054.01,13139.784
600637.SH,20041027,7.63,7.73,7.37,7.71,7.63,0.08,1.05,16580.09,12549.155
600638.SH,20041027,5.06,5.17,5.02,5.15,5.06,0.09,1.78,5666.6,2879.762
600639.SH,20041027,6.45,6.68,6.4,6.67,6.44,0.23,3.57,12779.33,8338.451
600640.SH,20041027,6.29,6.42,6.13,6.4,6.29,0.11,1.75,5259.59,3304.075
600641.SH,20041027,4.3,4.45,4.2,4.42,4.28,0.14,3.27,12919.99,5566.822
600642.SH,20041027,6.68,6.71,6.51,6.7,6.68,0.02,0.3,58638.16,38901.36
600643.SH,20041027,5.7,5.71,5.39,5.6,5.69,-0.09,-1.58,27022.74,14974.345
600644.SH,20041027,4.7,4.77,4.68,4.76,4.68,0.08,1.71,5648.82,2663.518
600645.SH,20041027,5.0,5.15,4.8,5.01,5.09,-0.08,-1.57,59503.77,29762.724
600647.SH,20041027,9.38,9.46,9.21,9.45,9.4,0.05,0.53,27.0,25.223
600648.SH,20041027,7.3,7.44,7.22,7.41,7.19,0.22,3.06,1556.63,1139.734
600649.SH,20041027,6.35,6.52,6.33,6.47,6.35,0.12,1.89,45906.08,29612.929
600650.SH,20041027,7.13,7.2,7.03,7.17,7.11,0.06,0.84,2082.91,1480.841
600651.SH,20041027,4.82,4.98,4.77,4.94,4.82,0.12,2.49,16609.23,8067.812
600652.SH,20041027,5.58,5.58,5.39,5.56,5.58,-0.02,-0.36,13472.93,7364.806
600653.SH,20041027,2.75,2.84,2.7,2.83,2.74,0.09,3.28,54301.1,14894.281
600654.SH,20041027,3.51,3.59,3.4,3.57,3.51,0.06,1.71,17243.92,5955.594
600655.SH,20041027,5.02,5.07,4.97,5.07,5.01,0.06,1.2,3769.15,1893.374
600656.SH,20041027,6.75,6.8,6.51,6.79,6.78,0.01,0.15,1401.02,939.226
600657.SH,20041027,3.45,3.64,3.44,3.58,3.46,0.12,3.47,61023.06,21666.019
600658.SH,20041027,5.18,5.39,5.15,5.36,5.24,0.12,2.29,15511.73,8228.308
600659.SH,20041027,3.15,3.36,3.07,3.36,3.05,0.31,10.16,100994.2,32490.318
600660.SH,20041027,6.64,6.84,6.55,6.82,6.62,0.2,3.02,65572.66,44084.576
600661.SH,20041027,7.0,7.17,6.86,7.13,7.03,0.1,1.42,2401.62,1677.974
600662.SH,20041027,5.6,5.61,5.5,5.6,5.6,0.0,0.0,4930.35,2744.65
600663.SH,20041027,8.18,8.26,8.06,8.25,8.15,0.1,1.23,4780.32,3897.345
600664.SH,20041027,5.35,5.47,5.34,5.46,5.32,0.14,2.63,1911.78,1032.858
600665.SH,20041027,4.13,4.25,4.0,4.25,4.16,0.09,2.16,10691.17,4387.386
600666.SH,20041027,4.83,4.87,4.72,4.86,4.76,0.1,2.1,6308.93,3018.019
600667.SH,20041027,3.3,3.33,3.2,3.32,3.29,0.03,0.91,8432.35,2749.937
600668.SH,20041027,4.07,4.18,4.07,4.17,4.07,0.1,2.46,15310.12,6317.859
600671.SH,20041027,4.26,4.62,4.18,4.55,4.26,0.29,6.81,12370.61,5511.686
600672.SH,20041027,1.09,1.17,1.06,1.17,1.11,0.06,5.41,72011.8,8211.207
600673.SH,20041027,6.53,6.64,6.32,6.6,6.55,0.05,0.76,4766.97,3095.019
600675.SH,20041027,4.85,4.86,4.71,4.86,4.97,-0.11,-2.21,19440.26,9308.443
600676.SH,20041027,5.26,5.33,5.19,5.31,5.28,0.03,0.57,16810.54,8871.345
600677.SH,20041027,4.3,4.57,4.3,4.57,4.15,0.42,10.12,46976.72,21047.568
600678.SH,20041027,3.86,3.93,3.8,3.92,3.86,0.06,1.55,1364.0,527.535
600679.SH,20041027,6.91,7.13,6.48,7.06,6.91,0.15,2.17,1752.96,1212.423
600680.SH,20041027,7.84,7.85,7.43,7.77,7.84,-0.07,-0.89,5717.89,4355.322
600681.SH,20041027,1.24,1.3,1.23,1.3,1.24,0.06,4.84,21897.01,2816.96
600682.SH,20041027,7.41,7.5,7.34,7.47,7.47,0.0,0.0,1210.42,896.663
600683.SH,20041027,5.03,5.15,4.9,5.14,5.04,0.1,1.98,26413.39,13257.42
600684.SH,20041027,3.58,3.74,3.58,3.73,3.58,0.15,4.19,7929.0,2895.158
600685.SH,20041027,4.93,5.05,4.79,5.04,4.92,0.12,2.44,12451.6,6087.577
600686.SH,20041027,6.76,6.8,6.63,6.77,6.76,0.01,0.15,1620.23,1089.428
600687.SH,20041027,6.1,6.26,5.98,6.25,6.17,0.08,1.3,7742.88,4735.097
600688.SH,20041027,4.7,4.76,4.59,4.75,4.7,0.05,1.06,117145.66,55131.058
600689.SH,20041027,4.5,4.63,4.34,4.5,4.53,-0.03,-0.66,17323.74,7747.397
600690.SH,20041027,5.05,5.18,5.01,5.17,5.09,0.08,1.57,13656.41,6947.038
600691.SH,20041027,2.0,2.13,2.0,2.12,2.03,0.09,4.43,5063.9,1058.933
600692.SH,20041027,4.57,4.72,4.52,4.71,4.57,0.14,3.06,7925.08,3635.148
600693.SH,20041027,4.66,4.75,4.6,4.73,4.65,0.08,1.72,2158.07,1008.517
600694.SH,20041027,11.23,11.44,11.11,11.28,11.24,0.04,0.36,18445.71,20802.865
600695.SH,20041027,3.77,3.79,3.7,3.79,3.68,0.11,2.99,756.6,285.049
600696.SH,20041027,3.02,3.17,3.0,3.13,3.06,0.07,2.29,9383.38,2905.257
600697.SH,20041027,5.39,5.42,5.31,5.41,5.39,0.02,0.37,5100.18,2736.593
600698.SH,20041027,1.72,1.83,1.67,1.83,1.74,0.09,5.17,42821.13,7647.871
600699.SH,20041027,4.14,4.25,4.11,4.24,4.2,0.04,0.95,7154.64,2999.765
600700.SH,20041027,1.22,1.33,1.21,1.32,1.27,0.05,3.94,65871.73,8327.264
600701.SH,20041027,4.2,4.25,4.01,4.24,4.2,0.04,0.95,5340.18,2207.784
600702.SH,20041027,4.0,4.08,3.92,4.07,3.98,0.09,2.26,8298.42,3315.627
600703.SH,20041027,4.5,4.68,4.41,4.64,4.54,0.1,2.2,6823.04,3090.458
600704.SH,20041027,5.16,5.18,5.0,5.14,5.11,0.03,0.59,10087.38,5119.545
600705.SH,20041027,3.11,3.4,3.08,3.39,3.1,0.29,9.35,162656.09,52735.021
600706.SH,20041027,10.18,10.47,9.88,10.4,10.21,0.19,1.86,21853.64,22094.554
600707.SH,20041027,8.36,8.54,8.24,8.52,8.36,0.16,1.91,14525.12,12185.62
600708.SH,20041027,5.39,5.62,5.33,5.56,5.35,0.21,3.93,84074.6,45948.679
600710.SH,20041027,4.34,4.82,4.24,4.78,4.55,0.23,5.05,102500.41,45865.265
600711.SH,20041027,9.69,9.89,9.61,9.87,9.7,0.17,1.75,848.94,827.254
600712.SH,20041027,4.62,4.62,4.41,4.59,4.52,0.07,1.55,2367.14,1063.896
600713.SH,20041027,4.1,4.2,4.05,4.2,4.06,0.14,3.45,3956.9,1628.931
600714.SH,20041027,4.99,5.25,4.88,5.16,4.99,0.17,3.41,2248.2,1136.647
600715.SH,20041027,1.83,2.03,1.83,2.03,1.93,0.1,5.18,48482.46,9327.8
600716.SH,20041027,5.7,5.96,5.7,5.93,5.72,0.21,3.67,8679.7,5102.637
600717.SH,20041027,7.02,7.35,7.02,7.32,7.08,0.24,3.39,235279.48,170366.418
600718.SH,20041027,13.38,13.88,13.11,13.41,13.37,0.04,0.3,104847.22,141704.253
600719.SH,20041027,5.25,5.36,5.2,5.36,5.27,0.09,1.71,6357.59,3358.694
600720.SH,20041027,3.31,3.38,3.25,3.38,3.31,0.07,2.11,9976.75,3311.498
600721.SH,20041027,4.68,5.01,4.68,4.97,4.68,0.29,6.2,16636.56,8135.402
600722.SH,20041027,4.57,4.74,4.52,4.74,4.59,0.15,3.27,6492.12,3013.349
600723.SH,20041027,3.09,3.18,3.01,3.17,3.11,0.06,1.93,9951.75,3077.879
600724.SH,20041027,8.82,8.9,8.78,8.83,8.82,0.01,0.11,29757.82,26328.357
600725.SH,20041027,5.05,5.27,5.0,5.19,5.19,0.0,0.0,2012.1,1031.907
600726.SH,20041027,5.2,5.33,5.12,5.31,5.22,0.09,1.72,11923.49,6222.509
600727.SH,20041027,6.3,6.35,6.14,6.35,6.3,0.05,0.79,6205.15,3868.042
600728.SH,20041027,6.7,7.2,6.7,6.89,6.56,0.33,5.03,67075.91,46601.385
600729.SH,20041027,5.9,6.09,5.89,6.07,5.92,0.15,2.53,4507.09,2666.825
600730.SH,20041027,4.73,4.95,4.73,4.94,4.62,0.32,6.93,9527.65,4600.81
600731.SH,20041027,3.3,3.44,3.3,3.42,3.29,0.13,3.95,7271.74,2446.881
600732.SH,20041027,4.55,4.59,4.4,4.58,4.57,0.01,0.22,6460.64,2899.409
600733.SH,20041027,6.39,6.49,6.22,6.47,6.39,0.08,1.25,9678.71,6133.083
600734.SH,20041027,3.55,3.75,3.51,3.71,3.55,0.16,4.51,7825.03,2840.562
600735.SH,20041027,2.48,2.54,2.42,2.53,2.5,0.03,1.2,4567.04,1132.09
600736.SH,20041027,5.37,5.4,5.2,5.38,5.35,0.03,0.56,3985.9,2124.993
600737.SH,20041027,1.93,2.06,1.92,2.06,1.96,0.1,5.1,154791.46,31132.354
600738.SH,20041027,2.5,2.67,2.5,2.64,2.55,0.09,3.53,14084.8,3641.519
600739.SH,20041027,3.63,3.75,3.58,3.74,3.66,0.08,2.19,49460.97,18163.798
600740.SH,20041027,14.28,14.28,13.59,13.82,14.31,-0.49,-3.42,51580.02,71188.457
600741.SH,20041027,4.36,4.37,4.29,4.37,4.36,0.01,0.23,5482.19,2368.733
600742.SH,20041027,4.62,4.78,4.6,4.76,4.63,0.13,2.81,7766.43,3631.638
600743.SH,20041027,1.85,1.94,1.78,1.93,1.87,0.06,3.21,14950.16,2812.548
600744.SH,20041027,5.41,5.55,5.31,5.54,5.4,0.14,2.59,46108.96,25109.663
600745.SH,20041027,3.7,3.95,3.63,3.87,3.74,0.13,3.48,12559.6,4789.95
600746.SH,20041027,3.32,3.46,3.13,3.42,3.35,0.07,2.09,11629.49,3881.248
600747.SH,20041027,5.25,5.28,5.12,5.25,5.25,0.0,0.0,40685.84,21222.002
600748.SH,20041027,4.72,4.88,4.7,4.87,4.72,0.15,3.18,6075.03,2904.703
600749.SH,20041027,6.47,7.25,6.43,6.94,6.59,0.35,5.31,17485.7,12108.452
600750.SH,20041027,7.0,7.14,6.9,7.11,7.0,0.11,1.57,5669.26,3972.477
600751.SH,20041027,2.09,2.23,2.09,2.23,2.12,0.11,5.19,19309.88,4250.872
600752.SH,20041027,1.47,1.53,1.45,1.51,1.47,0.04,2.72,19254.38,2883.942
600753.SH,20041027,2.35,2.47,2.3,2.47,2.35,0.12,5.11,3265.19,784.846
600754.SH,20041027,7.2,7.37,7.17,7.36,7.2,0.16,2.22,12683.31,9280.86
600755.SH,20041027,4.65,4.68,4.58,4.67,4.61,0.06,1.3,9862.93,4581.71
600756.SH,20041027,10.08,10.08,9.82,9.99,10.03,-0.04,-0.4,2223.78,2208.667
600757.SH,20041027,3.75,3.89,3.72,3.89,3.78,0.11,2.91,8703.04,3301.502
600758.SH,20041027,2.74,2.83,2.68,2.79,2.74,0.05,1.82,2379.9,652.299
600759.SH,20041027,1.66,1.73,1.62,1.73,1.65,0.08,4.85,15722.52,2682.828
600760.SH,20041027,2.1,2.21,2.08,2.21,2.11,0.1,4.74,11148.89,2389.701
600761.SH,20041027,6.41,6.59,6.28,6.57,6.41,0.16,2.5,85961.75,55608.118
600762.SH,20041027,5.48,5.68,5.41,5.67,5.51,0.16,2.9,4134.64,2309.082
600763.SH,20041027,3.59,3.72,3.45,3.72,3.54,0.18,5.08,17625.0,6491.127
600764.SH,20041027,5.28,5.7,5.22,5.69,5.5,0.19,3.45,24195.97,13141.565
600765.SH,20041027,4.76,4.94,4.7,4.94,4.78,0.16,3.35,2231.47,1078.766
600766.SH,20041027,2.91,3.05,2.9,3.03,2.91,0.12,4.12,2658.44,793.493
600767.SH,20041027,2.95,3.05,2.86,3.04,2.94,0.1,3.4,5715.6,1693.505
600768.SH,20041027,13.35,13.88,13.35,13.87,13.38,0.49,3.66,6177.22,8387.125
600769.SH,20041027,4.88,4.94,4.74,4.92,4.9,0.02,0.41,7600.91,3680.407
600770.SH,20041027,12.75,12.8,11.76,12.24,12.71,-0.47,-3.7,34852.88,42172.013
600771.SH,20041027,6.26,6.46,6.26,6.46,6.35,0.11,1.73,5004.08,3181.887
600772.SH,20041027,4.33,4.55,4.26,4.5,4.46,0.04,0.9,8998.93,3945.297
600773.SH,20041027,3.35,3.66,3.25,3.52,3.44,0.08,2.33,81235.91,28227.287
600774.SH,20041027,4.18,4.28,4.06,4.27,4.19,0.08,1.91,1516.68,626.976
600775.SH,20041027,6.67,6.7,6.41,6.65,6.7,-0.05,-0.75,7915.82,5219.153
600776.SH,20041027,4.33,4.33,4.16,4.25,4.34,-0.09,-2.07,11054.75,4670.253
600777.SH,20041027,3.95,4.1,3.87,4.1,3.95,0.15,3.8,13412.55,5347.643
600778.SH,20041027,4.09,4.15,4.0,4.15,4.09,0.06,1.47,7095.41,2889.519
600779.SH,20041027,6.6,6.72,6.5,6.69,6.66,0.03,0.45,22987.0,15207.259
600780.SH,20041027,5.13,5.15,5.0,5.08,5.13,-0.05,-0.97,51274.22,25913.056
600781.SH,20041027,2.1,2.21,2.06,2.21,2.1,0.11,5.24,5068.72,1102.269
600782.SH,20041027,3.96,4.15,3.96,4.14,4.01,0.13,3.24,5186.8,2097.963
600783.SH,20041027,4.3,4.57,4.2,4.5,4.34,0.16,3.69,11143.88,4948.157
600784.SH,20041027,3.58,3.8,3.58,3.78,3.74,0.04,1.07,10971.2,4055.805
600785.SH,20041027,7.7,7.74,7.45,7.69,7.67,0.02,0.26,5270.9,3993.837
600786.SH,20041027,14.45,14.8,14.3,14.57,14.43,0.14,0.97,20762.62,29940.454
600787.SH,20041027,4.17,4.28,4.09,4.25,4.16,0.09,2.16,7289.92,3057.959
600789.SH,20041027,3.08,3.19,3.01,3.18,3.1,0.08,2.58,18623.65,5801.874
600790.SH,20041027,4.21,4.27,4.19,4.27,4.2,0.07,1.67,3934.7,1667.555
600791.SH,20041027,5.1,5.25,5.01,5.25,5.08,0.17,3.35,1273.31,652.574
600792.SH,20041027,9.52,9.6,9.39,9.59,9.6,-0.01,-0.1,1342.75,1271.226
600793.SH,20041027,5.95,6.08,5.85,6.0,5.98,0.02,0.33,1347.0,801.801
600794.SH,20041027,5.02,5.15,4.96,5.13,5.02,0.11,2.19,3452.18,1740.719
600795.SH,20041027,6.5,6.61,6.29,6.6,6.45,0.15,2.33,134958.67,86501.846
600796.SH,20041027,7.0,7.0,6.49,6.98,6.99,-0.01,-0.14,1190.24,824.524
600797.SH,20041027,4.91,5.09,4.7,5.06,4.91,0.15,3.06,346044.96,168246.057
600798.SH,20041027,4.9,5.3,4.79,5.23,4.89,0.34,6.95,20388.8,10372.402
600799.SH,20041027,1.3,1.37,1.25,1.37,1.3,0.07,5.38,32463.04,4392.524
600800.SH,20041027,4.51,4.69,4.49,4.68,4.63,0.05,1.08,12852.01,5881.672
600801.SH,20041027,8.01,8.07,7.76,8.0,7.99,0.01,0.13,10104.34,7954.02
600802.SH,20041027,4.46,4.63,4.43,4.6,4.48,0.12,2.68,8835.81,4007.962
600803.SH,20041027,6.59,6.59,6.3,6.45,6.34,0.11,1.74,2046.43,1312.989
600804.SH,20041027,3.95,4.09,3.9,4.08,3.96,0.12,3.03,4609.41,1844.821
600805.SH,20041027,3.65,3.85,3.65,3.85,3.84,0.01,0.26,13678.78,5152.303
600806.SH,20041027,5.49,5.6,5.26,5.58,5.53,0.05,0.9,19820.01,10806.049
600807.SH,20041027,3.03,3.08,3.0,3.08,3.04,0.04,1.32,2308.0,702.964
600808.SH,20041027,3.88,4.0,3.8,3.99,3.89,0.1,2.57,141477.87,55075.764
600809.SH,20041027,5.92,6.0,5.87,6.0,5.92,0.08,1.35,6346.2,3762.137
600810.SH,20041027,5.06,5.09,4.92,5.08,5.04,0.04,0.79,6839.18,3429.971
600811.SH,20041027,4.5,4.62,4.45,4.57,4.5,0.07,1.56,79303.29,36254.342
600812.SH,20041027,4.05,4.18,3.98,4.18,4.06,0.12,2.96,25928.56,10493.05
600814.SH,20041027,3.46,3.55,3.37,3.54,3.44,0.1,2.91,4944.5,1707.265
600815.SH,20041027,4.37,4.43,4.27,4.43,4.43,0.0,0.0,9108.01,3964.93
600816.SH,20041027,3.28,3.38,3.21,3.38,3.29,0.09,2.74,26723.2,8787.97
600817.SH,20041027,13.54,13.54,13.08,13.3,13.48,-0.18,-1.34,771.99,1021.37
600818.SH,20041027,4.61,4.83,4.55,4.83,4.6,0.23,5.0,1709.04,815.101
600819.SH,20041027,5.96,5.96,5.61,5.96,5.96,0.0,0.0,813.03,475.027
600820.SH,20041027,4.27,4.36,4.23,4.36,4.3,0.06,1.4,6426.07,2762.329
600821.SH,20041027,3.55,3.59,3.42,3.59,3.53,0.06,1.7,35973.06,12780.709
600822.SH,20041027,7.55,8.05,7.55,7.9,7.63,0.27,3.54,1470.46,1137.904
600823.SH,20041027,6.35,6.48,6.1,6.26,6.32,-0.06,-0.95,23059.7,14346.89
600824.SH,20041027,6.55,6.62,6.44,6.61,6.46,0.15,2.32,4386.61,2855.425
600825.SH,20041027,10.3,10.42,10.27,10.38,10.25,0.13,1.27,20904.97,21660.679
600826.SH,20041027,3.75,3.76,3.6,3.76,3.71,0.05,1.35,3079.67,1141.247
600827.SH,20041027,8.13,8.46,8.1,8.22,8.12,0.1,1.23,36061.32,29819.444
600828.SH,20041027,3.9,4.04,3.84,4.03,3.88,0.15,3.87,2434.93,963.454
600829.SH,20041027,6.42,6.51,6.28,6.51,6.44,0.07,1.09,6362.0,4067.774
600830.SH,20041027,4.86,5.01,4.78,4.98,4.9,0.08,1.63,3504.4,1708.372
600831.SH,20041027,8.71,9.17,8.59,9.13,8.71,0.42,4.82,42045.52,37381.184
600832.SH,20041027,15.2,15.41,14.7,15.08,15.15,-0.07,-0.46,58687.96,88126.961
600833.SH,20041027,4.65,4.79,4.58,4.79,4.65,0.14,3.01,4070.35,1907.202
600834.SH,20041027,5.68,5.77,5.66,5.74,5.66,0.08,1.41,3334.58,1906.406
600835.SH,20041027,6.3,6.47,6.21,6.39,6.35,0.04,0.63,29511.14,18736.08
600836.SH,20041027,5.72,5.9,5.7,5.9,5.8,0.1,1.72,1757.09,1016.288
600837.SH,20041027,8.12,8.24,8.03,8.15,8.12,0.03,0.37,15882.74,12935.052
600838.SH,20041027,4.04,4.16,4.0,4.12,4.05,0.07,1.73,8572.18,3495.811
600839.SH,20041027,5.05,5.07,4.89,5.03,5.04,-0.01,-0.2,38403.16,19056.256
600840.SH,20041027,5.02,5.24,5.01,5.21,5.06,0.15,2.96,1938.95,993.566
600841.SH,20041027,10.98,11.0,10.58,10.8,11.0,-0.2,-1.82,5307.97,5704.897
600842.SH,20041027,2.15,2.21,2.08,2.2,2.12,0.08,3.77,3124.38,666.405
600843.SH,20041027,6.4,6.44,6.11,6.38,6.37,0.01,0.16,899.12,567.529
600844.SH,20041027,2.6,2.73,2.51,2.73,2.6,0.13,5.0,4328.08,1153.097
600845.SH,20041027,12.0,12.14,11.8,12.14,11.93,0.21,1.76,1599.18,1913.544
600846.SH,20041027,4.34,4.48,4.26,4.47,4.3,0.17,3.95,5152.44,2245.605
600847.SH,20041027,2.47,2.5,2.38,2.49,2.38,0.11,4.62,2904.5,718.29
600848.SH,20041027,2.95,3.09,2.88,3.07,2.98,0.09,3.02,3872.25,1164.435
600850.SH,20041027,5.0,5.25,4.95,5.21,5.04,0.17,3.37,5687.77,2905.651
600851.SH,20041027,11.36,11.36,11.27,11.29,11.38,-0.09,-0.79,6197.0,7011.336
600852.SH,20041027,1.3,1.38,1.29,1.37,1.31,0.06,4.58,6108.31,831.128
600853.SH,20041027,3.35,3.41,3.29,3.4,3.24,0.16,4.94,17513.53,5843.746
600854.SH,20041027,4.6,4.73,4.54,4.69,4.61,0.08,1.74,8797.49,4069.25
600855.SH,20041027,4.96,5.3,4.96,5.29,5.15,0.14,2.72,7561.36,3960.086
600856.SH,20041027,3.5,3.68,3.5,3.58,3.5,0.08,2.29,24463.66,8808.68
600857.SH,20041027,4.75,4.75,4.58,4.72,4.67,0.05,1.07,2156.42,1001.227
600858.SH,20041027,4.0,4.04,3.98,4.04,3.96,0.08,2.02,2577.0,1031.219
600859.SH,20041027,5.1,5.1,4.99,5.06,5.06,0.0,0.0,4478.43,2248.222
600860.SH,20041027,5.67,5.75,5.59,5.73,5.59,0.14,2.5,8777.02,4993.911
600861.SH,20041027,4.43,4.51,4.35,4.5,4.41,0.09,2.04,4865.26,2155.741
600863.SH,20041027,4.4,4.5,4.23,4.48,4.38,0.1,2.28,35587.87,15467.132
600864.SH,20041027,5.3,5.48,5.16,5.46,5.38,0.08,1.49,5878.15,3125.493
600865.SH,20041027,4.36,4.4,4.23,4.39,4.36,0.03,0.69,4143.61,1782.317
600866.SH,20041027,3.92,4.16,3.81,4.15,3.92,0.23,5.87,27663.95,11064.106
600867.SH,20041027,4.64,4.85,4.59,4.79,4.64,0.15,3.23,4635.78,2184.816
600868.SH,20041027,3.25,3.33,3.21,3.32,3.25,0.07,2.15,42776.99,13908.465
600869.SH,20041027,2.17,2.29,2.14,2.29,2.18,0.11,5.05,4666.97,1057.998
600870.SH,20041027,4.7,4.74,4.51,4.72,4.68,0.04,0.85,5884.03,2726.214
600871.SH,20041027,4.66,4.77,4.6,4.76,4.66,0.1,2.15,19106.84,8967.638
600872.SH,20041027,3.9,4.01,3.85,4.0,3.9,0.1,2.56,8009.15,3175.029
600873.SH,20041027,4.18,4.62,4.18,4.61,4.4,0.21,4.77,22332.96,9859.666
600874.SH,20041027,6.35,6.49,6.2,6.48,6.39,0.09,1.41,6196.02,3923.61
600875.SH,20041027,13.0,13.2,12.68,12.81,12.97,-0.16,-1.23,12277.14,15797.299
600876.SH,20041027,3.38,3.56,3.34,3.56,3.39,0.17,5.01,5768.98,2038.706
600877.SH,20041027,3.24,3.42,3.18,3.42,3.24,0.18,5.56,31934.79,10767.323
600879.SH,20041027,12.09,12.46,11.99,12.34,12.2,0.14,1.15,68840.52,84143.338
600880.SH,20041027,9.22,9.42,9.05,9.42,9.28,0.14,1.51,10397.2,9530.282
600881.SH,20041027,4.26,4.28,4.18,4.28,4.24,0.04,0.94,11496.52,4858.631
600882.SH,20041027,3.65,3.76,3.55,3.74,3.62,0.12,3.31,6192.32,2252.492
600883.SH,20041027,4.72,4.73,4.5,4.69,4.66,0.03,0.64,4140.94,1891.993
600884.SH,20041027,5.55,5.6,5.4,5.57,5.54,0.03,0.54,10477.81,5746.559
600885.SH,20041027,4.18,4.38,4.1,4.34,4.17,0.17,4.08,4578.92,1932.406
600886.SH,20041027,7.32,8.11,7.31,8.11,7.37,0.74,10.04,47484.61,37290.531
600887.SH,20041027,13.28,13.28,11.95,11.95,13.28,-1.33,-10.02,217000.61,266767.876
600888.SH,20041027,10.7,10.78,10.48,10.69,10.63,0.06,0.56,5775.06,6137.26
600889.SH,20041027,5.1,5.63,4.93,5.45,5.16,0.29,5.62,24146.01,12830.533
600890.SH,20041027,3.37,3.45,3.29,3.45,3.14,0.31,9.87,115103.89,38838.707
600891.SH,20041027,2.26,2.38,2.21,2.38,2.27,0.11,4.85,8942.87,2100.383
600892.SH,20041027,5.52,5.81,5.52,5.77,5.81,-0.04,-0.69,1746.49,977.719
600893.SH,20041027,5.48,5.57,5.28,5.46,5.4,0.06,1.11,12166.62,6533.195
600894.SH,20041027,4.23,4.29,4.11,4.28,4.13,0.15,3.63,12327.43,5173.816
600895.SH,20041027,6.77,6.99,6.6,6.95,6.76,0.19,2.81,40457.7,27405.218
600896.SH,20041027,5.5,5.7,5.45,5.68,5.53,0.15,2.71,8290.11,4648.411
600897.SH,20041027,7.67,7.95,7.64,7.95,7.67,0.28,3.65,12708.46,9962.316
600898.SH,20041027,4.71,4.96,4.71,4.93,4.71,0.22,4.67,10688.17,5208.748
600899.SH,20041027,1.42,1.49,1.37,1.48,1.43,0.05,3.5,9453.9,1376.127
600900.SH,20041027,9.2,9.25,9.13,9.21,9.19,0.02,0.22,553251.84,508271.657
600960.SH,20041027,8.88,9.2,8.78,9.2,8.86,0.34,3.84,7779.02,7029.906
600961.SH,20041027,5.03,5.19,4.85,5.18,5.07,0.11,2.17,65516.4,32949.839
600962.SH,20041027,5.01,5.5,4.94,5.5,5.0,0.5,10.0,31094.7,16326.534
600963.SH,20041027,6.48,6.68,6.42,6.66,6.48,0.18,2.78,22665.01,14932.602
600965.SH,20041027,4.22,4.35,4.14,4.33,4.22,0.11,2.61,22882.74,9728.71
600966.SH,20041027,10.65,10.86,10.58,10.8,10.58,0.22,2.08,33282.53,35861.162
600967.SH,20041027,5.95,6.18,5.87,6.15,6.01,0.14,2.33,10615.08,6388.583
600969.SH,20041027,7.79,8.0,7.71,7.99,7.77,0.22,2.83,22703.2,17890.47
600971.SH,20041027,24.55,24.8,24.03,24.25,24.39,-0.14,-0.57,18425.74,44900.646
600973.SH,20041027,8.11,8.25,8.01,8.24,8.09,0.15,1.85,11963.85,9744.167
600975.SH,20041027,9.18,9.38,9.0,9.33,9.18,0.15,1.63,9590.51,8821.045
600976.SH,20041027,11.16,11.25,10.9,11.24,11.18,0.06,0.54,10684.46,11847.823
600978.SH,20041027,6.25,6.39,6.15,6.37,6.23,0.14,2.25,12943.74,8135.572
600979.SH,20041027,5.94,6.0,5.8,6.0,5.94,0.06,1.01,24268.58,14381.642
600980.SH,20041027,11.0,11.72,11.0,11.69,11.22,0.47,4.19,23903.74,27257.534
600981.SH,20041027,5.97,6.16,5.84,6.12,6.02,0.1,1.66,16400.23,9802.79
600982.SH,20041027,5.98,6.11,5.89,6.1,5.93,0.17,2.87,9718.29,5831.564
600983.SH,20041027,3.85,3.95,3.75,3.93,3.85,0.08,2.08,23696.76,9146.451
600984.SH,20041027,5.99,6.14,5.85,6.14,5.99,0.15,2.5,9712.39,5812.499
600985.SH,20041027,9.15,9.65,8.9,9.62,9.11,0.51,5.6,47374.37,44373.354
600986.SH,20041027,7.57,8.02,7.41,7.78,7.37,0.41,5.56,59154.28,45548.697
600987.SH,20041027,5.68,5.87,5.67,5.86,5.79,0.07,1.21,16152.15,9292.357
600988.SH,20041027,9.05,9.27,9.05,9.26,9.04,0.22,2.43,1922.04,1755.085
600990.SH,20041027,12.8,13.52,12.36,13.52,12.29,1.23,10.01,10195.05,13543.42
600991.SH,20041027,8.15,8.48,8.04,8.43,8.18,0.25,3.06,11577.73,9540.423
600992.SH,20041027,6.1,6.32,6.1,6.31,6.17,0.14,2.27,9907.77,6169.052
600993.SH,20041027,24.74,25.08,24.45,24.88,24.76,0.12,0.48,6344.4,15690.954
600995.SH,20041027,11.1,11.18,10.8,11.01,11.09,-0.08,-0.72,20178.61,22118.221
600997.SH,20041027,10.97,10.99,10.65,10.79,10.98,-0.19,-1.73,62413.76,67253.172
601607.SH,20041027,5.32,5.44,5.25,5.41,5.35,0.06,1.12,20246.29,10794.178
T00018.SH,20041027,15.7,15.75,15.43,15.53,15.6,-0.07,-0.45,37540.17,58422.353
