ts_code,trade_date,open,high,low,close,pre_close,change,pct_change,vol,amount
000001.SZ,20151126,12.36,12.38,12.2,12.23,12.32,-0.09,-0.73,552210.15,679692.1299
000002.SZ,20151126,14.55,14.62,14.47,14.5,14.56,-0.06,-0.41,383748.22,558000.8154
000004.SZ,20151126,40.42,42.1,39.9,39.98,40.4,-0.42,-1.04,27426.33,111835.0196
000005.SZ,20151126,10.63,11.0,10.48,10.58,10.58,0.0,0.0,729731.72,784941.3889
000006.SZ,20151126,12.01,12.3,11.9,12.3,11.95,0.35,2.93,754505.15,916983.356
000007.SZ,20151126,23.01,23.49,22.51,22.59,24.19,-1.6,-6.61,340870.49,782245.2127
000008.SZ,20151126,13.29,13.6,13.0,13.0,13.2,-0.2,-1.52,426264.69,564866.8082
000009.SZ,20151126,18.9,20.2,18.9,19.12,18.41,0.71,3.86,1520587.28,2962371.5027
000010.SZ,20151126,9.9,10.36,9.69,10.3,9.83,0.47,4.78,390755.53,390702.7243
000011.SZ,20151126,15.28,15.75,15.15,15.57,15.28,0.29,1.9,175682.61,271702.881
000012.SZ,20151126,10.96,11.08,10.85,10.9,10.89,0.01,0.09,139168.13,152331.1206
000014.SZ,20151126,23.56,25.43,23.56,24.94,23.54,1.4,5.95,179824.34,443800.3103
000016.SZ,20151126,8.2,8.4,8.06,8.13,8.23,-0.1,-1.22,1331899.11,1092198.7587
000017.SZ,20151126,12.97,12.97,12.39,12.42,12.78,-0.36,-2.82,107914.89,136238.3097
000018.SZ,20151126,36.18,36.99,35.63,36.38,36.16,0.22,0.61,24285.58,87815.3821
000019.SZ,20151126,19.0,19.27,18.3,18.4,19.4,-1.0,-5.15,282861.88,530827.0368
000020.SZ,20151126,25.68,26.65,25.18,25.21,25.96,-0.75,-2.89,95236.13,246876.6005
000021.SZ,20151126,13.3,14.76,13.2,14.76,13.42,1.34,9.99,765988.6,1086703.2202
000022.SZ,20151126,20.43,20.5,19.91,19.99,20.38,-0.39,-1.91,53300.36,107318.8533
000024.SZ,20151126,35.3,35.95,35.15,35.73,35.02,0.71,2.03,296248.05,1053512.2744
000025.SZ,20151126,78.5,80.11,77.05,80.11,72.83,7.28,10.0,156832.67,1251725.4854
000026.SZ,20151126,14.81,14.96,14.45,14.47,14.81,-0.34,-2.3,118016.07,172584.2806
000027.SZ,20151126,11.61,11.65,11.29,11.31,11.51,-0.2,-1.74,384155.06,439507.0883
000029.SZ,20151126,14.4,15.0,14.05,14.77,14.39,0.38,2.64,342299.74,498626.1109
000030.SZ,20151126,10.21,10.26,10.09,10.14,10.17,-0.03,-0.3,117243.88,119207.7319
000031.SZ,20151126,16.16,16.88,16.1,16.36,16.07,0.29,1.8,1126903.26,1856021.6283
000032.SZ,20151126,25.02,26.2,24.38,26.2,24.91,1.29,5.18,121652.08,309353.7577
000034.SZ,20151126,23.79,23.8,20.18,20.39,21.74,-1.35,-6.21,378509.87,842122.9816
000035.SZ,20151126,16.35,16.43,16.05,16.23,16.25,-0.02,-0.12,98564.84,160047.8658
000036.SZ,20151126,8.33,8.34,8.05,8.05,8.28,-0.23,-2.78,399068.68,327174.9791
000037.SZ,20151126,11.73,12.64,11.72,12.1,12.0,0.1,0.83,288058.16,349898.6916
000038.SZ,20151126,60.0,60.0,53.55,53.55,59.5,-5.95,-10.0,141925.85,793293.1557
000039.SZ,20151126,20.49,20.66,20.25,20.3,20.47,-0.17,-0.83,136048.06,277949.3724
000040.SZ,20151126,17.41,18.66,17.41,18.65,17.0,1.65,9.71,404763.0,728129.0847
000042.SZ,20151126,20.5,20.56,20.14,20.31,20.21,0.1,0.49,37748.49,76760.7676
000043.SZ,20151126,12.58,13.31,12.36,12.95,12.7,0.25,1.97,507907.15,648370.5483
000045.SZ,20151126,14.09,14.42,13.92,14.13,14.12,0.01,0.07,122918.67,174819.8132
000046.SZ,20151126,12.25,12.7,12.18,12.37,12.2,0.17,1.39,195155.04,243573.699
000049.SZ,20151126,54.95,56.6,53.39,55.74,54.79,0.95,1.73,105078.96,579973.6805
000050.SZ,20151126,24.88,25.19,23.49,23.89,25.52,-1.63,-6.39,799483.54,1944504.4212
000055.SZ,20151126,12.55,12.55,11.94,12.18,12.43,-0.25,-2.01,151327.5,183694.5443
000056.SZ,20151126,28.57,28.58,27.63,28.0,28.39,-0.39,-1.37,39849.87,111677.1895
000059.SZ,20151126,8.22,8.29,8.05,8.07,8.22,-0.15,-1.82,145837.06,118448.3649
000060.SZ,20151126,13.02,14.25,12.78,13.59,12.95,0.64,4.94,1411144.29,1936055.2131
000061.SZ,20151126,16.01,16.34,15.86,16.12,15.95,0.17,1.07,562418.35,904860.932
000062.SZ,20151126,43.8,44.19,41.7,41.8,43.9,-2.1,-4.78,202105.58,862886.9669
000063.SZ,20151126,19.18,19.25,18.76,18.8,19.04,-0.24,-1.26,574137.76,1091522.0602
000068.SZ,20151126,11.7,11.8,11.1,11.38,11.68,-0.3,-2.57,187791.51,215274.6051
000069.SZ,20151126,8.6,8.71,8.54,8.58,8.56,0.02,0.23,526653.33,454468.5496
000070.SZ,20151126,31.0,31.09,28.8,29.08,29.9,-0.82,-2.74,77319.1,227554.3397
000078.SZ,20151126,20.5,20.66,19.85,19.9,20.15,-0.25,-1.24,436067.58,881973.0733
000088.SZ,20151126,8.69,8.97,8.61,8.89,8.65,0.24,2.77,221908.49,194403.1114
000089.SZ,20151126,8.46,8.68,8.39,8.61,8.45,0.16,1.89,322915.9,275258.6284
000090.SZ,20151126,20.35,21.15,20.16,20.3,20.25,0.05,0.25,136709.6,282199.6403
000096.SZ,20151126,19.11,19.11,18.36,18.39,18.95,-0.56,-2.96,177378.14,330087.3459
000099.SZ,20151126,17.45,17.63,17.0,17.47,17.53,-0.06,-0.34,357952.92,618746.4332
000100.SZ,20151126,4.12,4.16,4.08,4.1,4.12,-0.02,-0.49,1287958.38,530708.959
000150.SZ,20151126,39.3,39.56,38.04,38.19,39.0,-0.81,-2.08,68529.28,263012.7845
000151.SZ,20151126,29.15,29.25,28.04,28.17,28.53,-0.36,-1.26,145636.39,416983.931
000155.SZ,20151126,8.98,8.98,8.69,8.72,8.97,-0.25,-2.79,101280.29,89151.8259
000156.SZ,20151126,34.88,35.98,34.21,34.46,34.5,-0.04,-0.12,246438.8,863655.4677
000157.SZ,20151126,5.54,5.56,5.46,5.46,5.52,-0.06,-1.09,749077.59,413101.1306
000158.SZ,20151126,20.39,20.67,19.82,19.95,20.4,-0.45,-2.21,152979.06,308588.6008
000159.SZ,20151126,9.12,9.26,9.02,9.1,9.1,0.0,0.0,224469.03,204548.2317
000166.SZ,20151126,11.7,11.98,11.63,11.64,11.65,-0.01,-0.09,953694.83,1125028.8395
000301.SZ,20151126,6.56,6.71,6.27,6.32,6.54,-0.22,-3.36,629365.59,407215.7279
000333.SZ,20151126,28.39,28.94,28.3,28.63,28.29,0.34,1.2,311115.82,890293.574
000338.SZ,20151126,10.34,10.39,10.12,10.15,10.31,-0.16,-1.55,306431.85,314100.8252
000400.SZ,20151126,20.7,20.84,20.44,20.45,20.63,-0.18,-0.87,135653.95,279971.1128
000401.SZ,20151126,11.45,11.69,11.3,11.55,11.43,0.12,1.05,298287.5,343006.3832
000402.SZ,20151126,9.67,9.84,9.67,9.71,9.69,0.02,0.21,301796.12,294356.8879
000403.SZ,20151126,25.1,25.98,24.51,25.1,24.82,0.28,1.13,124235.28,313826.0922
000404.SZ,20151126,9.42,10.2,9.27,9.95,9.33,0.62,6.65,537628.28,518278.7369
000407.SZ,20151126,7.52,7.56,7.28,7.37,7.48,-0.11,-1.47,310006.91,229378.1041
000409.SZ,20151126,10.16,10.4,10.01,10.25,10.15,0.1,0.99,277400.54,282513.3832
000410.SZ,20151126,29.11,29.11,27.8,27.84,29.04,-1.2,-4.13,558741.35,1582001.4721
000411.SZ,20151126,29.3,31.19,28.35,28.8,28.77,0.03,0.1,188056.77,561513.7807
000413.SZ,20151126,10.26,10.6,10.09,10.11,9.99,0.12,1.2,1268078.97,1311370.7675
000415.SZ,20151126,9.2,9.49,9.19,9.38,9.1,0.28,3.08,707530.38,664258.5912
000416.SZ,20151126,11.23,11.51,10.97,11.07,11.05,0.02,0.18,304344.87,343299.8412
000417.SZ,20151126,10.21,10.24,10.03,10.03,10.19,-0.16,-1.57,208315.85,210907.5354
000418.SZ,20151126,21.53,21.94,21.38,21.41,21.4,0.01,0.05,31061.85,67234.5802
000419.SZ,20151126,9.14,9.46,9.02,9.32,9.1,0.22,2.42,254129.52,234510.4991
000420.SZ,20151126,7.7,7.73,7.47,7.5,7.68,-0.18,-2.34,121032.73,91655.2393
000421.SZ,20151126,9.3,9.5,9.3,9.39,9.35,0.04,0.43,100413.82,94372.4903
000422.SZ,20151126,7.63,7.73,7.58,7.6,7.63,-0.03,-0.39,222997.8,170701.5994
000423.SZ,20151126,48.45,48.69,47.99,48.02,48.34,-0.32,-0.66,87542.2,423110.7492
000425.SZ,20151126,4.93,4.94,4.81,4.82,4.95,-0.13,-2.63,1878409.22,914286.6404
000428.SZ,20151126,10.38,11.0,10.14,10.7,10.1,0.6,5.94,297964.78,316179.4949
000429.SZ,20151126,6.72,6.74,6.68,6.7,6.71,-0.01,-0.15,105947.55,71067.9948
000430.SZ,20151126,14.42,14.8,14.13,14.37,14.33,0.04,0.28,107027.18,154793.4373
000488.SZ,20151126,9.33,9.35,9.18,9.2,9.31,-0.11,-1.18,267896.68,247344.4387
000498.SZ,20151126,7.43,7.48,7.27,7.28,7.4,-0.12,-1.62,163769.71,120553.392
000501.SZ,20151126,19.21,19.33,19.07,19.13,19.11,0.02,0.1,78158.9,149711.1163
000502.SZ,20151126,31.74,34.72,31.01,33.5,31.56,1.94,6.15,149182.75,494476.0681
000503.SZ,20151126,37.95,37.95,36.6,36.61,37.98,-1.37,-3.61,420506.78,1561366.8505
000504.SZ,20151126,29.05,29.2,27.6,27.84,28.4,-0.56,-1.97,41904.59,118177.0039
000505.SZ,20151126,11.88,12.4,11.76,11.83,11.92,-0.09,-0.76,109022.18,131435.5728
000506.SZ,20151126,9.58,9.79,9.45,9.48,9.52,-0.04,-0.42,312591.78,299678.8334
000507.SZ,20151126,8.05,8.07,7.91,7.93,8.03,-0.1,-1.25,225814.87,180237.7323
000509.SZ,20151126,9.24,10.09,9.1,9.73,9.19,0.54,5.88,459112.49,438732.81
000510.SZ,20151126,7.98,8.25,7.91,8.15,7.95,0.2,2.52,185960.48,150990.1474
000513.SZ,20151126,50.0,50.19,49.07,49.31,49.7,-0.39,-0.78,49187.2,243342.5499
000514.SZ,20151126,9.28,9.5,9.21,9.22,9.39,-0.17,-1.81,199197.38,185539.5572
000516.SZ,20151126,21.33,21.38,20.32,20.36,21.0,-0.64,-3.05,293454.51,609317.5869
000517.SZ,20151126,7.41,7.93,7.41,7.93,7.21,0.72,9.99,1489710.09,1164693.6584
000518.SZ,20151126,6.71,6.73,6.58,6.59,6.66,-0.07,-1.05,214377.92,142674.998
000521.SZ,20151126,7.47,7.62,7.42,7.49,7.44,0.05,0.67,279140.26,210004.4638
000523.SZ,20151126,16.83,16.89,16.4,16.42,16.62,-0.2,-1.2,97218.12,161334.1366
000524.SZ,20151126,20.16,20.5,19.65,19.65,19.88,-0.23,-1.16,54410.58,108716.5323
000525.SZ,20151126,18.5,18.7,17.98,18.07,18.52,-0.45,-2.43,72872.99,132872.7553
000526.SZ,20151126,81.18,82.6,77.8,78.5,81.82,-3.32,-4.06,32236.59,255106.7372
000528.SZ,20151126,9.01,9.12,8.98,8.99,9.01,-0.02,-0.22,184509.0,166735.1736
000530.SZ,20151126,16.99,17.15,16.57,16.69,16.99,-0.3,-1.77,56833.24,95563.6561
000531.SZ,20151126,10.98,11.15,10.81,10.85,10.91,-0.06,-0.55,105779.27,116178.0831
000532.SZ,20151126,22.85,24.81,22.2,23.74,22.78,0.96,4.21,367435.17,859897.4371
000533.SZ,20151126,9.0,9.18,8.78,8.84,9.02,-0.18,-2.0,246947.98,220993.0085
000536.SZ,20151126,16.32,18.03,16.22,17.35,16.39,0.96,5.86,446651.87,783633.3987
000537.SZ,20151126,9.89,10.06,9.81,9.92,9.85,0.07,0.71,240763.33,239672.5091
000538.SZ,20151126,70.37,70.49,69.92,70.45,70.36,0.09,0.13,22226.86,156096.8744
000539.SZ,20151126,7.86,7.88,7.74,7.78,7.83,-0.05,-0.64,132649.27,103510.1408
000540.SZ,20151126,11.8,11.9,11.41,11.44,11.65,-0.21,-1.8,550825.7,640738.3906
000541.SZ,20151126,14.11,14.2,13.81,14.0,14.11,-0.11,-0.78,243859.27,340717.5127
000543.SZ,20151126,9.6,9.64,9.33,9.35,9.56,-0.21,-2.2,611371.49,579306.3008
000544.SZ,20151126,20.32,20.54,19.71,19.72,20.2,-0.48,-2.38,76689.41,153381.1761
000545.SZ,20151126,9.27,9.28,8.96,8.98,9.23,-0.25,-2.71,360148.14,326248.7408
000546.SZ,20151126,13.18,13.89,12.62,13.56,13.09,0.47,3.59,235143.17,307664.3868
000547.SZ,20151126,23.84,24.85,23.01,24.2,24.25,-0.05,-0.21,465459.97,1111190.8557
000548.SZ,20151126,9.99,10.5,9.96,10.35,10.04,0.31,3.09,285123.19,291880.4274
000550.SZ,20151126,29.31,29.41,29.01,29.18,29.24,-0.06,-0.21,27463.17,80204.4089
000551.SZ,20151126,13.5,13.68,12.94,13.01,13.45,-0.44,-3.27,162167.18,214140.5834
000552.SZ,20151126,9.49,9.97,9.42,9.89,9.49,0.4,4.22,169693.84,165870.6869
000554.SZ,20151126,12.7,12.81,12.35,12.42,12.71,-0.29,-2.28,321861.47,404660.443
000555.SZ,20151126,35.0,35.2,33.47,33.49,34.95,-1.46,-4.18,78993.84,268586.9017
000557.SZ,20151126,8.0,8.08,7.92,8.01,7.93,0.08,1.01,152470.52,121879.2503
000558.SZ,20151126,25.5,25.94,24.2,24.33,25.23,-0.9,-3.57,401343.96,1002344.8143
000559.SZ,20151126,24.26,24.32,23.5,23.56,24.14,-0.58,-2.4,502210.17,1197420.9354
000560.SZ,20151126,13.9,13.95,13.38,13.42,13.92,-0.5,-3.59,82980.55,113252.8314
000561.SZ,20151126,11.86,11.93,11.6,11.66,11.93,-0.27,-2.26,162305.2,190384.5407
000563.SZ,20151126,12.65,13.01,12.16,12.2,12.65,-0.45,-3.56,413133.82,519695.6568
000564.SZ,20151126,13.95,15.2,13.73,13.88,14.15,-0.27,-1.91,485437.24,692748.6092
000565.SZ,20151126,15.55,15.73,15.15,15.26,15.51,-0.25,-1.61,217445.13,334029.0462
000566.SZ,20151126,43.35,43.49,41.64,41.78,42.76,-0.98,-2.29,125734.5,533648.5532
000567.SZ,20151126,33.91,37.5,33.9,37.5,34.09,3.41,10.0,103044.15,371455.5102
000568.SZ,20151126,24.55,24.67,24.22,24.3,24.5,-0.2,-0.82,92067.56,225293.8728
000570.SZ,20151126,11.0,11.44,10.92,11.26,11.0,0.26,2.36,233983.91,262830.108
000571.SZ,20151126,7.86,8.08,7.8,7.81,7.92,-0.11,-1.39,362932.26,286965.8084
000572.SZ,20151126,6.85,7.12,6.78,6.99,6.82,0.17,2.49,824821.23,573028.2864
000573.SZ,20151126,7.59,7.71,7.45,7.53,7.62,-0.09,-1.18,201735.08,152257.2919
000576.SZ,20151126,18.25,18.42,17.76,17.95,18.3,-0.35,-1.91,94700.79,170645.181
000581.SZ,20151126,25.65,25.85,25.0,25.0,25.48,-0.48,-1.88,181540.77,460245.6332
000582.SZ,20151126,22.11,22.26,21.7,21.76,22.11,-0.35,-1.58,38050.02,83296.6358
000587.SZ,20151126,20.73,21.13,20.51,20.9,20.75,0.15,0.72,181883.08,379050.2316
000589.SZ,20151126,7.56,7.63,7.43,7.45,7.59,-0.14,-1.84,299935.08,225108.0651
000590.SZ,20151126,24.99,26.0,24.9,25.35,24.93,0.42,1.68,47925.42,121999.8837
000592.SZ,20151126,23.23,24.29,23.08,23.1,23.45,-0.35,-1.49,416629.53,988305.553
000593.SZ,20151126,12.38,12.4,11.91,11.94,12.28,-0.34,-2.77,120085.11,145867.5145
000596.SZ,20151126,34.52,34.58,33.52,34.05,34.36,-0.31,-0.9,26680.87,90701.437
000597.SZ,20151126,9.79,9.94,9.52,9.56,9.73,-0.17,-1.75,119929.67,116573.6342
000598.SZ,20151126,8.08,8.15,7.88,7.89,8.05,-0.16,-1.99,771209.89,616756.8748
000599.SZ,20151126,8.84,8.98,8.7,8.92,8.83,0.09,1.02,431581.76,381393.0028
000600.SZ,20151126,10.75,10.99,10.71,10.79,10.71,0.08,0.75,240599.46,261244.6252
000601.SZ,20151126,11.3,11.36,11.05,11.07,11.29,-0.22,-1.95,400701.79,446991.4533
000605.SZ,20151126,23.7,23.9,23.28,23.48,23.53,-0.05,-0.21,30943.57,72885.1828
000607.SZ,20151126,13.95,14.08,13.5,13.58,13.98,-0.4,-2.86,173887.01,238407.7941
000608.SZ,20151126,5.96,6.09,5.88,5.88,5.94,-0.06,-1.01,179059.37,106850.5426
000609.SZ,20151126,16.3,16.3,15.51,15.53,16.19,-0.66,-4.08,143773.95,227537.8705
000610.SZ,20151126,15.5,15.54,14.94,15.26,15.54,-0.28,-1.8,97588.86,148617.4178
000611.SZ,20151126,9.91,10.3,9.82,10.2,9.93,0.27,2.72,131636.31,131662.8414
000612.SZ,20151126,7.19,7.65,7.0,7.26,7.15,0.11,1.54,432392.39,315652.4902
000613.SZ,20151126,15.2,15.26,14.72,14.91,15.18,-0.27,-1.78,87959.81,132103.833
000615.SZ,20151126,17.6,17.6,16.98,17.08,17.56,-0.48,-2.73,80825.34,138993.1138
000616.SZ,20151126,8.75,9.16,8.66,8.97,8.73,0.24,2.75,1200961.5,1075848.7224
000617.SZ,20151126,15.38,15.7,15.01,15.21,15.27,-0.06,-0.39,73787.23,113279.3953
000619.SZ,20151126,15.45,15.58,15.14,15.14,15.35,-0.21,-1.37,62072.24,94864.1927
000620.SZ,20151126,11.71,11.79,11.18,11.28,11.28,0.0,0.0,243446.81,280314.7013
000622.SZ,20151126,16.2,17.2,15.83,16.01,15.72,0.29,1.84,282426.66,468160.0741
000623.SZ,20151126,30.86,31.22,30.21,30.24,30.62,-0.38,-1.24,261896.63,804234.7164
000625.SZ,20151126,15.59,15.73,15.42,15.49,15.48,0.01,0.06,363233.55,565829.8542
000627.SZ,20151126,11.2,11.38,10.83,10.91,11.05,-0.14,-1.27,341747.29,380868.2457
000628.SZ,20151126,16.91,17.16,16.5,16.63,16.84,-0.21,-1.25,76377.68,127437.6224
000629.SZ,20151126,3.17,3.25,3.15,3.19,3.17,0.02,0.63,1052425.82,336874.2641
000630.SZ,20151126,4.05,4.22,4.01,4.09,4.06,0.03,0.74,5634926.7,2320073.7214
000631.SZ,20151126,9.3,9.87,9.18,9.83,9.12,0.71,7.79,355609.39,340721.8138
000632.SZ,20151126,11.23,11.75,11.02,11.56,11.24,0.32,2.85,241575.17,276969.509
000633.SZ,20151126,19.6,19.77,17.9,17.96,18.85,-0.89,-4.72,565398.8,1050655.3543
000635.SZ,20151126,13.87,13.94,13.52,13.55,13.9,-0.35,-2.52,108091.9,148247.0639
000636.SZ,20151126,11.27,11.55,11.04,11.38,11.26,0.12,1.07,302934.58,341369.6287
000637.SZ,20151126,8.03,8.04,7.86,7.9,8.03,-0.13,-1.62,182713.53,145183.9999
000638.SZ,20151126,24.7,26.0,24.55,24.9,24.69,0.21,0.85,109064.07,276707.8153
000639.SZ,20151126,15.99,16.33,15.75,15.87,15.99,-0.12,-0.75,139511.98,222790.1266
000650.SZ,20151126,11.53,11.58,11.26,11.28,11.48,-0.2,-1.74,460545.65,524914.0638
000651.SZ,20151126,18.69,19.75,18.64,19.33,18.55,0.78,4.2,1252679.4,2401054.037
000652.SZ,20151126,7.11,7.14,7.01,7.02,7.08,-0.06,-0.85,334841.72,237137.8497
000655.SZ,20151126,9.4,9.9,9.4,9.73,9.45,0.28,2.96,265621.59,256477.5633
000656.SZ,20151126,6.07,6.1,5.92,5.95,6.07,-0.12,-1.98,678622.89,408267.4782
000659.SZ,20151126,5.6,5.84,5.51,5.84,5.56,0.28,5.04,449041.94,257106.4762
000661.SZ,20151126,118.99,122.35,118.0,119.8,118.0,1.8,1.53,38794.79,465991.3203
000662.SZ,20151126,23.54,24.02,22.45,22.8,23.33,-0.53,-2.27,175150.84,406437.6167
000663.SZ,20151126,18.2,18.75,17.8,17.82,18.28,-0.46,-2.52,54980.56,99186.4293
000665.SZ,20151126,21.43,21.5,20.46,20.52,21.42,-0.9,-4.2,145974.22,305141.655
000666.SZ,20151126,24.1,24.4,23.38,23.85,23.66,0.19,0.8,173825.37,414461.7138
000667.SZ,20151126,5.46,5.57,5.4,5.42,5.47,-0.05,-0.91,1035552.88,568401.4634
000668.SZ,20151126,23.74,25.53,23.74,24.76,23.72,1.04,4.38,86281.96,213825.3507
000669.SZ,20151126,25.4,26.5,25.17,25.18,25.17,0.01,0.04,72546.23,187629.6149
000670.SZ,20151126,14.99,15.49,14.7,14.72,15.2,-0.48,-3.16,509556.76,763874.602
000671.SZ,20151126,7.9,8.55,7.88,8.11,7.87,0.24,3.05,679795.77,560482.5006
000673.SZ,20151126,33.28,35.0,32.32,33.81,33.1,0.71,2.15,92874.63,315862.2427
000676.SZ,20151126,39.75,40.68,38.0,38.53,40.08,-1.55,-3.87,245043.5,959898.8056
000678.SZ,20151126,10.38,10.58,10.01,10.21,10.29,-0.08,-0.78,180579.57,185093.5352
000680.SZ,20151126,7.18,7.32,7.12,7.22,7.12,0.1,1.4,335776.83,242934.3997
000681.SZ,20151126,41.35,44.18,39.98,40.23,40.82,-0.59,-1.45,153709.61,646549.442
000682.SZ,20151126,7.24,7.25,6.99,7.05,7.21,-0.16,-2.22,311128.64,221272.4104
000683.SZ,20151126,5.93,5.94,5.82,5.83,5.91,-0.08,-1.35,331003.73,194376.7221
000685.SZ,20151126,15.75,15.87,15.3,15.4,15.67,-0.27,-1.72,215526.77,335868.9208
000686.SZ,20151126,19.1,19.97,18.6,18.6,18.83,-0.23,-1.22,1480807.81,2854589.0159
000687.SZ,20151126,28.69,28.69,27.0,27.27,28.5,-1.23,-4.32,263482.26,728322.5795
000690.SZ,20151126,11.53,11.88,11.12,11.25,11.06,0.19,1.72,1209342.03,1388217.9935
000691.SZ,20151126,8.9,9.36,8.83,9.35,8.9,0.45,5.06,195745.25,178150.1088
000692.SZ,20151126,7.23,7.27,7.15,7.15,7.24,-0.09,-1.24,160553.64,115554.0143
000693.SZ,20151126,18.83,20.19,18.26,20.19,18.35,1.84,10.03,457391.64,897534.6027
000697.SZ,20151126,27.91,28.81,27.24,27.49,27.4,0.09,0.33,405335.47,1139441.8204
000698.SZ,20151126,8.1,8.12,7.92,7.95,8.05,-0.1,-1.24,262660.97,210705.4644
000700.SZ,20151126,23.85,23.96,22.62,23.24,23.23,0.01,0.04,116482.13,269450.0315
000701.SZ,20151126,25.15,26.0,24.0,25.39,24.18,1.21,5.0,439093.65,1097769.5971
000702.SZ,20151126,14.06,14.8,14.0,14.1,13.94,0.16,1.15,184053.91,264553.7661
000703.SZ,20151126,12.08,12.25,11.6,11.98,12.08,-0.1,-0.83,183469.07,217939.285
000705.SZ,20151126,15.46,15.47,14.69,14.71,15.17,-0.46,-3.03,129125.88,193770.6501
000707.SZ,20151126,8.36,8.97,8.31,8.72,8.35,0.37,4.43,624818.22,539802.1274
000708.SZ,20151126,11.67,11.72,11.46,11.48,11.62,-0.14,-1.2,98098.04,113652.9984
000709.SZ,20151126,3.38,3.4,3.35,3.36,3.37,-0.01,-0.3,1336771.43,450904.622
000710.SZ,20151126,29.8,30.73,29.29,29.79,30.5,-0.71,-2.33,33079.08,99098.9958
000712.SZ,20151126,32.0,32.7,31.1,31.16,31.71,-0.55,-1.73,319090.0,1018638.1763
000713.SZ,20151126,12.5,12.5,12.18,12.2,12.56,-0.36,-2.87,120351.83,148858.0325
000715.SZ,20151126,13.5,14.2,13.31,13.85,13.48,0.37,2.74,57880.89,79714.1419
000717.SZ,20151126,5.09,5.15,5.01,5.06,5.08,-0.02,-0.39,355370.17,180201.4466
000718.SZ,20151126,12.46,12.46,12.46,12.46,11.33,1.13,9.97,69551.83,86661.5802
000719.SZ,20151126,22.91,23.3,22.5,22.61,22.86,-0.25,-1.09,97044.63,221581.485
000720.SZ,20151126,10.1,10.58,10.0,10.05,10.14,-0.09,-0.89,769383.55,787569.6611
000721.SZ,20151126,8.48,8.85,8.38,8.58,8.48,0.1,1.18,457878.19,393886.3771
000722.SZ,20151126,21.94,22.55,21.6,21.92,21.89,0.03,0.14,129020.91,284667.6407
000723.SZ,20151126,11.3,12.02,11.2,11.54,11.2,0.34,3.04,198868.6,230926.044
000725.SZ,20151126,3.12,3.14,3.07,3.08,3.14,-0.06,-1.91,5571621.89,1729093.2512
000726.SZ,20151126,13.2,13.28,12.95,12.99,13.1,-0.11,-0.84,131422.84,171860.9981
000727.SZ,20151126,10.41,10.95,10.21,10.78,10.49,0.29,2.76,264785.75,280156.3934
000728.SZ,20151126,26.49,27.17,25.48,25.58,26.22,-0.64,-2.44,539286.43,1411010.0401
000729.SZ,20151126,8.45,8.47,8.38,8.38,8.43,-0.05,-0.59,92152.3,77578.5325
000731.SZ,20151126,10.94,11.0,10.37,10.52,10.81,-0.29,-2.68,415433.82,443109.1778
000732.SZ,20151126,24.24,24.76,23.88,24.17,23.67,0.5,2.11,50490.49,123001.302
000733.SZ,20151126,27.22,27.22,26.23,26.37,26.94,-0.57,-2.12,98828.68,262072.4689
000735.SZ,20151126,7.48,8.05,7.47,7.78,7.47,0.31,4.15,1082700.86,837821.2782
000736.SZ,20151126,18.55,19.0,18.1,18.15,18.51,-0.36,-1.94,33676.76,62499.2265
000737.SZ,20151126,6.49,6.68,6.47,6.51,6.5,0.01,0.15,212464.55,139652.8185
000738.SZ,20151126,37.1,38.26,36.4,37.27,37.38,-0.11,-0.29,336051.72,1249954.6681
000739.SZ,20151126,8.36,8.58,8.3,8.37,8.36,0.01,0.12,330385.83,278724.4541
000750.SZ,20151126,13.7,14.09,13.4,13.44,13.59,-0.15,-1.1,715655.76,983625.7426
000752.SZ,20151126,17.1,18.24,17.05,17.62,17.03,0.59,3.46,207054.74,365818.6693
000753.SZ,20151126,7.05,7.07,6.81,6.81,7.02,-0.21,-2.99,433783.23,299650.8535
000755.SZ,20151126,9.55,9.68,9.33,9.36,9.57,-0.21,-2.19,155638.12,147705.6667
000756.SZ,20151126,12.38,12.54,12.28,12.34,12.4,-0.06,-0.48,87847.8,108794.0726
000757.SZ,20151126,12.13,12.75,11.96,12.51,12.07,0.44,3.65,216659.94,270918.2267
000758.SZ,20151126,16.0,16.77,15.93,16.28,15.94,0.34,2.13,401408.56,656484.309
000759.SZ,20151126,8.25,8.56,8.21,8.36,8.22,0.14,1.7,217167.77,182585.1
000760.SZ,20151126,18.2,18.55,16.88,17.05,17.82,-0.77,-4.32,452404.29,795431.739
000761.SZ,20151126,5.32,5.38,5.28,5.3,5.34,-0.04,-0.75,115257.15,61305.7596
000762.SZ,20151126,27.65,27.7,26.6,27.06,27.76,-0.7,-2.52,490306.8,1334168.4222
000766.SZ,20151126,15.42,16.21,15.11,15.55,15.42,0.13,0.84,203830.92,320206.0978
000767.SZ,20151126,6.35,6.44,6.33,6.35,6.35,0.0,0.0,351404.36,223943.9998
000768.SZ,20151126,27.73,28.34,27.17,27.7,27.79,-0.09,-0.32,452035.02,1254311.545
000776.SZ,20151126,19.69,20.12,19.28,19.3,19.5,-0.2,-1.03,587242.86,1155284.0081
000777.SZ,20151126,36.2,36.4,35.25,35.26,36.45,-1.19,-3.26,192599.86,688631.3079
000778.SZ,20151126,7.82,7.98,7.67,7.67,7.77,-0.1,-1.29,1258802.17,983109.2481
000780.SZ,20151126,6.05,6.17,5.99,6.09,6.03,0.06,1.0,222166.86,135697.3474
000782.SZ,20151126,17.58,17.75,16.88,16.9,17.58,-0.68,-3.87,426423.87,734855.8918
000783.SZ,20151126,13.0,13.28,12.7,12.74,12.94,-0.2,-1.55,1009204.52,1309980.581
000785.SZ,20151126,14.33,14.96,14.15,14.78,14.34,0.44,3.07,103154.44,150775.9488
000786.SZ,20151126,13.56,13.59,13.12,13.15,13.48,-0.33,-2.45,469518.26,626450.7274
000788.SZ,20151126,16.31,16.67,16.11,16.14,16.33,-0.19,-1.16,75585.1,123410.7628
000789.SZ,20151126,8.12,8.32,8.06,8.27,8.07,0.2,2.48,294398.18,241856.6134
000790.SZ,20151126,15.5,15.5,14.75,14.78,15.0,-0.22,-1.47,238999.76,360146.815
000791.SZ,20151126,16.01,17.02,15.8,16.68,15.97,0.71,4.45,252509.86,413553.0571
000792.SZ,20151126,23.88,24.56,23.33,24.1,23.9,0.2,0.84,308818.83,740039.2108
000797.SZ,20151126,26.7,26.7,25.1,25.37,24.85,0.52,2.09,268923.43,698870.5036
000798.SZ,20151126,12.95,13.0,12.62,12.77,12.96,-0.19,-1.47,74557.08,95660.7003
000799.SZ,20151126,17.0,17.1,16.79,16.79,16.98,-0.19,-1.12,91275.1,154702.7476
000800.SZ,20151126,16.78,16.84,16.4,16.5,16.82,-0.32,-1.9,186769.8,309988.6741
000801.SZ,20151126,32.5,32.5,30.78,31.6,32.22,-0.62,-1.92,105794.35,331269.7449
000802.SZ,20151126,30.85,32.18,30.85,31.23,31.26,-0.03,-0.1,87783.11,276933.0882
000803.SZ,20151126,25.9,26.55,25.47,25.67,26.11,-0.44,-1.69,71339.52,185531.0444
000806.SZ,20151126,30.5,30.5,29.25,29.28,30.28,-1.0,-3.3,521120.74,1549129.509
000807.SZ,20151126,5.59,6.01,5.52,5.89,5.46,0.43,7.88,1513177.9,884355.0994
000809.SZ,20151126,5.71,5.87,5.65,5.72,5.69,0.03,0.53,372141.1,213832.7163
000811.SZ,20151126,15.65,16.2,15.44,15.9,15.55,0.35,2.25,294163.47,465215.1452
000812.SZ,20151126,17.15,17.15,17.15,17.15,19.05,-1.9,-9.97,28891.0,49548.065
000815.SZ,20151126,26.13,27.24,25.81,27.2,25.94,1.26,4.86,110839.55,298277.4529
000816.SZ,20151126,9.1,9.54,8.98,9.34,9.07,0.27,2.98,1581838.48,1464624.9374
000818.SZ,20151126,9.29,9.37,9.02,9.02,9.28,-0.26,-2.8,307818.48,281222.0674
000819.SZ,20151126,39.58,42.5,39.31,41.97,39.58,2.39,6.04,99885.04,413107.3414
000820.SZ,20151126,20.1,22.01,19.85,22.01,20.01,2.0,10.0,152042.04,322978.603
000821.SZ,20151126,17.17,17.25,16.52,16.59,17.13,-0.54,-3.15,172921.76,290306.5357
000822.SZ,20151126,7.13,7.27,7.04,7.15,7.13,0.02,0.28,280399.69,199630.5633
000823.SZ,20151126,12.48,12.84,12.2,12.27,12.53,-0.26,-2.08,366004.59,457211.2818
000825.SZ,20151126,4.36,4.43,4.31,4.38,4.36,0.02,0.46,399766.2,174845.0591
000826.SZ,20151126,41.46,41.86,40.38,40.5,41.28,-0.78,-1.89,100666.05,414394.4487
000828.SZ,20151126,13.1,13.28,12.95,13.01,13.09,-0.08,-0.61,145485.24,191018.1527
000830.SZ,20151126,7.25,7.3,7.15,7.17,7.24,-0.07,-0.97,367511.23,265997.9648
000831.SZ,20151126,23.3,24.85,23.01,23.89,23.26,0.63,2.71,621695.39,1497022.7992
000835.SZ,20151126,18.39,18.43,17.29,17.45,18.2,-0.75,-4.12,182225.29,326577.5607
000837.SZ,20151126,17.3,17.3,16.62,16.7,17.3,-0.6,-3.47,240884.17,407375.2516
000838.SZ,20151126,22.35,22.37,21.91,22.18,22.41,-0.23,-1.03,56801.56,125578.0257
000848.SZ,20151126,14.85,15.08,14.68,14.9,14.81,0.09,0.61,135683.13,202151.7607
000852.SZ,20151126,23.2,23.2,21.51,21.82,21.84,-0.02,-0.09,145582.47,322576.7104
000856.SZ,20151126,13.67,14.2,13.28,13.8,13.51,0.29,2.15,101874.79,139734.4753
000858.SZ,20151126,25.41,25.48,25.01,25.17,25.33,-0.16,-0.63,241186.42,607930.8564
000859.SZ,20151126,6.73,6.88,6.62,6.73,6.7,0.03,0.45,303825.47,205205.7073
000860.SZ,20151126,19.54,19.54,18.95,18.95,19.35,-0.4,-2.07,121976.83,234302.6777
000861.SZ,20151126,9.08,9.42,8.88,9.02,9.2,-0.18,-1.96,1263215.8,1149204.6049
000862.SZ,20151126,9.35,9.67,9.17,9.34,9.28,0.06,0.65,66209.37,62362.0807
000863.SZ,20151126,15.43,15.9,15.0,15.07,15.08,-0.01,-0.07,206447.57,317097.789
000868.SZ,20151126,10.59,11.23,10.59,10.72,10.66,0.06,0.56,564369.41,613397.1859
000869.SZ,20151126,39.34,40.82,39.34,40.26,39.1,1.16,2.97,60153.25,242089.6692
000875.SZ,20151126,9.82,9.94,9.72,9.81,9.82,-0.01,-0.1,716763.05,704289.7473
000877.SZ,20151126,8.81,8.93,8.69,8.7,8.83,-0.13,-1.47,356190.64,314291.735
000878.SZ,20151126,12.37,13.3,12.24,12.77,12.3,0.47,3.82,1121628.25,1431028.8913
000880.SZ,20151126,17.38,17.48,17.06,17.39,17.28,0.11,0.64,50198.39,86804.1727
000882.SZ,20151126,6.67,6.73,6.39,6.44,6.67,-0.23,-3.45,1376415.67,896557.435
000883.SZ,20151126,6.68,6.88,6.64,6.7,6.66,0.04,0.6,752846.6,507595.659
000885.SZ,20151126,17.15,17.42,17.01,17.17,17.2,-0.03,-0.17,54976.69,94580.7548
000886.SZ,20151126,7.24,7.3,7.11,7.14,7.22,-0.08,-1.11,281803.01,202615.8866
000887.SZ,20151126,25.8,25.98,25.08,25.26,25.61,-0.35,-1.37,251619.14,638852.593
000888.SZ,20151126,12.77,13.32,12.76,13.15,12.77,0.38,2.98,116204.09,151686.8477
000889.SZ,20151126,16.6,16.7,15.66,15.88,16.59,-0.71,-4.28,109345.94,176688.2912
000890.SZ,20151126,15.25,15.34,14.5,14.75,15.29,-0.54,-3.53,242970.69,360038.1907
000892.SZ,20151126,18.07,18.93,18.03,18.93,18.03,0.9,4.99,145194.47,273707.1836
000893.SZ,20151126,15.54,16.1,15.08,15.66,15.6,0.06,0.38,121360.53,189524.9411
000895.SZ,20151126,20.05,20.57,20.0,20.19,20.03,0.16,0.8,85393.11,173447.5131
000897.SZ,20151126,5.92,6.05,5.9,5.92,5.89,0.03,0.51,334807.87,199565.992
000898.SZ,20151126,4.84,4.89,4.82,4.85,4.85,0.0,0.0,136666.17,66248.5651
000899.SZ,20151126,12.67,12.76,12.28,12.38,12.68,-0.3,-2.37,130087.34,162274.5011
000900.SZ,20151126,8.76,8.81,8.65,8.69,8.75,-0.06,-0.69,189585.23,165454.1931
000902.SZ,20151126,25.7,26.17,25.55,25.99,25.6,0.39,1.52,81663.74,211156.6914
000903.SZ,20151126,8.82,9.04,8.77,8.89,8.8,0.09,1.02,177647.64,158600.4115
000905.SZ,20151126,14.8,14.9,14.4,14.4,14.9,-0.5,-3.36,201678.94,295999.5002
000906.SZ,20151126,17.15,17.3,16.41,16.86,16.77,0.09,0.54,133399.81,226650.9024
000908.SZ,20151126,18.89,18.95,18.48,18.67,18.88,-0.21,-1.11,25789.95,48118.2848
000909.SZ,20151126,19.78,20.09,18.9,19.2,19.92,-0.72,-3.61,130628.59,254376.8374
000910.SZ,20151126,16.05,17.5,15.93,17.01,15.91,1.1,6.91,223735.16,375307.2991
000911.SZ,20151126,20.0,20.0,19.08,19.25,20.17,-0.92,-4.56,139059.61,269945.2526
000912.SZ,20151126,7.17,7.2,7.0,7.0,7.13,-0.13,-1.82,83633.06,58992.2535
000913.SZ,20151126,13.76,13.84,13.11,13.3,13.69,-0.39,-2.85,233738.37,313844.424
000915.SZ,20151126,38.4,38.6,37.5,37.63,38.19,-0.56,-1.47,70830.56,270068.853
000916.SZ,20151126,6.01,6.05,5.97,6.02,5.99,0.03,0.5,166271.52,99872.9423
000917.SZ,20151126,30.08,30.45,29.0,30.1,29.98,0.12,0.4,784422.38,2337455.9073
000918.SZ,20151126,5.94,6.14,5.79,5.81,5.98,-0.17,-2.84,369601.13,219617.5388
000919.SZ,20151126,17.84,18.29,17.8,18.03,17.84,0.19,1.07,148231.99,267541.8694
000920.SZ,20151126,20.4,20.9,19.96,20.0,20.3,-0.3,-1.48,85892.58,176191.6808
000921.SZ,20151126,9.06,9.19,9.04,9.14,9.05,0.09,0.99,64446.6,58745.9901
000922.SZ,20151126,14.94,14.94,14.39,14.42,14.85,-0.43,-2.9,98726.11,144338.2047
000923.SZ,20151126,18.98,19.38,18.8,19.22,19.12,0.1,0.52,133105.71,253914.5948
000926.SZ,20151126,14.8,15.97,14.72,15.48,14.86,0.62,4.17,612027.67,936809.8893
000927.SZ,20151126,8.31,8.57,8.31,8.34,8.36,-0.02,-0.24,149687.82,126452.5053
000928.SZ,20151126,17.18,17.78,17.06,17.51,17.06,0.45,2.64,333484.51,584344.1225
000930.SZ,20151126,18.13,18.58,17.99,18.0,17.95,0.05,0.28,862314.6,1574387.3409
000931.SZ,20151126,12.73,12.79,12.27,12.34,12.71,-0.37,-2.91,341374.46,425951.5493
000932.SZ,20151126,3.13,3.15,3.11,3.13,3.13,0.0,0.0,213747.16,66934.0618
000933.SZ,20151126,4.83,4.98,4.8,4.83,4.81,0.02,0.42,639672.4,312373.0342
000935.SZ,20151126,7.42,7.47,7.3,7.32,7.45,-0.13,-1.75,97237.26,71982.2329
000936.SZ,20151126,14.44,14.64,13.88,13.93,14.46,-0.53,-3.67,206569.1,291869.7214
000937.SZ,20151126,5.49,5.59,5.47,5.51,5.48,0.03,0.55,361384.29,200300.1302
000938.SZ,20151126,110.26,111.6,105.5,108.0,110.91,-2.91,-2.62,98678.05,1062894.7104
000939.SZ,20151126,16.11,16.59,15.6,15.64,16.0,-0.36,-2.25,372208.6,599618.6678
000948.SZ,20151126,30.61,33.17,29.78,29.96,31.0,-1.04,-3.35,390214.92,1216110.9414
000949.SZ,20151126,5.63,5.71,5.53,5.54,5.6,-0.06,-1.07,352122.36,197228.0935
000950.SZ,20151126,8.9,9.01,8.7,8.79,9.01,-0.22,-2.44,130707.36,115184.3093
000951.SZ,20151126,16.88,16.95,16.48,16.5,16.83,-0.33,-1.96,29727.54,49589.4023
000952.SZ,20151126,17.4,18.18,16.69,18.05,17.4,0.65,3.74,96677.27,172146.9495
000953.SZ,20151126,16.75,18.09,16.48,17.55,16.53,1.02,6.17,227960.29,394314.6792
000955.SZ,20151126,9.0,9.14,8.77,8.87,9.05,-0.18,-1.99,183368.35,164095.0258
000957.SZ,20151126,25.55,26.83,24.4,25.91,24.39,1.52,6.23,276879.34,706947.2724
000958.SZ,20151126,26.8,27.04,25.56,25.95,26.73,-0.78,-2.92,138399.84,361712.9579
000959.SZ,20151126,3.75,3.77,3.73,3.74,3.75,-0.01,-0.27,252771.5,94878.3679
000960.SZ,20151126,13.06,13.87,12.85,13.29,12.87,0.42,3.26,497561.28,664026.9092
000961.SZ,20151126,16.41,16.55,16.0,16.24,16.45,-0.21,-1.28,166406.3,269472.8117
000962.SZ,20151126,13.85,14.38,13.6,14.09,13.71,0.38,2.77,264726.5,372425.9729
000963.SZ,20151126,78.01,79.39,77.22,77.88,78.0,-0.12,-0.15,32210.42,252273.7414
000965.SZ,20151126,6.78,6.92,6.74,6.86,6.77,0.09,1.33,344654.84,235521.912
000966.SZ,20151126,14.72,14.95,14.63,14.67,14.66,0.01,0.07,121016.89,178937.0052
000967.SZ,20151126,24.32,24.86,23.38,24.86,23.81,1.05,4.41,71482.85,172058.2889
000968.SZ,20151126,7.78,8.04,7.78,7.97,7.77,0.2,2.57,187357.72,148350.4623
000969.SZ,20151126,13.4,13.46,13.29,13.35,13.37,-0.02,-0.15,189082.82,252582.9792
000970.SZ,20151126,16.14,16.49,15.83,15.95,16.05,-0.1,-0.62,357857.79,576663.6906
000973.SZ,20151126,11.48,11.71,11.2,11.27,11.6,-0.33,-2.84,753932.92,859230.7166
000975.SZ,20151126,13.4,13.95,13.12,13.49,13.23,0.26,1.97,242531.95,328750.8344
000976.SZ,20151126,9.07,9.38,8.95,9.38,9.06,0.32,3.53,118851.96,108012.5436
000977.SZ,20151126,31.86,31.93,30.68,30.73,31.55,-0.82,-2.6,279851.2,877833.6932
000978.SZ,20151126,12.05,12.66,12.02,12.13,12.09,0.04,0.33,108373.67,133852.3557
000979.SZ,20151126,5.19,5.4,5.15,5.25,5.2,0.05,0.96,1794854.11,949076.1748
000983.SZ,20151126,6.29,6.43,6.28,6.34,6.26,0.08,1.28,474318.69,301591.4492
000985.SZ,20151126,24.68,26.3,24.68,25.21,24.6,0.61,2.48,42317.15,108199.4751
000987.SZ,20151126,26.95,28.6,26.93,27.85,26.78,1.07,4.0,163149.61,457569.058
000988.SZ,20151126,18.6,18.68,17.91,18.07,18.51,-0.44,-2.38,225222.61,410386.5332
000989.SZ,20151126,29.6,30.5,29.11,29.38,29.57,-0.19,-0.64,32337.31,96226.3637
000990.SZ,20151126,28.02,28.08,27.39,27.53,28.16,-0.63,-2.24,85230.06,235007.1053
000993.SZ,20151126,10.95,11.15,10.81,10.9,10.92,-0.02,-0.18,122130.26,133649.7481
000995.SZ,20151126,12.6,13.21,12.53,13.0,12.59,0.41,3.26,35307.04,45926.2006
000996.SZ,20151126,30.75,31.5,29.7,29.8,30.9,-1.1,-3.56,240399.78,734877.7168
000997.SZ,20151126,26.17,27.14,25.79,25.88,26.17,-0.29,-1.11,596340.73,1576583.8647
000998.SZ,20151126,21.97,22.0,21.21,21.26,21.85,-0.59,-2.7,224841.67,484530.3509
000999.SZ,20151126,27.57,27.57,27.0,27.0,27.42,-0.42,-1.53,49233.21,134162.75
001696.SZ,20151126,17.05,17.08,16.5,16.53,16.82,-0.29,-1.72,276724.74,462322.0647
001896.SZ,20151126,17.94,17.94,17.9,17.94,16.31,1.63,9.99,105212.41,188745.9715
002001.SZ,20151126,16.98,17.22,16.62,16.78,16.94,-0.16,-0.94,131963.52,222495.3165
002002.SZ,20151126,27.62,27.96,26.79,26.89,27.5,-0.61,-2.22,297353.24,813862.7162
002003.SZ,20151126,16.15,16.49,15.98,16.0,16.12,-0.12,-0.74,97091.5,157535.4147
002004.SZ,20151126,15.01,15.06,14.5,14.53,14.99,-0.46,-3.07,562699.29,826192.3809
002005.SZ,20151126,10.19,10.19,9.86,9.89,10.1,-0.21,-2.08,536887.8,535472.9469
002006.SZ,20151126,14.98,16.2,14.96,15.56,14.96,0.6,4.01,270801.36,420934.3479
002007.SZ,20151126,43.38,43.38,42.19,42.19,42.9,-0.71,-1.66,52794.26,226009.5096
002008.SZ,20151126,26.14,26.24,25.65,25.65,26.09,-0.44,-1.69,278194.71,718762.116
002009.SZ,20151126,20.51,20.66,19.86,19.93,20.43,-0.5,-2.45,135033.91,272555.5703
002010.SZ,20151126,23.43,23.99,23.08,23.53,23.4,0.13,0.56,103817.8,244470.3593
002011.SZ,20151126,15.33,15.36,14.7,14.72,15.22,-0.5,-3.29,272710.19,407182.0263
002012.SZ,20151126,9.1,9.47,8.94,9.12,9.02,0.1,1.11,341073.86,314200.8821
002013.SZ,20151126,24.2,25.59,23.77,24.43,24.46,-0.03,-0.12,303371.27,742492.0984
002014.SZ,20151126,23.2,24.35,21.51,21.82,22.31,-0.49,-2.2,295479.51,677929.2493
002016.SZ,20151126,13.91,14.88,13.78,14.28,13.91,0.37,2.66,239060.39,344874.9352
002017.SZ,20151126,18.53,18.55,17.83,17.91,18.3,-0.39,-2.13,184269.27,336657.2918
002019.SZ,20151126,31.8,32.08,30.76,30.9,31.8,-0.9,-2.83,95452.83,299109.819
002020.SZ,20151126,31.01,31.2,29.8,29.95,30.9,-0.95,-3.07,91458.65,277323.5852
002021.SZ,20151126,12.7,13.0,12.35,12.35,12.69,-0.34,-2.68,161668.01,203482.6321
002022.SZ,20151126,32.08,32.08,30.22,30.5,31.65,-1.15,-3.63,180290.08,562407.5794
002023.SZ,20151126,21.16,21.33,20.55,20.55,21.34,-0.79,-3.7,222116.79,464621.0383
002024.SZ,20151126,15.21,15.32,14.97,14.98,15.2,-0.22,-1.45,1560224.31,2358320.142
002025.SZ,20151126,28.49,30.7,27.91,29.32,28.77,0.55,1.91,286842.71,836782.6033
002027.SZ,20151126,53.0,53.78,49.8,51.21,53.0,-1.79,-3.38,222060.66,1147043.2463
002028.SZ,20151126,16.62,16.67,16.03,16.1,16.59,-0.49,-2.95,170641.39,279225.9548
002029.SZ,20151126,13.98,14.28,13.78,13.85,14.08,-0.23,-1.63,383167.28,535190.9306
002030.SZ,20151126,46.88,47.08,44.9,45.0,46.7,-1.7,-3.64,234776.29,1072491.2752
002031.SZ,20151126,15.02,15.37,14.7,14.81,15.03,-0.22,-1.46,467179.83,700564.3127
002032.SZ,20151126,26.18,26.33,25.51,25.54,25.98,-0.44,-1.69,13771.21,35644.4801
002033.SZ,20151126,15.36,15.51,15.14,15.3,15.35,-0.05,-0.33,219447.23,335981.0945
002034.SZ,20151126,44.0,47.8,43.58,45.75,44.32,1.43,3.23,39920.84,183523.6115
002035.SZ,20151126,16.98,17.04,16.5,16.78,16.8,-0.02,-0.12,45407.71,76263.5337
002036.SZ,20151126,34.6,35.9,33.3,33.63,32.71,0.92,2.81,574701.43,1971816.3009
002037.SZ,20151126,28.0,28.27,27.0,27.13,28.0,-0.87,-3.11,68180.97,188205.6219
002038.SZ,20151126,35.43,35.88,34.09,34.11,35.2,-1.09,-3.1,98545.72,344093.2292
002039.SZ,20151126,18.73,18.79,18.43,18.5,18.73,-0.23,-1.23,37950.1,70654.0119
002041.SZ,20151126,18.15,18.15,17.4,17.44,17.98,-0.54,-3.0,128025.7,226604.965
002042.SZ,20151126,12.58,12.87,12.38,12.38,12.59,-0.21,-1.67,153375.57,193406.2942
002043.SZ,20151126,16.01,16.46,15.82,16.25,16.01,0.24,1.5,586460.96,947620.7685
002045.SZ,20151126,16.81,18.37,16.41,17.53,16.8,0.73,4.35,235003.56,410544.735
002046.SZ,20151126,12.78,12.8,12.41,12.43,12.71,-0.28,-2.2,86684.8,108858.5239
002047.SZ,20151126,11.92,11.99,11.54,11.55,11.83,-0.28,-2.37,211594.79,247848.1701
002049.SZ,20151126,64.56,70.2,62.11,68.7,64.66,4.04,6.25,281986.13,1843978.4005
002050.SZ,20151126,10.22,10.28,9.9,9.96,10.24,-0.28,-2.73,364076.27,365449.6262
002051.SZ,20151126,24.52,24.93,24.2,24.58,24.52,0.06,0.24,125874.25,309589.5683
002052.SZ,20151126,14.5,14.59,14.15,14.2,14.42,-0.22,-1.53,295035.11,423427.908
002054.SZ,20151126,13.88,13.88,13.44,13.45,13.69,-0.24,-1.75,121357.85,165221.7086
002055.SZ,20151126,40.59,40.92,39.0,39.18,40.58,-1.4,-3.45,193213.06,764059.8183
002056.SZ,20151126,27.98,28.5,27.28,27.57,27.66,-0.09,-0.33,168661.84,471369.7502
002057.SZ,20151126,17.29,17.38,16.63,16.66,17.2,-0.54,-3.14,110042.01,186093.7064
002058.SZ,20151126,25.86,26.25,25.01,25.27,25.81,-0.54,-2.09,33202.23,84466.1362
002059.SZ,20151126,11.9,12.2,11.9,12.11,11.92,0.19,1.59,69213.96,83632.3498
002060.SZ,20151126,9.53,9.79,9.45,9.71,9.5,0.21,2.21,346183.81,333545.8441
002062.SZ,20151126,10.79,10.86,10.4,10.42,10.71,-0.29,-2.71,153484.18,162276.7119
002063.SZ,20151126,24.5,25.35,24.0,24.16,23.73,0.43,1.81,414841.91,1024544.723
002064.SZ,20151126,7.18,7.25,7.0,7.02,7.16,-0.14,-1.96,364478.36,257860.552
002065.SZ,20151126,24.61,24.65,23.83,23.95,24.43,-0.48,-1.96,308508.95,748941.1836
002066.SZ,20151126,23.4,23.79,22.89,23.1,23.05,0.05,0.22,133873.57,311667.5476
002067.SZ,20151126,11.3,11.59,11.16,11.43,11.29,0.14,1.24,1137702.76,1295433.4939
002068.SZ,20151126,8.39,8.97,8.39,8.73,8.38,0.35,4.18,381462.21,332092.9759
002071.SZ,20151126,20.6,21.58,20.09,20.7,20.61,0.09,0.44,184346.07,382214.4372
002072.SZ,20151126,23.85,24.68,23.19,23.2,23.9,-0.7,-2.93,202976.28,486354.9435
002073.SZ,20151126,18.2,19.18,18.1,18.19,18.34,-0.15,-0.82,391590.48,729213.1312
002074.SZ,20151126,40.62,40.62,38.73,39.1,40.35,-1.25,-3.1,184898.88,727996.2372
002076.SZ,20151126,18.39,18.5,17.94,18.02,18.24,-0.22,-1.21,161942.77,295010.2498
002078.SZ,20151126,6.01,6.06,5.78,5.79,5.98,-0.19,-3.18,470350.35,276035.744
002079.SZ,20151126,10.58,10.62,10.1,10.14,10.56,-0.42,-3.98,449653.22,462445.7061
002080.SZ,20151126,23.42,23.49,22.46,22.56,23.41,-0.85,-3.63,131714.87,301580.5069
002081.SZ,20151126,18.17,18.35,17.4,17.4,18.09,-0.69,-3.81,436484.35,776055.8986
002083.SZ,20151126,7.55,7.55,7.36,7.37,7.54,-0.17,-2.25,327006.97,243283.1726
002084.SZ,20151126,13.32,14.11,13.2,13.66,13.36,0.3,2.25,329613.83,450596.6717
002085.SZ,20151126,33.59,33.98,32.18,32.2,33.37,-1.17,-3.51,101867.1,339313.8771
002086.SZ,20151126,25.1,27.6,25.05,26.82,25.1,1.72,6.85,156020.37,412085.8316
002087.SZ,20151126,8.45,8.56,8.3,8.47,8.45,0.02,0.24,217391.89,183127.0046
002088.SZ,20151126,17.0,18.55,16.87,18.47,16.95,1.52,8.97,93119.67,164083.7429
002089.SZ,20151126,19.1,20.28,18.53,19.85,18.9,0.95,5.03,395816.85,774058.153
002090.SZ,20151126,35.0,38.3,34.8,36.19,35.32,0.87,2.46,116131.27,425243.6136
002092.SZ,20151126,10.13,10.13,10.13,10.13,9.21,0.92,9.99,221318.71,224195.8532
002093.SZ,20151126,15.62,15.69,15.0,15.08,15.46,-0.38,-2.46,312124.71,481044.1083
002095.SZ,20151126,101.0,103.36,95.0,96.39,93.96,2.43,2.59,328151.2,3237761.2544
002096.SZ,20151126,23.78,26.07,23.71,25.35,23.79,1.56,6.56,75843.04,189466.4863
002097.SZ,20151126,11.9,12.4,11.52,11.56,11.99,-0.43,-3.59,554109.32,659658.6287
002098.SZ,20151126,17.22,17.57,16.76,16.87,17.07,-0.2,-1.17,79598.43,136076.0005
002099.SZ,20151126,21.56,21.73,21.23,21.23,21.5,-0.27,-1.26,168836.19,360816.4915
002100.SZ,20151126,10.81,10.89,10.62,10.73,10.82,-0.09,-0.83,168153.03,180759.6509
002101.SZ,20151126,25.6,25.6,25.01,25.02,25.61,-0.59,-2.3,67346.07,169834.9784
002104.SZ,20151126,21.8,22.78,21.25,21.35,21.28,0.07,0.33,619567.6,1365441.231
002105.SZ,20151126,9.9,10.09,9.65,9.91,9.84,0.07,0.71,188554.68,185920.1161
002106.SZ,20151126,14.98,14.99,14.45,14.45,14.87,-0.42,-2.82,419874.97,615923.8671
002107.SZ,20151126,28.64,28.98,27.2,27.53,28.82,-1.29,-4.48,128108.61,359327.46
002108.SZ,20151126,19.98,20.42,19.81,19.98,19.93,0.05,0.25,292974.99,589671.7819
002110.SZ,20151126,7.55,7.6,7.38,7.42,7.41,0.01,0.14,150947.21,112375.0083
002111.SZ,20151126,36.5,36.68,35.38,35.54,36.68,-1.14,-3.11,53473.98,191380.0844
002113.SZ,20151126,33.5,37.02,33.03,35.17,33.7,1.47,4.36,70160.46,249040.4388
002114.SZ,20151126,19.63,21.79,19.38,21.79,19.81,1.98,10.0,361850.49,769812.6346
002115.SZ,20151126,14.75,14.81,14.2,14.21,14.7,-0.49,-3.33,253765.1,366827.4115
002116.SZ,20151126,20.54,21.1,20.41,20.62,20.54,0.08,0.39,92160.37,191496.0603
002117.SZ,20151126,45.12,45.78,43.13,44.62,45.08,-0.46,-1.02,70955.56,314630.4672
002118.SZ,20151126,21.5,21.69,20.7,20.71,21.41,-0.7,-3.27,151757.6,319299.6384
002119.SZ,20151126,21.95,23.1,21.8,23.05,21.88,1.17,5.35,211535.62,480211.7329
002120.SZ,20151126,26.1,27.19,25.0,26.1,25.15,0.95,3.78,124444.87,323164.3011
002121.SZ,20151126,31.76,32.0,29.43,29.57,30.03,-0.46,-1.53,216193.79,657623.7577
002122.SZ,20151126,8.55,8.94,8.42,8.45,8.57,-0.12,-1.4,361715.7,313308.6677
002123.SZ,20151126,24.65,25.38,24.18,24.28,25.18,-0.9,-3.57,180308.58,445976.1394
002124.SZ,20151126,29.0,30.38,28.2,29.56,29.75,-0.19,-0.64,91424.2,270024.3873
002125.SZ,20151126,22.25,22.99,22.21,22.44,22.3,0.14,0.63,41325.81,93442.0398
002127.SZ,20151126,21.78,21.78,19.8,20.55,19.8,0.75,3.79,313988.58,662605.7206
002128.SZ,20151126,10.54,10.9,10.54,10.82,10.53,0.29,2.75,161000.94,173299.6548
002129.SZ,20151126,14.95,15.18,14.4,14.41,14.97,-0.56,-3.74,691363.45,1011642.3158
002130.SZ,20151126,25.7,25.85,24.8,24.89,25.9,-1.01,-3.9,423967.88,1070068.7003
002132.SZ,20151126,7.73,7.77,7.51,7.53,7.7,-0.17,-2.21,205420.94,156417.3216
002133.SZ,20151126,9.01,9.06,8.63,8.8,8.99,-0.19,-2.11,243899.44,214874.9633
002134.SZ,20151126,14.85,16.05,14.68,15.06,14.83,0.23,1.55,98927.25,150659.5526
002135.SZ,20151126,11.92,12.47,11.7,11.76,11.9,-0.14,-1.18,145746.97,175952.1349
002136.SZ,20151126,16.31,17.19,16.12,16.83,16.3,0.53,3.25,106609.01,178367.0286
002137.SZ,20151126,17.75,19.46,17.65,19.4,17.69,1.71,9.67,505645.63,949175.205
002138.SZ,20151126,15.8,16.03,15.26,15.27,15.73,-0.46,-2.92,383410.19,600569.0942
002139.SZ,20151126,25.0,26.1,24.68,25.5,25.09,0.41,1.63,164924.58,418820.5735
002140.SZ,20151126,20.9,20.99,20.43,20.7,20.81,-0.11,-0.53,40792.22,84133.7692
002141.SZ,20151126,33.72,34.89,32.33,32.8,33.55,-0.75,-2.24,67083.65,225441.8806
002142.SZ,20151126,15.22,15.44,15.13,15.13,15.11,0.02,0.13,362132.85,553506.539
002143.SZ,20151126,35.9,37.69,35.35,36.35,36.14,0.21,0.58,44566.46,161671.9407
002144.SZ,20151126,30.79,31.75,29.66,29.79,29.6,0.19,0.64,154789.24,472217.0511
002145.SZ,20151126,14.58,14.58,14.1,14.17,14.49,-0.32,-2.21,161258.77,231141.4916
002146.SZ,20151126,10.68,10.87,10.21,10.3,10.63,-0.33,-3.1,303083.32,319378.6464
002148.SZ,20151126,21.2,22.77,20.91,22.38,21.26,1.12,5.27,291494.93,636295.9241
002149.SZ,20151126,22.3,23.11,21.87,22.45,22.3,0.15,0.67,72933.13,164558.6794
002151.SZ,20151126,55.21,58.58,54.01,57.19,55.95,1.24,2.22,154416.46,866416.0764
002152.SZ,20151126,33.02,33.39,32.41,32.45,33.2,-0.75,-2.26,91943.05,302413.4833
002153.SZ,20151126,132.85,133.88,127.96,129.83,132.73,-2.9,-2.18,28056.95,366135.6214
002154.SZ,20151126,8.3,8.35,8.01,8.01,8.27,-0.26,-3.14,755598.5,615838.585
002155.SZ,20151126,9.0,9.26,8.89,9.05,9.05,0.0,0.0,316958.64,286480.624
002156.SZ,20151126,19.98,22.13,19.61,21.85,20.12,1.73,8.6,464587.62,983099.1095
002157.SZ,20151126,23.0,24.18,22.83,23.03,23.6,-0.57,-2.42,112457.34,261435.715
002158.SZ,20151126,22.2,22.98,21.93,22.22,22.19,0.03,0.14,63404.4,141982.9582
002159.SZ,20151126,31.54,31.54,30.36,30.55,31.56,-1.01,-3.2,65049.5,199602.9427
002160.SZ,20151126,12.36,12.77,12.13,12.37,12.18,0.19,1.56,141080.02,175346.722
002161.SZ,20151126,25.55,26.4,24.63,24.67,25.4,-0.73,-2.87,726617.24,1858345.0858
002162.SZ,20151126,17.18,18.18,16.51,17.0,16.93,0.07,0.41,867924.7,1504982.9144
002163.SZ,20151126,10.49,10.87,10.42,10.58,10.45,0.13,1.24,363211.52,387519.3258
002164.SZ,20151126,9.57,9.69,9.38,9.38,9.57,-0.19,-1.99,150073.03,142689.9265
002165.SZ,20151126,8.22,8.25,8.05,8.06,8.21,-0.15,-1.83,143111.02,116623.2599
002166.SZ,20151126,16.19,17.91,16.01,17.91,16.28,1.63,10.01,973195.74,1704325.2129
002167.SZ,20151126,10.5,10.97,10.37,10.56,10.53,0.03,0.28,391115.76,416603.4599
002168.SZ,20151126,11.86,11.88,11.49,11.59,11.87,-0.28,-2.36,444797.91,519252.182
002169.SZ,20151126,25.9,25.9,24.11,24.19,25.42,-1.23,-4.84,106045.06,264488.3164
002170.SZ,20151126,14.35,14.8,14.01,14.41,14.13,0.28,1.98,749532.52,1079598.4083
002171.SZ,20151126,23.1,25.25,22.97,24.6,23.2,1.4,6.03,160330.71,388388.891
002172.SZ,20151126,16.73,18.39,16.4,16.68,16.93,-0.25,-1.48,588396.72,1019605.761
002173.SZ,20151126,27.6,28.82,26.48,26.8,26.2,0.6,2.29,143615.42,395450.4985
002175.SZ,20151126,64.49,66.57,62.5,63.01,64.3,-1.29,-2.01,141296.02,908364.3621
002176.SZ,20151126,17.85,17.98,16.23,16.25,17.25,-1.0,-5.8,1722652.42,2936449.3665
002177.SZ,20151126,11.68,11.93,11.56,11.57,11.76,-0.19,-1.62,565201.09,662057.5736
002178.SZ,20151126,16.13,16.25,15.35,15.36,16.03,-0.67,-4.18,291778.19,456575.0769
002179.SZ,20151126,41.5,45.57,40.25,44.15,41.43,2.72,6.57,400660.91,1750837.2329
002180.SZ,20151126,50.0,50.38,48.41,48.9,49.85,-0.95,-1.91,16617.6,81765.1453
002181.SZ,20151126,14.58,14.79,13.98,14.3,14.57,-0.27,-1.85,377912.34,543915.5632
002182.SZ,20151126,14.1,14.98,13.89,14.3,14.02,0.28,2.0,217737.79,314666.6961
002183.SZ,20151126,50.02,54.95,49.98,52.94,50.18,2.76,5.5,630647.88,3331793.2222
002184.SZ,20151126,40.53,40.89,38.41,38.69,40.3,-1.61,-4.0,62407.97,245520.1139
002185.SZ,20151126,19.5,20.12,19.36,19.92,19.5,0.42,2.15,272077.8,537248.3488
002186.SZ,20151126,21.82,22.01,21.51,21.55,21.89,-0.34,-1.55,33900.77,73815.8562
002187.SZ,20151126,16.64,17.05,16.5,16.68,16.65,0.03,0.18,72848.3,122304.9061
002188.SZ,20151126,37.03,37.6,36.3,36.49,37.54,-1.05,-2.8,48630.17,180106.3667
002189.SZ,20151126,38.6,38.8,36.35,36.5,39.28,-2.78,-7.08,172013.32,645912.5691
002190.SZ,20151126,42.63,43.8,41.6,43.4,42.63,0.77,1.81,169427.49,726883.7378
002192.SZ,20151126,43.33,43.33,42.78,43.33,41.27,2.06,4.99,80373.13,347761.9432
002193.SZ,20151126,18.85,19.68,18.6,19.08,18.76,0.32,1.71,82513.75,158170.832
002194.SZ,20151126,16.47,16.78,15.99,16.4,16.34,0.06,0.37,204372.0,333796.3837
002195.SZ,20151126,40.12,40.2,38.3,38.38,40.0,-1.62,-4.05,184507.63,720485.4582
002196.SZ,20151126,32.98,33.85,32.2,33.23,32.99,0.24,0.73,37432.71,123293.9539
002197.SZ,20151126,29.3,30.99,28.68,28.71,29.0,-0.29,-1.0,450209.22,1340047.1201
002198.SZ,20151126,10.48,11.11,10.38,10.87,10.44,0.43,4.12,297753.34,323633.1984
002199.SZ,20151126,14.96,15.35,14.83,15.08,14.92,0.16,1.07,91270.64,137300.3403
002200.SZ,20151126,21.62,22.48,21.62,22.26,21.61,0.65,3.01,82669.61,183042.8658
002202.SZ,20151126,16.6,16.65,16.2,16.23,16.52,-0.29,-1.76,378669.45,620406.5874
002203.SZ,20151126,13.98,13.98,12.9,12.92,12.71,0.21,1.65,1096226.06,1488968.2855
002204.SZ,20151126,10.35,10.42,10.06,10.11,10.33,-0.22,-2.13,195822.72,200458.3622
002205.SZ,20151126,32.12,34.9,31.89,32.98,32.11,0.87,2.71,76414.25,256010.5477
002206.SZ,20151126,16.22,17.27,16.03,16.6,16.35,0.25,1.53,157601.52,261441.7265
002207.SZ,20151126,19.85,20.37,19.45,19.62,19.96,-0.34,-1.7,136974.17,270088.4477
002208.SZ,20151126,22.62,23.04,22.01,22.3,22.62,-0.32,-1.41,73524.68,164603.907
002211.SZ,20151126,11.49,11.88,11.11,11.17,11.38,-0.21,-1.85,275707.89,315834.9841
002212.SZ,20151126,13.46,13.68,13.0,13.14,13.67,-0.53,-3.88,367955.9,488842.1585
002213.SZ,20151126,17.68,18.08,17.56,17.57,17.76,-0.19,-1.07,43820.88,78251.7279
002214.SZ,20151126,15.2,15.46,14.87,14.88,15.34,-0.46,-3.0,247236.79,375041.7924
002215.SZ,20151126,18.47,19.54,17.86,19.2,18.05,1.15,6.37,400343.08,750363.8587
002216.SZ,20151126,11.56,11.96,11.46,11.63,11.55,0.08,0.69,138012.25,161518.2307
002217.SZ,20151126,19.78,20.1,19.2,19.25,19.95,-0.7,-3.51,137043.77,269364.0698
002218.SZ,20151126,11.05,11.09,10.64,10.67,11.01,-0.34,-3.09,133432.6,144879.0775
002220.SZ,20151126,11.72,12.58,11.66,12.33,11.7,0.63,5.38,253553.76,309782.9639
002221.SZ,20151126,31.04,31.3,30.22,30.53,30.77,-0.24,-0.78,95266.66,291878.5866
002222.SZ,20151126,23.45,24.2,22.66,23.6,23.6,0.0,0.0,143846.28,336782.5114
002223.SZ,20151126,44.68,44.7,43.21,43.29,44.9,-1.61,-3.59,149649.82,656807.2406
002224.SZ,20151126,18.62,18.62,18.09,18.62,16.93,1.69,9.98,989136.39,1839602.2377
002225.SZ,20151126,8.25,8.25,8.0,8.03,8.19,-0.16,-1.95,119332.48,96792.4098
002226.SZ,20151126,10.47,10.88,10.32,10.52,10.48,0.04,0.38,795686.61,842959.5367
002227.SZ,20151126,46.0,46.3,44.5,44.68,46.41,-1.73,-3.73,107901.34,487468.8199
002229.SZ,20151126,26.79,28.8,26.51,28.31,26.81,1.5,5.59,252555.91,695695.1353
002230.SZ,20151126,39.1,39.2,37.13,37.36,38.63,-1.27,-3.29,424375.48,1606666.7019
002231.SZ,20151126,18.6,19.0,18.09,18.09,18.41,-0.32,-1.74,282295.36,523702.9975
002232.SZ,20151126,18.6,18.68,17.57,17.61,18.51,-0.9,-4.86,202214.68,365728.9787
002233.SZ,20151126,11.58,12.71,11.57,12.3,11.55,0.75,6.49,482279.08,592796.2696
002234.SZ,20151126,16.21,16.49,15.58,16.11,16.19,-0.08,-0.49,68113.19,109262.9202
002236.SZ,20151126,36.67,37.55,36.48,36.58,36.55,0.03,0.08,158385.04,585324.2103
002237.SZ,20151126,10.35,10.65,10.29,10.42,10.54,-0.12,-1.14,225134.41,235002.6007
002238.SZ,20151126,25.97,26.15,24.92,25.09,25.9,-0.81,-3.13,133872.88,339434.21
002240.SZ,20151126,11.8,12.23,11.61,12.22,11.92,0.3,2.52,403567.71,483611.893
002241.SZ,20151126,34.05,34.85,32.8,33.2,34.2,-1.0,-2.92,268049.21,910142.3009
002242.SZ,20151126,23.92,24.5,23.8,23.99,24.65,-0.66,-2.68,366875.88,881884.2762
002243.SZ,20151126,14.89,14.89,14.14,14.33,14.74,-0.41,-2.78,121958.62,176010.782
002244.SZ,20151126,8.3,8.45,8.23,8.26,8.28,-0.02,-0.24,564570.49,471258.3935
002245.SZ,20151126,8.28,9.0,8.28,8.67,8.18,0.49,5.99,696019.6,607871.1942
002249.SZ,20151126,13.0,13.13,12.8,12.84,13.08,-0.24,-1.83,155243.99,200725.5208
002250.SZ,20151126,19.77,19.82,19.38,19.39,19.68,-0.29,-1.47,140182.92,274961.6323
002251.SZ,20151126,18.7,18.74,18.02,18.12,18.67,-0.55,-2.95,163915.86,300719.5086
002252.SZ,20151126,44.77,44.99,42.9,43.2,44.95,-1.75,-3.89,149056.51,652908.3336
002253.SZ,20151126,55.0,55.56,52.56,52.6,55.56,-2.96,-5.33,72861.39,391077.2737
002254.SZ,20151126,17.08,17.28,16.67,16.84,17.09,-0.25,-1.46,117291.89,198640.1017
002255.SZ,20151126,11.29,11.37,10.87,10.88,11.25,-0.37,-3.29,267980.96,296660.6155
002256.SZ,20151126,28.0,28.2,27.1,27.18,28.0,-0.82,-2.93,114890.53,315553.9158
002258.SZ,20151126,26.03,26.23,25.46,25.83,26.03,-0.2,-0.77,35310.98,91075.6823
002259.SZ,20151126,10.2,10.32,9.98,10.02,10.35,-0.33,-3.19,418499.57,422501.0726
002260.SZ,20151126,42.9,44.79,42.6,43.19,43.1,0.09,0.21,51480.2,225657.2621
002261.SZ,20151126,41.46,41.7,39.65,39.88,41.33,-1.45,-3.51,139090.03,561768.2384
002262.SZ,20151126,30.3,30.45,29.66,29.9,30.18,-0.28,-0.93,48635.22,145661.0359
002263.SZ,20151126,10.23,10.27,9.92,9.96,10.22,-0.26,-2.54,340844.79,342828.3252
002264.SZ,20151126,8.1,8.29,7.96,8.05,8.21,-0.16,-1.95,78216.48,63420.1357
002266.SZ,20151126,9.65,9.96,9.31,9.37,9.25,0.12,1.3,2312170.88,2229415.8807
002267.SZ,20151126,13.42,13.45,13.22,13.23,13.4,-0.17,-1.27,94959.75,126356.9457
002268.SZ,20151126,62.0,62.2,60.2,61.0,61.69,-0.69,-1.12,72725.06,444056.74
002269.SZ,20151126,6.95,6.97,6.72,6.78,6.95,-0.17,-2.45,414772.23,283743.6448
002270.SZ,20151126,20.57,20.69,20.0,20.04,20.53,-0.49,-2.39,99399.67,201775.7628
002271.SZ,20151126,19.95,20.38,19.62,20.27,19.84,0.43,2.17,391811.38,782612.7589
002272.SZ,20151126,9.21,9.34,8.95,8.98,9.27,-0.29,-3.13,191152.48,174342.4615
002273.SZ,20151126,38.18,38.2,36.08,36.4,38.75,-2.35,-6.06,506564.59,1875539.1659
002274.SZ,20151126,12.25,12.66,12.07,12.45,12.07,0.38,3.15,259029.78,320825.2657
002275.SZ,20151126,23.63,23.65,22.87,22.95,23.63,-0.68,-2.88,52837.87,122795.3009
002276.SZ,20151126,32.7,32.88,31.8,31.84,32.65,-0.81,-2.48,406761.38,1311583.5204
002277.SZ,20151126,14.82,14.84,14.43,14.69,14.8,-0.11,-0.74,254377.23,371735.0123
002278.SZ,20151126,20.1,20.58,19.48,19.48,19.98,-0.5,-2.5,94130.63,187655.7107
002279.SZ,20151126,66.76,66.94,63.18,64.02,66.95,-2.93,-4.38,67615.43,437791.2067
002280.SZ,20151126,70.5,70.79,65.0,66.8,71.35,-4.55,-6.38,119110.18,808988.625
002281.SZ,20151126,60.6,65.43,60.6,61.86,61.1,0.76,1.24,122776.68,776230.9049
002282.SZ,20151126,13.52,13.57,13.03,13.41,13.33,0.08,0.6,105886.94,140338.4744
002283.SZ,20151126,22.7,23.43,22.33,22.45,22.75,-0.3,-1.32,166346.21,379597.7351
002284.SZ,20151126,14.65,15.86,14.52,15.71,14.42,1.29,8.95,630544.77,971692.7451
002285.SZ,20151126,18.36,19.91,18.2,19.08,18.1,0.98,5.41,713911.88,1390092.0765
002287.SZ,20151126,32.3,32.41,31.7,31.76,32.05,-0.29,-0.9,14374.49,46000.009
002288.SZ,20151126,13.56,14.89,13.05,13.7,13.56,0.14,1.03,1434909.26,1989346.2058
002290.SZ,20151126,43.87,46.5,42.55,46.5,42.27,4.23,10.01,131197.85,598927.676
002291.SZ,20151126,16.62,17.28,16.31,16.6,16.58,0.02,0.12,72080.51,120343.404
002292.SZ,20151126,38.94,39.9,37.94,38.24,38.93,-0.69,-1.77,187006.2,723728.5032
002293.SZ,20151126,18.61,19.15,18.54,18.65,18.6,0.05,0.27,105263.19,198089.0343
002294.SZ,20151126,31.3,31.33,30.18,30.21,31.05,-0.84,-2.71,79034.69,242310.617
002295.SZ,20151126,18.52,19.15,18.1,18.4,18.52,-0.12,-0.65,108754.92,201932.1554
002296.SZ,20151126,21.4,21.47,20.32,20.35,21.15,-0.8,-3.78,246324.7,512744.5243
002297.SZ,20151126,15.43,16.99,15.27,16.41,15.57,0.84,5.4,460920.96,748596.671
002298.SZ,20151126,19.81,19.97,19.4,19.46,19.83,-0.37,-1.87,199708.64,391542.8062
002299.SZ,20151126,20.41,20.93,20.0,20.03,20.4,-0.37,-1.81,128365.44,263441.6957
002300.SZ,20151126,12.41,12.72,12.1,12.1,12.38,-0.28,-2.26,223050.08,275185.5482
002301.SZ,20151126,25.11,25.69,24.73,25.17,25.23,-0.06,-0.24,107080.38,269249.0119
002302.SZ,20151126,19.7,19.76,19.26,19.48,19.62,-0.14,-0.71,65968.41,128559.1813
002303.SZ,20151126,12.85,12.85,12.85,12.85,11.68,1.17,10.02,16260.62,20894.8967
002304.SZ,20151126,64.5,64.59,63.4,63.5,64.5,-1.0,-1.55,20339.85,129848.389
002305.SZ,20151126,6.6,6.68,6.47,6.54,6.5,0.04,0.62,253062.38,166049.1308
002307.SZ,20151126,13.15,13.41,12.9,13.4,13.2,0.2,1.52,484981.11,638617.8485
002308.SZ,20151126,25.0,25.09,23.81,23.95,24.91,-0.96,-3.85,218407.43,531440.0764
002311.SZ,20151126,14.09,14.26,13.88,13.95,14.06,-0.11,-0.78,79760.58,112268.1213
002312.SZ,20151126,35.49,35.49,33.11,33.13,34.9,-1.77,-5.07,285138.35,974826.16
002314.SZ,20151126,10.2,10.43,10.05,10.2,10.13,0.07,0.69,182257.42,185965.2907
002315.SZ,20151126,103.88,108.0,99.99,102.1,102.78,-0.68,-0.66,59342.37,614021.9262
002316.SZ,20151126,25.0,25.8,23.99,24.05,24.66,-0.61,-2.47,286627.76,710369.4597
002317.SZ,20151126,14.27,14.27,13.67,13.69,13.99,-0.3,-2.14,173923.05,241455.9743
002318.SZ,20151126,17.1,17.23,16.4,16.46,17.09,-0.63,-3.69,421906.96,703737.9764
002319.SZ,20151126,18.81,19.86,18.8,19.86,18.05,1.81,10.03,116245.22,224589.5585
002321.SZ,20151126,11.38,11.64,11.16,11.5,11.45,0.05,0.44,349787.23,397134.2363
002322.SZ,20151126,24.8,25.08,24.01,24.2,25.03,-0.83,-3.32,76818.98,188133.5701
002324.SZ,20151126,30.0,31.0,29.71,29.98,29.73,0.25,0.84,82304.64,249542.7606
002325.SZ,20151126,18.55,18.73,17.9,18.34,18.53,-0.19,-1.03,298714.02,550805.601
002326.SZ,20151126,23.02,24.17,23.02,23.46,22.8,0.66,2.89,593768.32,1410425.0351
002327.SZ,20151126,11.73,11.79,11.44,11.48,11.68,-0.2,-1.71,183194.03,212786.6258
002328.SZ,20151126,12.03,12.39,11.9,11.9,12.18,-0.28,-2.3,193489.5,235662.4216
002329.SZ,20151126,25.01,25.88,24.4,24.48,24.98,-0.5,-2.0,125349.47,315126.2043
002330.SZ,20151126,17.0,17.35,16.13,16.27,17.4,-1.13,-6.49,322029.88,540565.5706
002331.SZ,20151126,25.88,25.95,24.96,25.01,25.69,-0.68,-2.65,304708.47,771335.5421
002332.SZ,20151126,14.99,15.1,14.58,14.59,14.96,-0.37,-2.47,151776.31,224201.6906
002333.SZ,20151126,19.72,19.88,19.41,19.73,19.87,-0.14,-0.7,33780.28,66547.5623
002334.SZ,20151126,12.79,12.82,12.23,12.26,12.68,-0.42,-3.31,279992.95,348559.4925
002335.SZ,20151126,35.29,35.65,34.11,34.8,34.85,-0.05,-0.14,55665.88,194360.2547
002336.SZ,20151126,13.8,13.87,13.42,13.52,13.79,-0.27,-1.96,77251.08,105401.72
002337.SZ,20151126,11.46,11.6,11.08,11.14,11.46,-0.32,-2.79,245433.74,276919.8372
002338.SZ,20151126,72.43,76.44,71.66,74.51,73.61,0.9,1.22,27873.31,206860.9344
002339.SZ,20151126,27.85,28.66,27.43,27.62,27.6,0.02,0.07,276658.37,777831.7953
002340.SZ,20151126,15.7,16.36,15.56,15.77,15.71,0.06,0.38,570320.25,911620.8175
002342.SZ,20151126,7.84,7.89,7.7,7.71,7.89,-0.18,-2.28,395030.49,307375.3489
002343.SZ,20151126,69.51,75.97,69.1,71.84,69.98,1.86,2.66,152795.37,1110253.5679
002344.SZ,20151126,18.3,18.49,17.35,17.58,17.49,0.09,0.51,625720.29,1124598.3205
002345.SZ,20151126,14.89,16.06,14.86,16.06,14.6,1.46,10.0,772131.19,1222764.4968
002346.SZ,20151126,17.45,17.66,17.06,17.12,17.46,-0.34,-1.95,62017.28,107494.8645
002347.SZ,20151126,21.5,22.46,21.2,22.16,21.39,0.77,3.6,157729.34,345722.0287
002348.SZ,20151126,20.6,21.29,19.98,20.08,20.27,-0.19,-0.94,166450.71,343285.7965
002349.SZ,20151126,37.1,38.4,37.1,37.33,37.15,0.18,0.48,47672.09,179766.1374
002350.SZ,20151126,20.5,20.59,19.95,20.08,20.5,-0.42,-2.05,75764.96,153466.7955
002351.SZ,20151126,28.63,28.97,27.6,27.63,28.76,-1.13,-3.93,80498.62,226552.5849
002352.SZ,20151126,31.77,31.81,30.7,30.88,31.78,-0.9,-2.83,30273.7,94707.013
002353.SZ,20151126,28.11,28.16,27.3,27.39,27.87,-0.48,-1.72,250546.75,690979.1108
002354.SZ,20151126,117.7,117.7,107.01,110.38,112.37,-1.99,-1.77,52201.94,581812.4354
002355.SZ,20151126,18.17,18.39,16.98,17.49,18.18,-0.69,-3.8,157252.04,274636.5425
002356.SZ,20151126,31.3,31.9,30.22,30.5,31.55,-1.05,-3.33,85864.58,263933.3057
002357.SZ,20151126,17.19,17.2,16.6,16.65,17.1,-0.45,-2.63,109940.72,184936.1869
002358.SZ,20151126,20.7,20.98,19.85,19.88,20.04,-0.16,-0.8,280234.73,569302.6826
002359.SZ,20151126,31.77,31.77,30.63,30.76,31.5,-0.74,-2.35,73422.64,227470.8245
002360.SZ,20151126,13.8,13.89,13.36,13.63,13.8,-0.17,-1.23,94226.74,128348.3869
002361.SZ,20151126,19.41,19.74,19.02,19.11,19.65,-0.54,-2.75,104271.37,201404.6003
002362.SZ,20151126,33.99,34.11,32.1,32.49,33.76,-1.27,-3.76,157508.93,516705.164
002363.SZ,20151126,21.05,21.17,20.44,20.8,20.94,-0.14,-0.67,169765.52,352315.4205
002364.SZ,20151126,32.1,32.2,31.17,31.45,31.87,-0.42,-1.32,108966.99,346079.9743
002365.SZ,20151126,19.75,20.38,19.52,19.77,19.73,0.04,0.2,85337.59,169850.4918
002366.SZ,20151126,68.51,68.91,66.6,66.84,68.87,-2.03,-2.95,35793.33,240820.7129
002367.SZ,20151126,19.3,19.77,19.0,19.02,19.09,-0.07,-0.37,212075.68,410087.0015
002369.SZ,20151126,15.48,15.84,14.86,15.0,15.29,-0.29,-1.9,418168.16,640003.6132
002370.SZ,20151126,35.02,38.0,35.02,36.22,35.7,0.52,1.46,51228.87,188231.5798
002372.SZ,20151126,19.5,19.65,18.8,18.83,19.35,-0.52,-2.69,97279.71,185720.7389
002373.SZ,20151126,53.99,54.0,51.0,52.09,53.7,-1.61,-3.0,81839.01,429979.1638
002374.SZ,20151126,18.62,19.7,18.31,18.5,18.7,-0.2,-1.07,122873.68,233297.5815
002375.SZ,20151126,17.56,17.72,16.93,17.0,17.62,-0.62,-3.52,443405.28,769359.7336
002376.SZ,20151126,16.66,17.77,16.55,17.09,16.43,0.66,4.02,344791.13,589282.47
002377.SZ,20151126,10.1,10.3,9.89,9.97,10.16,-0.19,-1.87,162764.14,163476.7055
002378.SZ,20151126,12.25,13.46,12.14,12.75,12.24,0.51,4.17,463062.74,596975.9351
002380.SZ,20151126,36.8,37.0,35.0,35.1,36.7,-1.6,-4.36,57585.94,206525.3714
002381.SZ,20151126,19.15,19.79,18.96,19.19,19.12,0.07,0.37,150536.9,292005.9246
002382.SZ,20151126,31.0,31.2,29.61,29.72,30.97,-1.25,-4.04,77660.49,235051.9823
002383.SZ,20151126,42.15,43.15,41.36,41.95,42.16,-0.21,-0.5,80791.45,341391.742
002385.SZ,20151126,13.46,13.5,13.0,13.01,13.38,-0.37,-2.77,313520.09,413479.3962
002386.SZ,20151126,7.31,7.31,7.11,7.16,7.28,-0.12,-1.65,199567.99,144503.2545
002387.SZ,20151126,17.51,17.7,16.92,16.95,17.71,-0.76,-4.29,275681.0,474392.8298
002388.SZ,20151126,11.72,12.35,11.65,11.77,11.77,0.0,0.0,270729.41,324707.1509
002389.SZ,20151126,20.96,21.88,20.88,21.09,20.99,0.1,0.48,185471.83,395820.7536
002390.SZ,20151126,14.64,14.64,14.29,14.64,13.31,1.33,9.99,418523.64,611519.5409
002391.SZ,20151126,17.71,18.14,17.48,17.55,17.7,-0.15,-0.85,116057.48,206850.3689
002392.SZ,20151126,9.03,9.1,8.8,8.8,9.0,-0.2,-2.22,322196.83,286583.1653
002393.SZ,20151126,49.66,53.6,48.79,51.0,49.68,1.32,2.66,121713.66,624898.9522
002394.SZ,20151126,15.6,15.95,15.4,15.47,15.47,0.0,0.0,107940.35,169856.7477
002395.SZ,20151126,24.18,24.98,23.74,24.13,24.0,0.13,0.54,88011.5,213492.6238
002396.SZ,20151126,24.2,24.6,23.63,23.94,24.08,-0.14,-0.58,259959.84,626802.8364
002397.SZ,20151126,10.87,11.79,10.6,11.42,10.87,0.55,5.06,377472.17,418540.9971
002398.SZ,20151126,18.25,18.25,17.5,17.61,18.13,-0.52,-2.87,114349.91,202819.2239
002399.SZ,20151126,32.43,32.6,31.72,31.8,32.38,-0.58,-1.79,65988.64,211868.8836
002400.SZ,20151126,25.4,26.02,25.15,25.17,25.4,-0.23,-0.91,113160.1,290475.6042
002402.SZ,20151126,24.0,24.39,23.5,23.57,24.09,-0.52,-2.16,100042.03,239261.1381
002403.SZ,20151126,15.39,15.56,14.89,15.0,15.39,-0.39,-2.53,76784.84,116994.3077
002404.SZ,20151126,10.55,11.0,10.26,10.74,10.44,0.3,2.87,438723.54,467379.9968
002405.SZ,20151126,44.51,45.98,44.0,44.51,44.09,0.42,0.95,211863.12,951126.4388
002406.SZ,20151126,10.24,10.27,9.85,9.93,10.2,-0.27,-2.65,228258.54,229870.6127
002407.SZ,20151126,60.62,60.96,57.38,57.9,60.7,-2.8,-4.61,258235.47,1518874.0886
002408.SZ,20151126,14.03,14.1,13.5,13.54,14.03,-0.49,-3.49,168713.51,232655.7052
002410.SZ,20151126,22.0,22.36,21.3,21.39,21.79,-0.4,-1.84,296633.86,646987.743
002411.SZ,20151126,17.08,17.88,16.98,17.6,17.11,0.49,2.86,240907.96,422933.6412
002413.SZ,20151126,57.99,59.0,54.06,56.2,58.73,-2.53,-4.31,117381.96,665373.0994
002414.SZ,20151126,31.8,32.25,31.0,31.5,32.3,-0.8,-2.48,123030.15,388927.7634
002415.SZ,20151126,36.19,36.39,35.81,35.85,36.1,-0.25,-0.69,205520.24,741108.6035
002416.SZ,20151126,21.23,21.23,20.12,20.28,21.23,-0.95,-4.47,623029.59,1282237.6404
002417.SZ,20151126,20.41,20.41,20.41,20.41,19.44,0.97,4.99,5178.01,10568.3184
002419.SZ,20151126,13.36,13.66,13.3,13.42,13.45,-0.03,-0.22,105911.33,142630.7332
002420.SZ,20151126,10.36,10.59,10.25,10.4,10.39,0.01,0.1,115414.26,120197.625
002421.SZ,20151126,21.14,21.2,20.3,20.46,21.11,-0.65,-3.08,163089.64,337923.8637
002422.SZ,20151126,17.85,18.43,17.74,18.18,17.84,0.34,1.91,242982.11,442053.3675
002423.SZ,20151126,16.45,16.89,16.0,16.55,16.79,-0.24,-1.43,176751.78,289924.8065
002424.SZ,20151126,29.5,29.94,28.91,28.97,29.5,-0.53,-1.8,266536.48,779789.9783
002425.SZ,20151126,28.5,30.1,27.84,28.85,28.86,-0.01,-0.03,106281.67,307603.8159
002426.SZ,20151126,24.74,24.98,24.18,24.55,24.65,-0.1,-0.41,138543.24,340130.3843
002427.SZ,20151126,19.51,20.49,19.25,20.05,19.25,0.8,4.16,228820.04,455607.9567
002428.SZ,20151126,17.1,18.75,16.83,17.83,17.05,0.78,4.57,527975.74,951913.2567
002429.SZ,20151126,13.08,13.38,12.62,12.7,12.95,-0.25,-1.93,340831.91,440850.9545
002430.SZ,20151126,10.89,10.94,10.51,10.6,10.75,-0.15,-1.4,148243.59,158421.6029
002431.SZ,20151126,20.3,20.3,20.3,20.3,18.45,1.85,10.03,519.85,1055.2955
002432.SZ,20151126,33.79,33.98,31.48,31.5,34.4,-2.9,-8.43,615493.49,2012918.2302
002433.SZ,20151126,16.48,16.64,15.83,15.91,16.33,-0.42,-2.57,237786.86,386845.4036
002436.SZ,20151126,23.5,24.6,23.2,23.6,23.01,0.59,2.56,531354.12,1264935.3175
002437.SZ,20151126,33.78,33.95,33.0,33.01,33.8,-0.79,-2.34,48366.55,161965.7067
002438.SZ,20151126,23.77,25.83,23.52,25.18,23.84,1.34,5.62,244644.76,608200.1994
002439.SZ,20151126,37.49,37.99,36.4,36.59,37.8,-1.21,-3.2,223041.05,826796.4114
002440.SZ,20151126,19.2,20.75,19.1,20.1,19.2,0.9,4.69,348259.46,698125.5891
002441.SZ,20151126,24.12,24.27,23.01,23.04,23.89,-0.85,-3.56,132294.39,310153.5155
002442.SZ,20151126,12.75,13.08,12.6,12.77,12.74,0.03,0.24,74586.76,95649.1317
002443.SZ,20151126,13.86,13.86,13.86,13.86,12.6,1.26,10.0,5420.76,7513.1734
002444.SZ,20151126,18.78,18.88,18.0,18.08,18.71,-0.63,-3.37,211850.0,387794.8497
002445.SZ,20151126,29.9,29.9,28.16,28.21,29.07,-0.86,-2.96,146395.55,419607.629
002446.SZ,20151126,33.5,35.37,32.31,34.52,33.15,1.37,4.13,125428.32,421382.831
002447.SZ,20151126,11.19,11.6,11.1,11.19,11.16,0.03,0.27,226532.21,256537.5333
002448.SZ,20151126,13.22,13.32,12.79,12.8,13.28,-0.48,-3.61,203050.2,263812.6834
002449.SZ,20151126,15.98,16.3,15.44,15.6,15.85,-0.25,-1.58,133556.79,211477.616
002450.SZ,20151126,35.56,37.04,35.25,36.21,35.42,0.79,2.23,539192.07,1963667.5103
002451.SZ,20151126,14.7,14.94,14.38,14.44,14.85,-0.41,-2.76,135651.66,198761.9556
002454.SZ,20151126,20.1,20.33,19.31,19.39,19.9,-0.51,-2.56,120552.64,237066.1182
002455.SZ,20151126,12.63,13.01,12.1,12.24,12.7,-0.46,-3.62,188808.01,237269.886
002456.SZ,20151126,29.2,29.33,27.8,27.86,29.15,-1.29,-4.43,449331.98,1271779.6822
002457.SZ,20151126,14.25,14.48,14.02,14.11,14.19,-0.08,-0.56,202461.68,287798.0933
002458.SZ,20151126,29.6,31.58,29.0,30.03,29.61,0.42,1.42,74363.06,225663.6016
002459.SZ,20151126,18.05,18.58,17.5,17.7,18.05,-0.35,-1.94,48833.46,86743.546
002460.SZ,20151126,47.7,47.71,44.85,45.66,47.91,-2.25,-4.7,334776.02,1538420.933
002461.SZ,20151126,14.3,14.78,14.24,14.62,14.28,0.34,2.38,139156.8,202689.2187
002462.SZ,20151126,47.91,52.0,47.91,48.55,47.5,1.05,2.21,82139.78,407861.8268
002463.SZ,20151126,7.1,7.23,6.84,6.9,7.0,-0.1,-1.43,941925.37,658387.3378
002464.SZ,20151126,89.0,91.74,81.0,81.7,83.4,-1.7,-2.04,170400.58,1516399.1027
002465.SZ,20151126,17.91,17.97,17.39,17.63,17.9,-0.27,-1.51,621957.57,1097741.5583
002466.SZ,20151126,158.1,158.8,145.9,148.85,159.3,-10.45,-6.56,139128.91,2111097.327
002467.SZ,20151126,18.3,18.45,17.18,17.25,17.96,-0.71,-3.95,591932.28,1043374.2558
002469.SZ,20151126,17.71,17.86,17.01,17.06,17.48,-0.42,-2.4,76964.12,133225.5014
002470.SZ,20151126,21.27,21.5,20.6,20.7,21.13,-0.43,-2.04,199565.52,417993.1765
002471.SZ,20151126,11.5,12.19,11.49,11.51,11.45,0.06,0.52,1275655.79,1508044.3383
002472.SZ,20151126,31.22,31.45,30.28,30.71,31.1,-0.39,-1.25,73548.24,226075.6224
002474.SZ,20151126,21.6,23.47,21.48,22.41,21.36,1.05,4.92,620399.72,1396892.6544
002476.SZ,20151126,9.5,9.8,9.41,9.61,9.46,0.15,1.59,471380.0,452994.6531
002477.SZ,20151126,17.6,17.67,16.8,16.91,17.51,-0.6,-3.43,219647.88,377496.2926
002478.SZ,20151126,14.31,14.65,14.15,14.57,14.26,0.31,2.17,125363.25,179845.0452
002479.SZ,20151126,14.5,14.58,14.05,14.2,14.4,-0.2,-1.39,231148.93,331976.5952
002480.SZ,20151126,13.6,13.96,13.45,13.68,13.68,0.0,0.0,165632.77,226864.2222
002482.SZ,20151126,27.15,27.49,26.23,26.3,26.88,-0.58,-2.16,81544.79,216430.0504
002484.SZ,20151126,26.06,26.41,25.22,25.34,25.7,-0.36,-1.4,92443.26,238654.5416
002486.SZ,20151126,6.9,7.1,6.7,6.73,6.98,-0.25,-3.58,595401.13,408386.8951
002487.SZ,20151126,15.0,15.0,14.0,14.34,15.08,-0.74,-4.91,208965.99,305770.9605
002488.SZ,20151126,31.0,31.85,29.52,30.15,30.25,-0.1,-0.33,283365.64,867233.0597
002489.SZ,20151126,12.4,12.5,12.03,12.1,12.44,-0.34,-2.73,1924819.8,2349580.2229
002490.SZ,20151126,10.86,10.95,10.35,10.37,10.84,-0.47,-4.34,233848.09,246898.9478
002491.SZ,20151126,19.48,21.36,18.97,21.36,19.42,1.94,9.99,791965.36,1623750.1852
002492.SZ,20151126,15.37,15.85,14.82,14.9,15.14,-0.24,-1.59,154089.31,238183.8543
002493.SZ,20151126,14.57,15.1,14.3,14.66,14.48,0.18,1.24,121797.96,179533.2023
002494.SZ,20151126,25.13,25.25,23.43,23.52,24.74,-1.22,-4.93,175235.58,426576.0661
002495.SZ,20151126,7.79,7.84,7.6,7.64,7.74,-0.1,-1.29,207153.03,159065.6431
002496.SZ,20151126,27.0,28.85,26.6,27.16,27.19,-0.03,-0.11,226296.76,622332.9023
002497.SZ,20151126,9.75,10.07,9.62,9.84,9.72,0.12,1.23,539121.94,530421.3407
002498.SZ,20151126,8.39,8.6,8.2,8.24,8.47,-0.23,-2.72,1376910.49,1155229.3744
002499.SZ,20151126,28.59,28.9,27.7,27.7,28.28,-0.58,-2.05,104729.56,296037.3896
002500.SZ,20151126,16.71,17.6,16.43,16.5,16.43,0.07,0.43,1226430.0,2079881.7051
002501.SZ,20151126,13.48,13.48,13.07,13.11,13.34,-0.23,-1.72,448101.69,594661.3486
002503.SZ,20151126,16.78,17.38,15.95,15.97,16.71,-0.74,-4.43,119588.6,194724.1013
002504.SZ,20151126,31.96,34.88,31.12,33.45,32.34,1.11,3.43,247400.07,821072.3601
002505.SZ,20151126,7.36,7.5,7.22,7.27,7.36,-0.09,-1.22,300023.99,220356.8736
002506.SZ,20151126,14.43,14.82,14.2,14.28,14.34,-0.06,-0.42,1040658.68,1502167.3444
002507.SZ,20151126,20.32,20.34,19.72,19.86,20.23,-0.37,-1.83,60359.76,120699.928
002508.SZ,20151126,40.0,40.2,39.66,39.94,39.9,0.04,0.1,40566.17,162055.9616
002509.SZ,20151126,18.5,19.13,18.1,18.11,18.4,-0.29,-1.58,203482.03,376359.3449
002510.SZ,20151126,15.22,15.5,14.69,14.77,15.23,-0.46,-3.02,208748.42,314695.1615
002511.SZ,20151126,11.2,11.26,10.86,10.92,11.14,-0.22,-1.97,110399.17,121467.1507
002512.SZ,20151126,21.84,21.85,21.2,21.6,21.9,-0.3,-1.37,151815.94,325134.3326
002513.SZ,20151126,18.75,20.4,18.75,20.17,18.75,1.42,7.57,99994.76,195405.8022
002515.SZ,20151126,21.88,22.5,21.56,21.8,22.3,-0.5,-2.24,162083.36,355443.2287
002516.SZ,20151126,15.49,16.28,15.43,15.85,15.4,0.45,2.92,266761.76,421692.1435
002517.SZ,20151126,62.0,64.0,60.3,61.83,62.26,-0.43,-0.69,47983.56,296877.8432
002518.SZ,20151126,36.79,37.58,35.67,36.66,36.3,0.36,0.99,70290.64,259004.0351
002519.SZ,20151126,26.31,28.0,26.0,27.81,26.43,1.38,5.22,201184.51,543624.2139
002520.SZ,20151126,30.7,30.8,29.36,29.71,29.85,-0.14,-0.47,133966.05,404110.785
002521.SZ,20151126,12.43,12.47,12.1,12.2,12.39,-0.19,-1.53,212721.43,260775.2036
002523.SZ,20151126,9.26,9.26,8.97,9.0,9.23,-0.23,-2.49,130873.87,119154.2684
002524.SZ,20151126,9.0,9.3,9.0,9.04,9.05,-0.01,-0.11,232217.91,211332.846
002526.SZ,20151126,11.62,12.5,11.47,12.05,11.65,0.4,3.43,538618.45,639338.6685
002527.SZ,20151126,25.95,26.15,25.11,25.18,25.94,-0.76,-2.93,155279.38,396442.1625
002528.SZ,20151126,15.19,15.75,14.75,15.51,15.33,0.18,1.17,286795.05,435257.0112
002529.SZ,20151126,27.6,27.87,26.5,26.69,27.76,-1.07,-3.85,108004.64,292703.8256
002531.SZ,20151126,13.99,14.08,13.41,13.48,13.87,-0.39,-2.81,107427.77,146743.4199
002532.SZ,20151126,16.17,16.23,15.5,15.56,16.05,-0.49,-3.05,84267.64,133244.0148
002533.SZ,20151126,10.17,10.28,9.88,9.88,10.17,-0.29,-2.85,204988.13,205849.6434
002534.SZ,20151126,16.42,16.57,15.89,15.99,16.43,-0.44,-2.68,65598.22,105869.8724
002535.SZ,20151126,13.27,13.28,12.58,12.6,13.07,-0.47,-3.6,280883.26,360672.2856
002536.SZ,20151126,75.0,78.33,73.66,78.33,71.21,7.12,10.0,153862.37,1176775.8582
002538.SZ,20151126,13.8,13.88,13.41,13.47,13.75,-0.28,-2.04,203753.14,276293.3876
002539.SZ,20151126,15.6,15.86,15.28,15.28,15.46,-0.18,-1.16,158263.66,245124.9993
002540.SZ,20151126,10.45,10.64,10.15,10.3,10.41,-0.11,-1.06,338163.92,352034.4495
002541.SZ,20151126,20.58,21.25,20.39,20.58,20.48,0.1,0.49,78020.94,162759.3897
002542.SZ,20151126,13.7,14.74,13.45,14.6,13.4,1.2,8.96,213714.05,298454.4332
002543.SZ,20151126,18.81,18.98,17.99,18.07,18.44,-0.37,-2.01,96817.38,178974.3354
002546.SZ,20151126,28.03,28.45,27.39,27.55,28.23,-0.68,-2.41,31897.74,88552.7726
002547.SZ,20151126,12.9,13.66,12.85,13.12,12.97,0.15,1.16,426393.6,566440.5944
002548.SZ,20151126,18.0,18.67,17.9,17.99,18.54,-0.55,-2.97,108954.78,197863.6732
002549.SZ,20151126,14.34,15.09,13.9,14.05,14.38,-0.33,-2.29,211744.6,307177.2177
002550.SZ,20151126,24.2,24.2,23.19,23.38,24.07,-0.69,-2.87,177562.1,418017.2359
002551.SZ,20151126,31.38,32.84,30.8,32.8,31.38,1.42,4.53,230860.58,739656.7896
002552.SZ,20151126,18.79,18.9,17.58,17.79,18.0,-0.21,-1.17,74677.34,134179.3298
002553.SZ,20151126,14.41,14.44,14.07,14.14,14.4,-0.26,-1.81,165205.98,234836.869
002554.SZ,20151126,14.18,14.2,13.8,13.84,14.29,-0.45,-3.15,151036.98,210362.1408
002555.SZ,20151126,57.8,58.1,55.01,55.11,57.55,-2.44,-4.24,223735.27,1255184.2
002556.SZ,20151126,20.9,21.77,20.51,20.86,20.9,-0.04,-0.19,417067.41,878709.5862
002557.SZ,20151126,18.38,18.49,17.51,17.66,18.19,-0.53,-2.91,60423.43,108258.9422
002558.SZ,20151126,99.34,99.34,99.34,99.34,90.31,9.03,10.0,1061.66,10546.5304
002559.SZ,20151126,18.2,18.26,17.5,17.59,18.2,-0.61,-3.35,158756.69,283128.0349
002560.SZ,20151126,37.3,37.3,35.53,36.0,36.96,-0.96,-2.6,83864.38,304503.8266
002561.SZ,20151126,15.8,16.27,15.74,15.91,15.81,0.1,0.63,126889.05,202843.0058
002562.SZ,20151126,24.1,24.36,22.75,22.8,23.82,-1.02,-4.28,47999.77,112193.2988
002563.SZ,20151126,13.57,13.6,13.12,13.29,13.54,-0.25,-1.85,193334.76,257783.9141
002564.SZ,20151126,10.67,11.14,10.46,10.8,10.59,0.21,1.98,490272.88,532912.2296
002565.SZ,20151126,11.75,11.8,11.36,11.64,11.63,0.01,0.09,267740.95,310616.4686
002566.SZ,20151126,17.36,17.62,17.11,17.5,17.26,0.24,1.39,97544.46,169547.3879
002568.SZ,20151126,49.35,49.83,47.58,47.93,49.34,-1.41,-2.86,110975.93,536511.3125
002569.SZ,20151126,31.78,34.89,31.76,33.7,32.28,1.42,4.4,26761.84,89695.0671
002570.SZ,20151126,16.48,16.48,15.86,15.91,16.26,-0.35,-2.15,310587.78,501615.7345
002571.SZ,20151126,17.19,17.95,16.95,17.63,17.19,0.44,2.56,239216.41,415851.6384
002572.SZ,20151126,42.0,42.0,40.0,40.35,41.98,-1.63,-3.88,51142.18,208302.3594
002573.SZ,20151126,24.3,24.48,23.5,23.55,24.11,-0.56,-2.32,194567.73,465070.6742
002574.SZ,20151126,17.7,18.25,17.18,17.63,17.78,-0.15,-0.84,338339.41,603290.17
002576.SZ,20151126,29.4,30.98,28.79,29.38,29.59,-0.21,-0.71,102041.85,302593.7566
002577.SZ,20151126,60.25,60.57,58.15,58.5,60.22,-1.72,-2.86,67879.01,401788.7139
002578.SZ,20151126,9.86,10.61,9.73,10.16,9.86,0.3,3.04,208204.96,211156.1995
002579.SZ,20151126,15.21,15.34,14.7,14.75,15.25,-0.5,-3.28,162459.8,242343.302
002580.SZ,20151126,20.7,20.7,19.45,19.62,20.18,-0.56,-2.78,120812.94,241516.514
002581.SZ,20151126,35.38,38.61,35.13,38.61,35.1,3.51,10.0,131639.51,491403.6954
002583.SZ,20151126,12.7,12.85,12.25,12.33,12.7,-0.37,-2.91,272062.55,338657.4195
002584.SZ,20151126,47.58,48.49,46.64,46.9,47.42,-0.52,-1.1,26283.14,124802.9948
002585.SZ,20151126,12.71,13.19,12.65,12.68,12.65,0.03,0.24,269337.95,347886.0109
002586.SZ,20151126,9.56,9.74,9.08,9.22,9.5,-0.28,-2.95,461212.63,435282.3262
002587.SZ,20151126,16.6,17.96,16.31,17.09,16.73,0.36,2.15,143774.88,248333.5543
002588.SZ,20151126,32.02,32.25,30.91,31.4,32.39,-0.99,-3.06,50737.9,160929.5681
002589.SZ,20151126,40.0,41.0,39.27,39.5,40.0,-0.5,-1.25,93225.1,374590.1323
002590.SZ,20151126,20.85,22.52,20.5,20.75,20.47,0.28,1.37,251648.4,537760.1086
002591.SZ,20151126,15.87,16.39,15.3,15.35,15.87,-0.52,-3.28,97657.65,155023.7874
002592.SZ,20151126,45.56,49.64,45.21,49.64,45.13,4.51,9.99,141423.88,678510.7173
002593.SZ,20151126,37.59,37.9,35.77,36.96,36.89,0.07,0.19,58838.8,215184.766
002594.SZ,20151126,65.5,65.7,63.68,63.73,65.12,-1.39,-2.13,156347.91,1009955.2891
002595.SZ,20151126,23.5,23.7,23.08,23.09,23.46,-0.37,-1.58,30787.13,71704.7947
002596.SZ,20151126,26.8,26.99,25.38,25.79,26.75,-0.96,-3.59,72956.16,190017.3028
002597.SZ,20151126,12.29,12.41,11.81,11.85,12.28,-0.43,-3.5,169904.59,205202.549
002598.SZ,20151126,12.5,13.0,12.43,12.62,12.47,0.15,1.2,99081.62,125935.0681
002599.SZ,20151126,39.22,42.94,38.55,40.2,39.22,0.98,2.5,38277.34,155961.5563
002600.SZ,20151126,10.99,11.15,10.5,10.51,10.99,-0.48,-4.37,333212.03,359736.6695
002601.SZ,20151126,36.99,37.5,35.89,36.45,36.73,-0.28,-0.76,86406.16,317597.656
002606.SZ,20151126,17.5,19.11,17.38,18.6,17.55,1.05,5.98,176781.81,325989.9484
002607.SZ,20151126,14.2,15.62,14.02,15.62,14.2,1.42,10.0,254667.96,384412.6631
002609.SZ,20151126,23.6,24.36,22.8,22.89,23.5,-0.61,-2.6,252550.64,595023.2797
002610.SZ,20151126,14.08,14.16,13.38,13.41,13.84,-0.43,-3.11,383914.55,524702.1726
002611.SZ,20151126,15.64,15.65,14.81,14.89,15.52,-0.63,-4.06,136082.4,206105.4794
002612.SZ,20151126,66.0,66.0,58.5,61.0,60.84,0.16,0.26,179473.3,1116296.591
002613.SZ,20151126,7.84,7.85,7.62,7.65,7.85,-0.2,-2.55,134655.19,103951.9784
002614.SZ,20151126,20.0,20.27,19.51,19.55,20.39,-0.84,-4.12,284588.69,563654.7327
002615.SZ,20151126,22.3,22.91,21.86,21.96,21.95,0.01,0.05,82409.04,184372.325
002616.SZ,20151126,27.6,28.77,27.13,27.91,27.54,0.37,1.34,99370.89,276593.3261
002617.SZ,20151126,22.0,22.47,21.2,21.25,21.97,-0.72,-3.28,72727.0,158310.8095
002618.SZ,20151126,45.1,46.8,44.0,45.19,45.6,-0.41,-0.9,47150.93,213500.8814
002620.SZ,20151126,46.67,50.0,45.1,48.4,46.09,2.31,5.01,88798.63,420416.0903
002621.SZ,20151126,23.76,23.77,23.31,23.33,23.68,-0.35,-1.48,28932.43,67790.0768
002623.SZ,20151126,46.25,49.28,45.48,48.13,47.25,0.88,1.86,133177.78,631173.5615
002625.SZ,20151126,70.0,74.99,69.52,71.08,70.7,0.38,0.54,110839.74,800715.0572
002626.SZ,20151126,14.05,14.67,13.92,14.21,13.92,0.29,2.08,111275.59,160126.8627
002627.SZ,20151126,26.8,26.99,26.2,26.65,26.94,-0.29,-1.08,27167.67,72323.9671
002628.SZ,20151126,7.61,7.64,7.4,7.42,7.59,-0.17,-2.24,150318.22,112467.3241
002630.SZ,20151126,13.79,13.8,13.22,13.25,13.65,-0.4,-2.93,134799.0,181593.5857
002631.SZ,20151126,27.75,29.95,27.6,29.07,27.3,1.77,6.48,219434.41,629911.8623
002632.SZ,20151126,23.89,24.79,23.5,23.56,22.54,1.02,4.53,280700.07,680456.9653
002634.SZ,20151126,35.92,40.38,35.7,40.38,36.71,3.67,10.0,91576.92,354565.5058
002635.SZ,20151126,28.48,29.0,27.32,27.52,28.13,-0.61,-2.17,86074.25,240710.5717
002637.SZ,20151126,25.0,26.8,24.92,26.42,25.69,0.73,2.84,181734.44,472473.1053
002640.SZ,20151126,36.4,39.76,35.8,38.71,36.4,2.31,6.35,267047.24,1026551.3953
002641.SZ,20151126,10.76,11.0,10.54,10.55,10.9,-0.35,-3.21,89659.84,96097.672
002642.SZ,20151126,57.8,59.29,55.8,56.7,55.61,1.09,1.96,215803.45,1240535.419
002643.SZ,20151126,38.5,38.7,36.68,36.89,37.8,-0.91,-2.41,46725.35,173897.8549
002644.SZ,20151126,18.0,18.1,17.35,17.46,17.91,-0.45,-2.51,97075.3,171413.7794
002645.SZ,20151126,24.0,25.96,23.8,25.18,24.07,1.11,4.61,81144.95,202817.2963
002646.SZ,20151126,23.69,23.77,23.0,23.19,23.65,-0.46,-1.95,52372.37,122505.3573
002648.SZ,20151126,11.01,11.1,10.81,10.89,10.97,-0.08,-0.73,135891.67,149080.8755
002649.SZ,20151126,60.45,60.46,57.66,57.95,60.22,-2.27,-3.77,100546.55,595284.4958
002650.SZ,20151126,7.53,7.86,7.49,7.51,7.49,0.02,0.27,544332.4,417416.1243
002651.SZ,20151126,15.8,15.87,15.3,15.42,15.7,-0.28,-1.78,154567.03,239981.4075
002653.SZ,20151126,23.68,24.09,23.45,23.5,23.68,-0.18,-0.76,41236.58,98112.0288
002654.SZ,20151126,37.5,40.28,37.1,39.66,37.2,2.46,6.61,111491.95,439490.8799
002656.SZ,20151126,23.2,23.42,22.01,22.27,23.15,-0.88,-3.8,40198.64,91657.2839
002657.SZ,20151126,101.2,101.55,92.8,93.75,99.98,-6.23,-6.23,166156.43,1608122.6713
002658.SZ,20151126,29.95,30.0,28.37,28.49,29.35,-0.86,-2.93,117528.57,339564.1008
002659.SZ,20151126,28.4,28.4,27.48,27.49,27.95,-0.46,-1.65,57639.51,160231.9531
002660.SZ,20151126,15.17,15.28,14.55,14.66,15.05,-0.39,-2.59,139507.23,207308.8286
002661.SZ,20151126,52.8,56.0,52.3,52.9,53.2,-0.3,-0.56,28285.4,152972.7309
002662.SZ,20151126,16.2,16.29,15.87,15.94,16.26,-0.32,-1.97,108120.82,173627.6663
002663.SZ,20151126,8.93,9.2,8.93,8.97,8.95,0.02,0.22,438665.38,397499.3537
002664.SZ,20151126,31.6,31.86,30.0,30.39,31.39,-1.0,-3.19,70861.74,218417.2365
002666.SZ,20151126,13.1,13.5,12.58,12.62,13.05,-0.43,-3.3,178834.02,233152.8513
002667.SZ,20151126,26.17,26.17,26.17,26.17,23.79,2.38,10.0,599.34,1568.4728
002668.SZ,20151126,125.5,128.98,109.44,109.44,118.25,-8.81,-7.45,99043.48,1170032.4878
002669.SZ,20151126,32.57,32.95,31.6,31.65,33.0,-1.35,-4.09,46007.31,147932.3327
002670.SZ,20151126,40.05,44.76,40.05,41.91,40.7,1.21,2.97,281075.27,1183777.6647
002671.SZ,20151126,20.1,20.77,19.2,19.53,20.42,-0.89,-4.36,236481.29,472185.3919
002672.SZ,20151126,22.45,22.46,21.7,21.75,22.24,-0.49,-2.2,201308.71,442322.0761
002673.SZ,20151126,39.05,40.2,37.49,37.75,38.64,-0.89,-2.3,1050586.8,4069498.0576
002674.SZ,20151126,17.95,18.62,17.66,17.73,18.1,-0.37,-2.04,85629.06,156332.6833
002675.SZ,20151126,50.56,54.6,50.1,51.81,50.97,0.84,1.65,60537.87,320082.9036
002676.SZ,20151126,43.99,46.5,42.1,42.69,43.05,-0.36,-0.84,40206.0,176812.7784
002677.SZ,20151126,23.02,23.96,22.58,23.2,23.55,-0.35,-1.49,219054.5,506834.2287
002678.SZ,20151126,16.4,16.4,15.72,15.78,16.23,-0.45,-2.77,91130.31,145701.6755
002679.SZ,20151126,24.5,24.8,23.71,23.78,24.54,-0.76,-3.1,46455.9,112137.7816
002680.SZ,20151126,48.2,50.74,47.3,48.99,48.52,0.47,0.97,46871.12,230899.6693
002681.SZ,20151126,46.01,46.48,44.0,44.49,47.5,-3.01,-6.34,341707.25,1540963.2526
002682.SZ,20151126,17.46,18.17,17.2,17.65,17.42,0.23,1.32,221767.64,392038.8618
002684.SZ,20151126,30.8,31.2,29.43,29.45,30.38,-0.93,-3.06,103460.71,310444.0343
002685.SZ,20151126,10.65,11.13,10.65,10.81,10.65,0.16,1.5,263358.59,287539.1189
002686.SZ,20151126,20.0,21.11,19.71,20.15,20.25,-0.1,-0.49,200669.93,409504.9714
002687.SZ,20151126,14.1,15.71,14.08,15.71,14.28,1.43,10.01,123820.54,192483.4656
002688.SZ,20151126,22.5,22.67,21.8,21.96,22.69,-0.73,-3.22,76897.25,170654.3555
002689.SZ,20151126,12.19,12.19,11.78,11.78,12.09,-0.31,-2.56,112017.72,133419.041
002690.SZ,20151126,35.52,35.98,34.21,34.24,35.4,-1.16,-3.28,43287.36,151136.1974
002691.SZ,20151126,21.03,22.22,21.03,21.75,21.42,0.33,1.54,38731.29,84410.2443
002692.SZ,20151126,18.98,19.93,18.64,19.56,18.98,0.58,3.06,80218.29,154979.5976
002693.SZ,20151126,15.61,17.38,15.55,16.6,15.8,0.8,5.06,202711.77,340408.8012
002694.SZ,20151126,14.75,15.37,14.6,14.85,14.52,0.33,2.27,182635.08,274553.3108
002695.SZ,20151126,36.8,38.09,36.42,36.51,36.9,-0.39,-1.06,49473.09,184434.1435
002696.SZ,20151126,24.0,24.47,23.53,23.64,24.12,-0.48,-1.99,52436.16,124765.3908
002697.SZ,20151126,8.29,8.3,8.03,8.03,8.26,-0.23,-2.78,289550.31,235265.6788
002698.SZ,20151126,34.55,34.58,33.42,33.47,34.59,-1.12,-3.24,128420.43,434530.5089
002699.SZ,20151126,59.15,59.58,55.1,55.66,58.08,-2.42,-4.17,103486.34,592928.53
002700.SZ,20151126,14.75,14.78,14.11,14.15,14.7,-0.55,-3.74,76353.35,110194.1345
002701.SZ,20151126,31.0,31.0,29.35,29.35,30.25,-0.9,-2.98,136242.32,405139.9949
002702.SZ,20151126,30.67,32.0,29.0,29.02,31.0,-1.98,-6.39,450484.21,1363457.3015
002703.SZ,20151126,40.37,40.65,39.21,39.66,40.37,-0.71,-1.76,19404.76,77472.0061
002705.SZ,20151126,20.35,20.49,19.61,19.68,20.25,-0.57,-2.81,68152.92,136277.6052
002706.SZ,20151126,66.1,66.5,63.21,63.21,65.86,-2.65,-4.02,27119.13,175961.3697
002708.SZ,20151126,19.67,20.8,19.31,19.81,19.8,0.01,0.05,455327.13,917149.602
002709.SZ,20151126,73.0,76.0,69.68,70.6,74.34,-3.74,-5.03,50021.38,361104.2615
002711.SZ,20151126,41.69,41.69,38.15,38.37,37.9,0.47,1.24,294347.35,1182811.8379
002712.SZ,20151126,107.45,111.98,100.76,103.5,108.58,-5.08,-4.68,22914.64,242932.2499
002713.SZ,20151126,29.8,30.4,28.8,29.0,30.3,-1.3,-4.29,32380.23,95322.3547
002714.SZ,20151126,59.8,60.45,57.75,57.89,60.71,-2.82,-4.65,65776.17,386688.8778
002715.SZ,20151126,36.7,38.35,36.12,37.31,36.97,0.34,0.92,74459.22,276545.1477
002716.SZ,20151126,13.27,13.85,12.83,13.09,13.5,-0.41,-3.04,350222.87,463472.3156
002717.SZ,20151126,34.7,35.34,33.43,34.03,32.13,1.9,5.91,251339.87,873421.7578
002718.SZ,20151126,60.15,61.72,58.7,58.7,60.08,-1.38,-2.3,14896.87,89556.4924
002722.SZ,20151126,37.02,37.77,35.71,36.39,36.92,-0.53,-1.44,88713.83,326374.7814
002723.SZ,20151126,26.35,26.39,25.25,25.4,26.15,-0.75,-2.87,72394.69,186188.1997
002724.SZ,20151126,26.6,26.6,25.55,25.6,26.72,-1.12,-4.19,62889.51,164004.367
002725.SZ,20151126,24.29,24.57,23.18,23.79,24.3,-0.51,-2.1,36239.12,87196.6912
002726.SZ,20151126,15.96,16.02,15.22,15.41,15.85,-0.44,-2.78,97628.95,152440.7695
002727.SZ,20151126,67.5,69.88,67.01,68.0,67.8,0.2,0.3,38417.24,262290.722
002728.SZ,20151126,31.82,32.0,30.65,30.96,31.9,-0.94,-2.95,46397.37,145438.8414
002729.SZ,20151126,66.11,67.55,64.64,65.67,66.6,-0.93,-1.4,12024.21,79831.8194
002731.SZ,20151126,33.11,34.12,32.9,32.92,33.15,-0.23,-0.69,47206.98,158723.155
002732.SZ,20151126,37.6,38.55,36.61,36.93,37.59,-0.66,-1.76,42606.74,160452.983
002733.SZ,20151126,23.85,24.23,23.68,23.68,23.88,-0.2,-0.84,76068.79,182088.3528
002734.SZ,20151126,35.24,35.5,33.75,33.95,35.2,-1.25,-3.55,52585.87,182278.784
002735.SZ,20151126,46.26,49.74,46.26,47.78,46.23,1.55,3.35,40654.78,196038.0168
002736.SZ,20151126,22.19,22.82,21.5,21.62,21.84,-0.22,-1.01,490869.63,1087364.5025
002737.SZ,20151126,52.8,53.38,52.0,52.01,52.58,-0.57,-1.08,55599.59,293075.2283
002738.SZ,20151126,40.0,41.49,39.7,40.1,39.93,0.17,0.43,37754.11,152836.4224
002739.SZ,20151126,107.41,108.18,104.5,104.81,107.36,-2.55,-2.38,56870.1,602452.1037
002740.SZ,20151126,52.26,54.5,51.6,51.7,52.26,-0.56,-1.07,24939.65,131945.6701
002741.SZ,20151126,40.3,42.78,39.1,40.95,40.14,0.81,2.02,403166.47,1645493.7687
002742.SZ,20151126,37.49,38.68,37.08,37.54,38.05,-0.51,-1.34,43178.06,163955.5119
002743.SZ,20151126,34.0,36.92,33.85,35.09,33.92,1.17,3.45,84088.96,297705.991
002745.SZ,20151126,42.16,42.95,41.17,41.55,42.17,-0.62,-1.47,40784.32,171750.8106
002746.SZ,20151126,38.11,38.59,36.69,37.03,38.59,-1.56,-4.04,33328.38,125514.8198
002747.SZ,20151126,77.77,78.76,75.6,75.8,77.77,-1.97,-2.53,29110.3,224252.2288
002748.SZ,20151126,37.01,38.31,36.9,36.91,37.15,-0.24,-0.65,25783.39,96838.072
002749.SZ,20151126,106.23,112.9,105.0,106.49,107.37,-0.88,-0.82,21661.78,235492.4036
002750.SZ,20151126,46.75,48.5,46.0,46.46,46.92,-0.46,-0.98,115885.62,547045.6766
002751.SZ,20151126,158.94,170.79,147.0,151.0,163.08,-12.08,-7.41,146596.78,2320076.7009
002752.SZ,20151126,38.16,40.0,38.0,38.71,38.15,0.56,1.47,97354.81,379967.6022
002753.SZ,20151126,46.03,47.88,45.33,45.52,46.32,-0.8,-1.73,33385.63,155753.2955
002755.SZ,20151126,42.01,43.7,41.6,41.67,42.5,-0.83,-1.95,38318.4,163351.8698
002756.SZ,20151126,56.81,59.2,56.67,57.38,57.3,0.08,0.14,51150.79,296133.5137
002757.SZ,20151126,50.24,52.25,46.48,50.5,50.97,-0.47,-0.92,41031.33,206899.1975
002758.SZ,20151126,106.28,112.17,98.81,101.2,108.5,-7.3,-6.73,31050.91,327919.6815
002759.SZ,20151126,45.9,47.98,45.51,45.95,45.91,0.04,0.09,42215.61,198144.2571
002760.SZ,20151126,48.51,51.2,48.32,50.0,49.0,1.0,2.04,38623.99,192091.9914
002761.SZ,20151126,38.41,39.9,37.76,37.91,38.4,-0.49,-1.28,43430.28,168800.93
002762.SZ,20151126,79.0,81.86,77.67,80.45,78.7,1.75,2.22,18752.98,150340.6181
002763.SZ,20151126,44.5,46.99,44.0,44.62,44.36,0.26,0.59,59637.89,270782.5469
002765.SZ,20151126,32.66,33.55,32.13,32.26,32.64,-0.38,-1.16,68425.47,224851.9585
002766.SZ,20151126,42.69,45.5,42.3,42.37,43.63,-1.26,-2.89,100343.39,437111.6144
002767.SZ,20151126,45.78,47.45,45.0,45.49,45.8,-0.31,-0.68,43926.56,203769.7031
002768.SZ,20151126,63.0,65.48,61.5,63.11,62.8,0.31,0.49,38873.54,247035.2433
002769.SZ,20151126,97.0,107.92,96.0,107.0,98.11,8.89,9.06,72427.42,756898.4841
002771.SZ,20151126,143.7,144.15,131.0,132.97,140.81,-7.84,-5.57,43030.65,591286.013
002772.SZ,20151126,48.0,52.26,48.0,49.96,47.51,2.45,5.16,127505.75,652020.1414
002773.SZ,20151126,88.9,91.8,88.2,88.88,88.88,0.0,0.0,26742.4,240722.0726
002775.SZ,20151126,58.99,64.59,58.5,59.49,58.72,0.77,1.31,66470.48,408867.6828
002776.SZ,20151126,70.25,73.8,68.3,69.58,70.2,-0.62,-0.88,25721.28,182459.5562
300001.SZ,20151126,32.17,32.28,30.53,30.68,32.16,-1.48,-4.6,295422.82,925957.8896
300002.SZ,20151126,14.16,14.22,13.57,13.63,14.15,-0.52,-3.67,585904.99,808124.5507
300003.SZ,20151126,43.36,43.56,42.24,42.75,43.03,-0.28,-0.65,66451.94,284306.9005
300004.SZ,20151126,30.0,30.29,28.98,28.99,29.96,-0.97,-3.24,84799.09,249626.9202
300005.SZ,20151126,26.28,26.47,25.0,25.07,25.55,-0.48,-1.88,191798.82,494048.8333
300006.SZ,20151126,35.02,35.52,34.26,34.6,35.0,-0.4,-1.14,84078.96,293943.5867
300007.SZ,20151126,37.04,37.25,35.41,35.49,36.49,-1.0,-2.74,73696.13,264864.806
300008.SZ,20151126,25.6,27.1,25.02,26.49,25.6,0.89,3.48,112132.75,293379.1714
300009.SZ,20151126,36.3,38.42,35.3,35.99,35.98,0.01,0.03,118234.08,438193.2748
300010.SZ,20151126,38.0,38.8,36.9,37.08,38.17,-1.09,-2.86,260034.29,986047.6505
300011.SZ,20151126,32.61,32.87,31.17,31.17,32.26,-1.09,-3.38,151340.36,482122.7606
300012.SZ,20151126,29.0,30.6,28.0,28.05,28.65,-0.6,-2.09,156604.34,455786.481
300013.SZ,20151126,23.45,23.68,22.62,22.71,23.1,-0.39,-1.69,158578.2,368650.6624
300014.SZ,20151126,32.0,32.85,30.81,31.46,31.79,-0.33,-1.04,358450.62,1137623.3243
300015.SZ,20151126,33.15,33.24,32.1,32.21,33.12,-0.91,-2.75,65081.95,211948.3547
300017.SZ,20151126,63.05,63.25,61.1,61.38,63.01,-1.63,-2.59,135770.54,842755.4042
300018.SZ,20151126,37.79,40.66,37.51,38.76,37.29,1.47,3.94,90600.45,355937.282
300019.SZ,20151126,17.63,18.0,17.15,17.2,17.72,-0.52,-2.93,75549.6,131548.4941
300021.SZ,20151126,16.99,16.99,16.16,16.22,16.99,-0.77,-4.53,144554.88,239434.6144
300022.SZ,20151126,11.04,11.29,10.75,10.97,10.95,0.02,0.18,319493.2,351251.087
300023.SZ,20151126,37.5,38.1,35.75,35.97,37.43,-1.46,-3.9,32180.55,118897.5482
300024.SZ,20151126,83.98,84.3,80.9,80.92,83.9,-2.98,-3.55,243721.02,1995892.3575
300026.SZ,20151126,20.95,21.16,20.61,20.81,20.77,0.04,0.19,165601.33,345688.1158
300027.SZ,20151126,41.29,41.49,39.5,39.8,41.14,-1.34,-3.26,466599.26,1881873.2501
300029.SZ,20151126,14.7,15.65,14.47,14.99,14.65,0.34,2.32,139873.66,210690.1119
300031.SZ,20151126,36.5,37.95,33.8,34.47,35.64,-1.17,-3.28,248193.68,890540.8969
300032.SZ,20151126,31.66,33.45,31.2,31.81,31.69,0.12,0.38,288311.05,928944.7321
300033.SZ,20151126,95.0,95.14,86.06,86.32,91.31,-4.99,-5.46,373258.37,3378611.7065
300034.SZ,20151126,30.35,32.24,30.0,31.37,30.39,0.98,3.22,170094.13,528226.7169
300035.SZ,20151126,14.9,15.4,14.68,14.85,14.85,0.0,0.0,97200.17,146469.5292
300037.SZ,20151126,46.1,49.08,45.2,46.75,46.76,-0.01,-0.02,88722.4,415046.5268
300038.SZ,20151126,47.85,50.84,47.2,50.84,46.22,4.62,10.0,50031.48,247630.7801
300039.SZ,20151126,14.51,14.56,13.94,13.94,14.43,-0.49,-3.4,268148.47,380926.3764
300040.SZ,20151126,13.9,13.92,13.15,13.22,13.76,-0.54,-3.92,149429.66,200865.516
300041.SZ,20151126,27.59,27.59,26.3,26.45,27.18,-0.73,-2.69,107189.12,287714.1836
300042.SZ,20151126,40.3,43.0,39.9,41.5,40.49,1.01,2.49,69788.25,291065.8917
300043.SZ,20151126,18.06,18.22,16.85,17.06,17.74,-0.68,-3.83,413868.37,721972.1494
300044.SZ,20151126,30.1,30.18,28.8,28.8,29.96,-1.16,-3.87,162410.68,476344.2787
300045.SZ,20151126,23.5,24.25,23.0,24.01,23.99,0.02,0.08,224179.44,525642.4814
300046.SZ,20151126,25.6,28.34,25.01,28.34,25.76,2.58,10.02,234733.69,629908.2675
300047.SZ,20151126,26.94,29.9,26.94,28.32,27.28,1.04,3.81,187142.8,531960.761
300048.SZ,20151126,18.03,19.1,17.6,17.97,18.02,-0.05,-0.28,310873.77,571803.7556
300049.SZ,20151126,34.9,34.97,33.22,33.45,34.33,-0.88,-2.56,105111.6,356358.9608
300050.SZ,20151126,39.18,40.45,36.61,38.2,38.93,-0.73,-1.88,79287.63,305681.8778
300051.SZ,20151126,22.55,22.64,21.1,21.24,22.47,-1.23,-5.47,255621.88,556939.5627
300052.SZ,20151126,31.91,32.88,31.51,32.06,31.76,0.3,0.94,230422.74,740456.5251
300053.SZ,20151126,44.01,47.3,43.01,45.43,44.1,1.33,3.02,204435.17,925719.7879
300055.SZ,20151126,25.78,25.8,24.29,24.43,25.45,-1.02,-4.01,346500.21,865566.2781
300056.SZ,20151126,23.92,24.05,22.72,22.81,23.74,-0.93,-3.92,197110.2,460459.7309
300057.SZ,20151126,17.9,18.18,17.62,18.0,17.99,0.01,0.06,92794.08,166423.6745
300058.SZ,20151126,16.71,17.14,16.18,16.35,16.71,-0.36,-2.15,845762.5,1403863.2372
300059.SZ,20151126,65.4,66.0,61.8,61.86,65.4,-3.54,-5.41,891141.74,5643947.5374
300063.SZ,20151126,40.98,41.38,40.05,40.1,40.82,-0.72,-1.76,24034.27,97349.6327
300064.SZ,20151126,14.9,15.3,14.6,14.66,14.8,-0.14,-0.95,212312.57,318432.6417
300066.SZ,20151126,14.85,16.28,14.7,15.51,14.81,0.7,4.73,202835.12,315040.1041
300067.SZ,20151126,11.15,11.89,10.88,11.49,11.13,0.36,3.23,328153.09,374447.1211
300068.SZ,20151126,20.48,20.85,20.0,20.03,20.33,-0.3,-1.48,257115.28,527487.5714
300070.SZ,20151126,53.4,53.54,51.71,51.95,53.3,-1.35,-2.53,55816.29,293273.7757
300071.SZ,20151126,13.85,13.99,13.52,13.52,13.89,-0.37,-2.66,210129.4,288617.4546
300072.SZ,20151126,36.25,36.44,35.31,35.39,36.02,-0.63,-1.75,124504.06,444208.2664
300073.SZ,20151126,31.08,32.88,31.08,31.6,31.06,0.54,1.74,88181.26,282921.3779
300074.SZ,20151126,16.68,16.87,15.93,16.02,16.63,-0.61,-3.67,334361.32,545392.9974
300075.SZ,20151126,36.9,36.95,34.51,34.69,36.3,-1.61,-4.44,174166.28,616420.0445
300076.SZ,20151126,31.45,31.61,30.01,30.29,31.7,-1.41,-4.45,76145.06,234979.8237
300077.SZ,20151126,44.11,44.55,42.5,42.61,43.88,-1.27,-2.89,276501.85,1200314.0831
300078.SZ,20151126,44.45,45.48,42.5,43.13,44.45,-1.32,-2.97,65802.25,290705.5715
300079.SZ,20151126,13.18,13.3,12.66,12.67,13.4,-0.73,-5.45,1383615.68,1788847.1794
300080.SZ,20151126,10.27,10.36,9.98,10.0,10.31,-0.31,-3.01,222664.61,225819.0572
300082.SZ,20151126,8.21,8.27,8.02,8.05,8.19,-0.14,-1.71,138342.53,112182.2111
300083.SZ,20151126,45.49,46.19,43.51,44.45,44.8,-0.35,-0.78,28151.1,126480.3169
300084.SZ,20151126,12.51,12.88,12.26,12.32,12.55,-0.23,-1.83,196431.45,247486.5941
300085.SZ,20151126,60.26,63.59,59.04,59.49,59.41,0.08,0.13,577155.22,3538994.5136
300086.SZ,20151126,16.59,16.64,16.02,16.02,16.54,-0.52,-3.14,237519.38,386022.8631
300087.SZ,20151126,12.06,12.5,11.97,12.19,12.05,0.14,1.16,238238.21,291549.8535
300088.SZ,20151126,14.24,14.35,13.8,13.85,14.2,-0.35,-2.46,480088.75,672653.5865
300089.SZ,20151126,32.57,33.74,32.57,33.74,30.67,3.07,10.01,30087.34,100134.9641
300090.SZ,20151126,12.76,12.8,12.21,12.28,12.6,-0.32,-2.54,461958.28,579190.1969
300091.SZ,20151126,40.0,40.19,37.5,37.84,39.24,-1.4,-3.57,40944.08,158093.724
300095.SZ,20151126,16.0,16.45,15.21,15.4,15.79,-0.39,-2.47,226375.37,355446.2183
300096.SZ,20151126,29.85,30.18,28.18,28.3,29.28,-0.98,-3.35,309011.53,903670.2187
300097.SZ,20151126,45.01,45.27,43.2,43.36,45.23,-1.87,-4.13,47084.4,207633.8165
300098.SZ,20151126,15.42,16.59,15.09,16.05,15.19,0.86,5.66,393224.87,625850.8
300099.SZ,20151126,29.1,29.1,29.1,29.1,26.45,2.65,10.02,15457.44,44981.1504
300100.SZ,20151126,23.22,23.78,22.73,22.99,23.3,-0.31,-1.33,91349.85,213521.7064
300101.SZ,20151126,35.0,35.18,33.58,34.68,34.89,-0.21,-0.6,190222.35,652445.6672
300102.SZ,20151126,9.91,9.98,9.49,9.51,9.8,-0.29,-2.96,184437.14,179813.5459
300103.SZ,20151126,21.15,21.86,21.05,21.2,21.58,-0.38,-1.76,65178.41,139434.2129
300104.SZ,20151126,52.58,53.39,51.01,51.51,53.08,-1.57,-2.96,393085.05,2047629.5319
300105.SZ,20151126,12.47,12.76,12.37,12.6,12.46,0.14,1.12,225071.13,282772.8332
300106.SZ,20151126,20.17,20.34,19.4,19.47,20.1,-0.63,-3.13,94845.77,187773.0485
300107.SZ,20151126,8.05,8.11,7.8,7.8,8.1,-0.3,-3.7,202217.73,159927.717
300108.SZ,20151126,18.43,18.66,17.8,17.86,18.5,-0.64,-3.46,116296.57,211758.1501
300109.SZ,20151126,79.8,85.7,79.0,82.9,78.03,4.87,6.24,56467.17,462386.4098
300110.SZ,20151126,16.98,16.98,16.25,16.26,16.73,-0.47,-2.81,169247.27,279323.7201
300111.SZ,20151126,7.07,7.09,6.81,6.85,7.05,-0.2,-2.84,545926.23,379076.3047
300112.SZ,20151126,21.28,21.65,20.71,20.93,21.15,-0.22,-1.04,123687.61,261220.0483
300113.SZ,20151126,86.71,94.6,85.8,91.66,86.0,5.66,6.58,165810.19,1530569.9454
300114.SZ,20151126,55.09,60.9,52.89,57.53,55.45,2.08,3.75,45620.09,255930.8113
300115.SZ,20151126,35.92,36.28,34.68,34.9,35.92,-1.02,-2.84,72012.6,253575.3476
300116.SZ,20151126,11.15,11.5,10.85,11.2,11.14,0.06,0.54,267963.03,298154.1927
300117.SZ,20151126,11.13,11.27,10.85,11.16,11.14,0.02,0.18,113867.65,125678.1552
300118.SZ,20151126,14.62,14.71,14.15,14.18,14.53,-0.35,-2.41,201844.04,289405.5994
300119.SZ,20151126,21.71,23.29,21.71,22.17,21.9,0.27,1.23,66155.63,150396.1997
300121.SZ,20151126,13.67,13.8,13.36,13.36,13.65,-0.29,-2.12,77852.93,105564.6822
300122.SZ,20151126,35.5,35.59,34.51,34.52,35.3,-0.78,-2.21,16367.28,57382.991
300124.SZ,20151126,49.65,49.8,47.5,47.65,49.3,-1.65,-3.35,178001.83,859936.2803
300125.SZ,20151126,32.29,32.4,30.82,30.89,32.25,-1.36,-4.22,48076.4,151565.7508
300126.SZ,20151126,20.26,20.68,19.82,20.06,20.58,-0.52,-2.53,265685.02,538033.6564
300127.SZ,20151126,18.49,19.14,18.11,18.41,18.74,-0.33,-1.76,112187.5,208191.6405
300128.SZ,20151126,24.41,25.27,23.4,23.77,23.91,-0.14,-0.59,192363.02,472180.1269
300129.SZ,20151126,10.12,10.36,9.83,9.83,10.12,-0.29,-2.87,312863.91,316064.9963
300130.SZ,20151126,35.89,38.72,35.88,36.77,35.86,0.91,2.54,179335.96,667755.6431
300132.SZ,20151126,9.95,9.95,9.5,9.5,9.88,-0.38,-3.85,188757.77,182768.5615
300133.SZ,20151126,32.38,33.45,32.2,32.68,32.49,0.19,0.58,183746.59,602445.0563
300135.SZ,20151126,9.5,9.78,9.42,9.5,9.9,-0.4,-4.04,1205201.92,1154855.1361
300136.SZ,20151126,30.85,31.95,30.35,30.89,30.63,0.26,0.85,101474.38,315207.1893
300137.SZ,20151126,24.31,24.45,22.9,23.1,23.9,-0.8,-3.35,165050.71,387102.3365
300138.SZ,20151126,20.88,21.38,20.66,20.87,20.84,0.03,0.14,81100.45,170140.238
300139.SZ,20151126,19.0,19.3,18.3,18.95,19.0,-0.05,-0.26,150758.67,281875.7435
300140.SZ,20151126,28.38,28.48,26.93,27.3,28.38,-1.08,-3.81,148673.83,410283.446
300141.SZ,20151126,29.01,29.09,27.41,27.7,28.9,-1.2,-4.15,101865.35,285866.4745
300142.SZ,20151126,15.6,16.49,15.6,15.76,15.58,0.18,1.16,743870.54,1192309.0591
300144.SZ,20151126,32.98,33.56,31.0,31.05,31.67,-0.62,-1.96,196417.72,629572.534
300145.SZ,20151126,48.88,49.2,47.21,47.79,49.27,-1.48,-3.0,29910.17,143398.2664
300146.SZ,20151126,36.02,36.36,35.1,35.26,35.93,-0.67,-1.86,109543.77,388469.219
300147.SZ,20151126,26.34,26.45,24.9,25.33,26.1,-0.77,-2.95,186175.17,474062.6082
300150.SZ,20151126,16.56,17.48,16.54,16.99,16.56,0.43,2.6,345712.3,591005.6506
300151.SZ,20151126,17.53,17.53,16.9,16.95,17.45,-0.5,-2.87,193289.63,330704.2804
300152.SZ,20151126,13.98,15.28,13.8,14.51,13.9,0.61,4.39,948773.99,1388127.4393
300153.SZ,20151126,18.5,18.6,16.92,17.05,18.14,-1.09,-6.01,300092.42,530268.964
300154.SZ,20151126,15.7,15.85,15.11,15.15,15.77,-0.62,-3.93,156542.5,240605.6817
300155.SZ,20151126,20.31,20.49,19.35,19.36,20.2,-0.84,-4.16,180104.77,356702.4539
300156.SZ,20151126,56.99,59.02,54.8,56.56,56.4,0.16,0.28,98568.36,561891.3185
300157.SZ,20151126,13.7,13.7,13.08,13.08,13.54,-0.46,-3.4,264768.16,353598.3512
300158.SZ,20151126,20.61,20.74,19.88,20.24,20.58,-0.34,-1.65,89066.42,180025.8074
300159.SZ,20151126,18.47,18.99,18.06,18.25,18.19,0.06,0.33,379654.14,703128.6567
300160.SZ,20151126,36.8,37.19,35.08,35.77,36.89,-1.12,-3.04,36465.32,132122.2328
300161.SZ,20151126,38.7,39.03,37.31,37.94,38.7,-0.76,-1.96,61774.63,234508.6471
300163.SZ,20151126,14.84,15.79,14.5,15.34,14.85,0.49,3.3,596196.71,901412.2827
300164.SZ,20151126,12.0,12.06,11.61,11.65,12.01,-0.36,-3.0,161477.93,190666.3563
300165.SZ,20151126,25.78,26.04,24.56,24.75,25.61,-0.86,-3.36,137055.07,347709.7946
300166.SZ,20151126,40.01,40.5,38.6,38.79,40.01,-1.22,-3.05,73660.33,288782.7573
300167.SZ,20151126,25.1,25.7,24.52,24.8,24.73,0.07,0.28,231334.66,581070.5113
300170.SZ,20151126,22.31,22.45,21.41,21.48,22.3,-0.82,-3.68,546033.79,1194374.2477
300171.SZ,20151126,29.9,30.8,28.58,28.77,29.16,-0.39,-1.34,469174.74,1390169.6823
300172.SZ,20151126,18.85,18.97,18.0,18.08,18.63,-0.55,-2.95,156850.94,289584.5674
300173.SZ,20151126,20.5,20.53,19.39,19.4,20.43,-1.03,-5.04,153792.24,304788.0104
300174.SZ,20151126,25.6,25.87,24.98,25.03,25.6,-0.57,-2.23,48499.45,123032.8796
300175.SZ,20151126,11.5,12.38,11.04,11.87,11.25,0.62,5.51,392237.2,457788.6725
300176.SZ,20151126,29.41,29.98,28.63,28.76,29.8,-1.04,-3.49,45223.1,132422.0444
300177.SZ,20151126,22.3,22.48,21.17,21.2,22.17,-0.97,-4.38,299914.43,648270.9805
300179.SZ,20151126,9.03,9.1,8.82,8.87,9.03,-0.16,-1.77,158757.73,142120.7899
300180.SZ,20151126,16.51,16.67,16.06,16.44,16.5,-0.06,-0.36,66837.66,109323.0067
300181.SZ,20151126,12.47,12.58,12.25,12.38,12.46,-0.08,-0.64,192810.4,238952.3211
300183.SZ,20151126,29.67,30.58,29.18,29.87,29.63,0.24,0.81,167604.51,497484.7425
300184.SZ,20151126,22.2,22.22,21.3,21.3,22.25,-0.95,-4.27,256319.51,555593.2744
300185.SZ,20151126,10.21,10.46,9.94,10.2,10.2,0.0,0.0,432934.26,437457.4651
300187.SZ,20151126,46.41,47.77,44.5,45.8,45.43,0.37,0.81,45910.03,212020.3431
300190.SZ,20151126,26.26,26.28,25.25,25.25,25.98,-0.73,-2.81,78545.59,200981.2607
300191.SZ,20151126,41.8,43.96,41.08,42.17,41.57,0.6,1.44,133147.24,566791.8653
300192.SZ,20151126,15.56,15.98,15.06,15.92,15.56,0.36,2.31,134544.01,208646.3322
300193.SZ,20151126,14.85,14.93,14.25,14.28,14.83,-0.55,-3.71,270836.82,392732.1651
300195.SZ,20151126,26.79,26.93,25.8,25.81,26.69,-0.88,-3.3,92067.17,242248.963
300196.SZ,20151126,32.2,32.28,30.79,31.17,31.9,-0.73,-2.29,28818.25,90501.5158
300197.SZ,20151126,19.48,19.55,18.76,18.88,19.38,-0.5,-2.58,195467.45,372994.0654
300198.SZ,20151126,14.65,14.7,14.11,14.11,14.64,-0.53,-3.62,169202.92,244056.3886
300199.SZ,20151126,29.2,30.08,28.0,28.29,29.0,-0.71,-2.45,223267.26,648751.415
300200.SZ,20151126,17.55,17.61,17.03,17.38,17.25,0.13,0.75,110042.52,189996.6984
300201.SZ,20151126,20.1,20.32,19.28,19.48,20.42,-0.94,-4.6,299828.0,589854.9694
300202.SZ,20151126,35.8,37.76,33.75,37.75,34.33,3.42,9.96,287381.89,1047317.397
300203.SZ,20151126,38.99,38.99,37.46,37.74,38.87,-1.13,-2.91,85180.19,324381.7126
300204.SZ,20151126,37.5,38.0,36.8,37.0,38.12,-1.12,-2.94,53515.23,200193.0299
300205.SZ,20151126,23.8,24.26,22.66,22.7,23.38,-0.68,-2.91,301356.15,704963.2388
300206.SZ,20151126,29.85,30.0,28.75,29.73,29.5,0.23,0.78,115909.4,341811.1186
300207.SZ,20151126,30.0,30.98,29.73,29.92,30.19,-0.27,-0.89,251456.08,762071.9576
300210.SZ,20151126,20.75,20.77,18.8,18.82,19.3,-0.48,-2.49,87999.4,172240.9493
300211.SZ,20151126,25.8,25.8,24.56,24.64,25.69,-1.05,-4.09,55433.43,139350.7903
300212.SZ,20151126,55.91,56.44,52.98,53.1,55.66,-2.56,-4.6,99482.64,536624.052
300213.SZ,20151126,41.17,41.5,39.1,41.15,41.02,0.13,0.32,56774.16,227834.2942
300214.SZ,20151126,9.37,9.42,9.23,9.29,9.37,-0.08,-0.85,127799.28,118909.9339
300215.SZ,20151126,14.56,15.2,14.5,14.82,14.7,0.12,0.82,182780.23,270354.9905
300216.SZ,20151126,49.0,49.5,47.8,48.01,49.49,-1.48,-2.99,134999.4,655567.1911
300217.SZ,20151126,13.05,13.7,13.0,13.25,12.98,0.27,2.08,212292.04,282450.2505
300218.SZ,20151126,17.0,17.1,16.41,16.49,16.95,-0.46,-2.71,36097.82,60351.9099
300219.SZ,20151126,18.35,18.4,17.1,17.37,17.83,-0.46,-2.58,535570.41,940162.2363
300220.SZ,20151126,46.79,47.95,45.32,45.54,46.6,-1.06,-2.27,74680.92,348725.8231
300221.SZ,20151126,13.0,13.17,12.62,12.74,13.25,-0.51,-3.85,306783.58,395173.9864
300223.SZ,20151126,39.94,40.88,38.5,38.91,40.26,-1.35,-3.35,73447.99,290243.5736
300224.SZ,20151126,26.85,26.95,26.03,26.06,26.45,-0.39,-1.47,89096.02,235451.5125
300225.SZ,20151126,8.8,8.89,8.58,8.6,8.8,-0.2,-2.27,188130.12,163962.3894
300226.SZ,20151126,65.5,65.85,62.15,62.81,65.64,-2.83,-4.31,140657.84,896562.463
300227.SZ,20151126,38.25,40.53,37.88,38.46,37.8,0.66,1.75,161832.78,633965.674
300228.SZ,20151126,27.82,27.82,27.82,27.82,25.29,2.53,10.0,53629.96,149198.5487
300229.SZ,20151126,36.4,37.58,35.53,35.61,36.0,-0.39,-1.08,296475.04,1086724.3533
300230.SZ,20151126,33.8,34.14,31.53,31.98,31.04,0.94,3.03,121715.11,407000.0613
300231.SZ,20151126,25.0,26.34,24.53,25.13,25.0,0.13,0.52,387966.42,984355.6594
300232.SZ,20151126,36.56,38.89,36.5,37.8,37.12,0.68,1.83,59690.08,225081.6767
300233.SZ,20151126,37.48,37.48,36.23,36.34,37.51,-1.17,-3.12,42444.5,155802.0291
300234.SZ,20151126,23.24,25.97,22.7,24.85,23.61,1.24,5.25,152424.49,375612.5899
300236.SZ,20151126,46.49,49.23,45.2,49.23,44.75,4.48,10.01,137853.06,656225.3652
300237.SZ,20151126,13.2,13.21,12.45,12.48,13.05,-0.57,-4.37,197993.86,253234.5871
300239.SZ,20151126,16.7,16.93,16.14,16.23,16.87,-0.64,-3.79,77976.58,128493.4582
300240.SZ,20151126,19.4,19.7,18.43,19.0,19.24,-0.24,-1.25,98347.84,186218.985
300241.SZ,20151126,16.6,16.99,16.3,16.66,16.75,-0.09,-0.54,77338.63,128330.4601
300242.SZ,20151126,45.0,47.87,45.0,46.72,43.52,3.2,7.35,88698.72,416205.34
300243.SZ,20151126,22.1,23.25,21.2,21.38,22.35,-0.97,-4.34,70287.43,156232.5718
300244.SZ,20151126,84.15,84.16,80.0,80.4,83.72,-3.32,-3.97,43633.98,356146.7801
300245.SZ,20151126,31.5,32.69,30.78,31.54,31.13,0.41,1.32,230637.2,732552.0428
300246.SZ,20151126,39.0,39.48,37.0,37.14,38.5,-1.36,-3.53,186538.47,708846.4015
300248.SZ,20151126,33.75,36.55,33.58,36.55,33.23,3.32,9.99,305127.03,1087436.2332
300249.SZ,20151126,27.42,27.49,26.62,26.8,27.41,-0.61,-2.23,18115.89,48659.5318
300250.SZ,20151126,73.21,73.41,69.96,70.66,73.0,-2.34,-3.21,32131.81,229158.3545
300251.SZ,20151126,28.71,29.2,27.8,28.2,28.94,-0.74,-2.56,370003.65,1052250.9873
300252.SZ,20151126,37.79,40.55,37.42,39.4,37.6,1.8,4.79,87959.24,343848.4443
300253.SZ,20151126,49.15,50.35,47.39,47.58,49.08,-1.5,-3.06,247248.17,1200563.1366
300254.SZ,20151126,36.2,37.28,35.2,36.0,36.14,-0.14,-0.39,97607.92,351898.3351
300255.SZ,20151126,19.93,20.53,19.85,19.85,19.93,-0.08,-0.4,117415.22,236744.2406
300256.SZ,20151126,28.07,28.93,27.22,27.31,28.5,-1.19,-4.18,104267.13,292566.6084
300257.SZ,20151126,26.19,26.55,25.0,25.17,26.19,-1.02,-3.89,125026.94,323070.2602
300258.SZ,20151126,17.07,17.17,16.51,16.6,17.05,-0.45,-2.64,53390.2,89914.2215
300259.SZ,20151126,12.35,12.45,11.85,11.86,12.37,-0.51,-4.12,137275.97,166397.3253
300260.SZ,20151126,32.58,32.58,30.66,31.38,32.19,-0.81,-2.52,23732.62,75454.6517
300262.SZ,20151126,22.34,22.44,21.0,21.06,21.92,-0.86,-3.92,101851.87,219183.6563
300263.SZ,20151126,23.6,23.68,22.52,22.6,23.38,-0.78,-3.34,149894.24,345916.4536
300264.SZ,20151126,19.18,21.24,19.08,19.91,19.31,0.6,3.11,373202.71,761299.515
300265.SZ,20151126,14.31,14.44,13.73,13.82,14.29,-0.47,-3.29,78613.12,110404.8677
300266.SZ,20151126,51.28,57.2,51.27,57.2,52.0,5.2,10.0,205282.25,1155163.9766
300267.SZ,20151126,31.62,31.69,30.72,30.88,31.54,-0.66,-2.09,46403.05,144402.8692
300268.SZ,20151126,33.4,34.49,32.39,32.5,34.28,-1.78,-5.19,28332.91,94949.1082
300270.SZ,20151126,20.85,20.95,19.88,20.01,20.83,-0.82,-3.94,89663.7,182962.9184
300271.SZ,20151126,44.73,45.2,43.0,43.1,44.44,-1.34,-3.02,50148.12,221840.9424
300272.SZ,20151126,23.66,24.62,23.4,23.74,23.69,0.05,0.21,109024.09,261517.0642
300273.SZ,20151126,24.45,24.74,23.61,23.61,24.3,-0.69,-2.84,369525.63,893639.7767
300274.SZ,20151126,31.59,31.59,29.71,29.8,31.56,-1.76,-5.58,335449.99,1023104.7549
300275.SZ,20151126,28.5,30.66,28.2,29.19,27.89,1.3,4.66,93364.16,275130.6008
300276.SZ,20151126,30.11,30.8,29.01,29.04,30.1,-1.06,-3.52,111708.15,329424.0684
300277.SZ,20151126,36.17,38.58,35.86,36.95,36.17,0.78,2.16,45901.56,170316.6485
300278.SZ,20151126,23.1,23.25,21.98,22.13,23.0,-0.87,-3.78,94922.12,213515.4667
300279.SZ,20151126,58.82,61.69,56.87,57.5,59.41,-1.91,-3.21,31320.24,184562.2538
300281.SZ,20151126,19.19,20.2,18.75,19.52,19.11,0.41,2.15,83727.39,162436.7585
300282.SZ,20151126,33.1,35.95,32.82,34.71,33.4,1.31,3.92,93917.21,321524.1255
300283.SZ,20151126,13.85,14.23,13.6,13.8,13.76,0.04,0.29,81716.65,113204.8465
300284.SZ,20151126,24.65,24.94,23.6,23.76,24.55,-0.79,-3.22,105199.44,253965.1158
300285.SZ,20151126,39.09,39.88,38.36,39.79,39.15,0.64,1.63,38190.57,148984.5929
300286.SZ,20151126,40.1,42.9,40.0,40.3,40.5,-0.2,-0.49,33555.26,138078.9623
300287.SZ,20151126,20.5,21.79,20.0,20.39,19.91,0.48,2.41,364997.57,760528.1758
300288.SZ,20151126,34.36,34.36,34.36,34.36,31.24,3.12,9.99,280.03,962.1831
300289.SZ,20151126,23.02,23.36,22.45,22.61,23.45,-0.84,-3.58,119752.68,273535.3912
300290.SZ,20151126,22.0,22.08,21.12,21.44,21.84,-0.4,-1.83,109150.08,236365.9603
300291.SZ,20151126,38.6,38.96,36.59,36.6,38.26,-1.66,-4.34,78417.75,292925.1105
300292.SZ,20151126,47.5,47.68,45.75,46.0,47.3,-1.3,-2.75,35276.3,163812.7847
300293.SZ,20151126,27.63,27.83,26.65,26.8,27.84,-1.04,-3.74,102394.28,277184.7433
300294.SZ,20151126,42.81,43.8,41.77,41.8,43.25,-1.45,-3.35,43579.3,184787.4434
300295.SZ,20151126,62.0,63.99,60.51,60.9,61.67,-0.77,-1.25,145490.21,904311.3104
300296.SZ,20151126,24.08,25.08,23.69,23.79,24.01,-0.22,-0.92,133083.93,325425.8793
300297.SZ,20151126,21.42,21.66,20.79,20.81,21.35,-0.54,-2.53,379652.97,802215.3238
300298.SZ,20151126,39.4,39.68,37.77,38.0,39.22,-1.22,-3.11,44907.54,173295.3308
300299.SZ,20151126,53.99,58.42,52.05,55.01,53.11,1.9,3.58,134643.15,758069.188
300300.SZ,20151126,31.85,32.3,30.29,30.38,31.51,-1.13,-3.59,192626.44,595876.121
300301.SZ,20151126,10.05,10.1,9.3,9.68,10.0,-0.32,-3.2,134193.77,132048.0553
300302.SZ,20151126,75.26,80.2,72.82,73.49,76.8,-3.31,-4.31,49099.18,368701.5771
300303.SZ,20151126,11.11,12.1,11.0,11.46,11.11,0.35,3.15,341713.01,393803.5583
300304.SZ,20151126,24.91,24.97,23.38,23.48,24.73,-1.25,-5.05,53911.21,129994.17
300305.SZ,20151126,30.02,31.16,29.0,29.42,30.06,-0.64,-2.13,60518.28,182543.5629
300307.SZ,20151126,17.6,17.6,16.85,17.0,17.65,-0.65,-3.68,219196.93,377493.6143
300308.SZ,20151126,18.78,18.78,18.11,18.5,18.8,-0.3,-1.6,43160.8,79650.5246
300309.SZ,20151126,20.02,20.22,19.55,19.64,19.86,-0.22,-1.11,97964.45,195207.2453
300310.SZ,20151126,54.25,59.5,53.99,56.01,54.66,1.35,2.47,62548.16,356514.2713
300311.SZ,20151126,44.6,47.36,43.5,45.1,44.49,0.61,1.37,152486.03,688804.4749
300312.SZ,20151126,41.9,44.34,41.36,42.42,41.85,0.57,1.36,108204.19,464308.1578
300314.SZ,20151126,39.18,39.18,36.55,36.9,38.78,-1.88,-4.85,180043.53,678504.2949
300315.SZ,20151126,15.42,15.51,14.9,14.98,15.42,-0.44,-2.85,1000369.83,1510817.8529
300316.SZ,20151126,17.33,17.46,16.81,16.91,17.31,-0.4,-2.31,199522.62,340337.6858
300318.SZ,20151126,27.38,27.53,25.6,25.71,26.68,-0.97,-3.64,209521.76,554535.6286
300319.SZ,20151126,33.43,34.3,32.8,33.08,33.48,-0.4,-1.19,77622.82,259694.6627
300320.SZ,20151126,14.0,14.18,13.71,13.77,13.96,-0.19,-1.36,96152.15,134512.6361
300321.SZ,20151126,105.05,111.27,102.02,106.2,104.98,1.22,1.16,15508.48,166859.2592
300322.SZ,20151126,17.58,18.78,17.2,18.12,17.07,1.05,6.15,658087.36,1195986.1332
300323.SZ,20151126,9.5,9.53,9.18,9.2,9.52,-0.32,-3.36,190533.84,177601.9587
300324.SZ,20151126,52.0,54.55,49.5,51.89,51.36,0.53,1.03,95511.18,494435.2201
300325.SZ,20151126,19.6,20.18,18.8,18.91,19.23,-0.32,-1.66,104318.58,201179.7029
300327.SZ,20151126,34.19,38.16,33.26,36.15,34.78,1.37,3.94,109461.12,383923.8638
300328.SZ,20151126,34.13,34.2,33.17,33.34,34.11,-0.77,-2.26,42158.8,141518.3283
300329.SZ,20151126,23.85,24.05,22.6,22.64,23.79,-1.15,-4.83,180625.2,418279.8524
300330.SZ,20151126,20.25,20.49,19.76,20.17,20.24,-0.07,-0.35,84286.0,169096.728
300332.SZ,20151126,27.8,27.96,26.53,26.97,27.67,-0.7,-2.53,88870.14,242863.8371
300333.SZ,20151126,32.9,35.0,32.54,34.65,33.16,1.49,4.49,345487.34,1178532.1916
300334.SZ,20151126,29.9,30.09,28.29,28.45,29.63,-1.18,-3.98,101123.83,293567.1015
300335.SZ,20151126,18.44,18.83,17.85,17.85,18.2,-0.35,-1.92,136623.69,251684.0655
300336.SZ,20151126,34.98,34.98,32.3,32.65,33.99,-1.34,-3.94,80323.06,267820.7028
300337.SZ,20151126,11.02,11.24,10.75,10.76,11.13,-0.37,-3.32,337852.97,371862.1802
300338.SZ,20151126,17.33,18.35,16.9,17.89,17.18,0.71,4.13,179801.2,315153.4726
300339.SZ,20151126,50.0,50.19,47.0,47.59,49.43,-1.84,-3.72,66224.82,319063.3502
300340.SZ,20151126,33.5,34.96,32.6,33.66,33.43,0.23,0.69,73639.81,248528.1008
300341.SZ,20151126,26.85,26.85,25.23,25.25,26.07,-0.82,-3.15,98693.37,255066.8087
300343.SZ,20151126,107.8,108.48,103.1,103.5,106.57,-3.07,-2.88,26870.33,282797.0293
300345.SZ,20151126,17.45,17.59,16.8,16.83,17.48,-0.65,-3.72,334571.92,571933.4969
300346.SZ,20151126,39.37,42.17,38.82,40.9,40.5,0.4,0.99,65077.19,263532.4388
300347.SZ,20151126,36.79,36.8,35.4,35.5,36.59,-1.09,-2.98,62684.68,225005.6425
300348.SZ,20151126,87.23,87.23,82.4,82.6,79.3,3.3,4.16,96294.24,826743.7713
300350.SZ,20151126,41.5,42.1,39.4,39.7,41.12,-1.42,-3.45,67643.3,275050.3124
300352.SZ,20151126,56.15,56.47,52.5,52.55,55.85,-3.3,-5.91,100070.36,538448.9828
300353.SZ,20151126,29.1,29.88,27.85,29.83,28.75,1.08,3.76,308311.36,887965.4141
300354.SZ,20151126,39.0,40.2,38.05,39.16,38.8,0.36,0.93,21982.0,85994.1809
300355.SZ,20151126,21.88,21.88,20.62,20.7,21.5,-0.8,-3.72,287540.31,605579.7783
300356.SZ,20151126,45.9,47.79,45.64,45.77,46.56,-0.79,-1.7,30693.29,142111.2423
300357.SZ,20151126,47.8,47.8,45.82,45.93,47.43,-1.5,-3.16,26578.04,123969.8167
300359.SZ,20151126,117.0,119.5,111.08,112.99,116.77,-3.78,-3.24,42984.91,490518.8298
300360.SZ,20151126,36.1,36.25,34.81,34.88,35.92,-1.04,-2.9,50283.02,178269.3346
300362.SZ,20151126,48.4,51.5,48.03,48.91,48.49,0.42,0.87,32747.05,163740.1819
300363.SZ,20151126,29.5,29.74,28.5,28.69,29.62,-0.93,-3.14,50649.11,146918.9568
300364.SZ,20151126,249.0,251.6,222.0,234.0,243.1,-9.1,-3.74,38109.17,905249.8444
300366.SZ,20151126,61.85,65.79,59.02,64.16,60.5,3.66,6.05,56022.05,349814.5427
300367.SZ,20151126,82.95,83.33,79.98,81.0,83.6,-2.6,-3.11,35766.19,289754.3584
300368.SZ,20151126,31.0,31.99,30.95,31.99,29.08,2.91,10.01,75139.44,239641.3396
300369.SZ,20151126,53.45,53.55,51.31,51.42,53.5,-2.08,-3.89,72800.92,380896.8152
300371.SZ,20151126,32.6,34.25,31.71,32.65,32.25,0.4,1.24,60126.57,198848.9289
300372.SZ,20151126,19.58,19.69,18.55,18.62,19.2,-0.58,-3.02,91739.73,174892.3116
300373.SZ,20151126,25.7,25.7,24.33,24.4,25.4,-1.0,-3.94,208837.5,517266.7208
300374.SZ,20151126,28.78,31.6,28.7,30.88,28.76,2.12,7.37,119385.65,361542.6303
300375.SZ,20151126,23.96,24.2,22.93,23.11,23.98,-0.87,-3.63,47687.3,112525.777
300376.SZ,20151126,50.92,51.0,48.0,48.1,49.99,-1.89,-3.78,47719.86,234988.4153
300377.SZ,20151126,97.0,97.47,89.01,89.62,93.39,-3.77,-4.04,58160.56,540510.8903
300378.SZ,20151126,66.01,66.99,63.02,64.25,66.44,-2.19,-3.3,54515.1,352647.0119
300379.SZ,20151126,107.11,110.55,103.93,108.0,100.5,7.5,7.46,68123.85,734689.0875
300380.SZ,20151126,87.29,87.97,81.0,81.14,84.48,-3.34,-3.95,111791.6,939713.5151
300381.SZ,20151126,63.0,63.0,59.52,59.99,62.14,-2.15,-3.46,20646.17,125918.7666
300382.SZ,20151126,48.4,49.0,46.61,47.07,48.9,-1.83,-3.74,28639.26,137048.0104
300383.SZ,20151126,58.0,63.96,57.81,60.23,58.32,1.91,3.28,201040.57,1240251.6105
300384.SZ,20151126,78.38,80.0,73.98,74.99,76.98,-1.99,-2.59,47186.57,363295.7742
300385.SZ,20151126,51.25,52.25,49.0,49.13,50.46,-1.33,-2.64,30069.91,151634.2307
300386.SZ,20151126,55.0,55.25,52.5,52.53,54.79,-2.26,-4.12,67198.7,360997.6232
300387.SZ,20151126,30.14,30.15,28.96,29.06,29.9,-0.84,-2.81,38688.3,114851.2116
300388.SZ,20151126,39.48,39.75,37.77,37.88,39.24,-1.36,-3.47,82304.69,317022.9644
300389.SZ,20151126,43.78,47.25,43.65,45.21,44.35,0.86,1.94,67015.13,305227.3033
300390.SZ,20151126,51.98,52.82,47.42,48.98,51.55,-2.57,-4.99,73428.99,370917.5309
300391.SZ,20151126,22.63,23.0,21.92,22.06,22.63,-0.57,-2.52,42487.84,95359.3832
300392.SZ,20151126,47.8,48.28,45.31,45.92,47.64,-1.72,-3.61,145644.02,673195.4931
300393.SZ,20151126,57.02,59.5,54.59,56.45,55.0,1.45,2.64,37431.55,215277.195
300394.SZ,20151126,106.86,111.0,102.89,103.5,106.86,-3.36,-3.14,16155.76,173182.7485
300395.SZ,20151126,44.53,45.0,42.37,42.81,44.17,-1.36,-3.08,62973.84,274338.3851
300396.SZ,20151126,54.0,54.58,52.18,52.22,53.81,-1.59,-2.95,27963.46,149261.5309
300397.SZ,20151126,111.0,112.99,102.0,103.09,107.91,-4.82,-4.47,77352.34,831334.4742
300398.SZ,20151126,79.87,83.95,79.52,80.4,79.6,0.8,1.01,17333.62,141738.9186
300399.SZ,20151126,73.68,73.68,68.68,68.81,73.1,-4.29,-5.87,71025.07,500114.4846
300400.SZ,20151126,40.5,41.54,39.5,40.25,40.46,-0.21,-0.52,56108.09,228173.4314
300401.SZ,20151126,24.98,25.11,24.21,24.4,24.98,-0.58,-2.32,38530.5,94948.3874
300402.SZ,20151126,19.98,20.48,19.6,19.85,19.92,-0.07,-0.35,49264.23,98493.2227
300403.SZ,20151126,59.0,61.38,58.51,59.26,59.18,0.08,0.14,35547.27,213076.5244
300404.SZ,20151126,55.24,56.8,53.0,53.58,55.2,-1.62,-2.93,46695.43,257289.0988
300405.SZ,20151126,52.75,55.83,52.45,53.36,52.99,0.37,0.7,18019.78,98041.4584
300406.SZ,20151126,48.18,48.86,46.9,46.98,48.0,-1.02,-2.13,43776.59,209011.6376
300408.SZ,20151126,41.4,41.45,39.5,39.98,41.36,-1.38,-3.34,83832.31,337299.5505
300409.SZ,20151126,61.61,65.65,60.02,61.18,62.51,-1.33,-2.13,32834.9,204704.908
300410.SZ,20151126,123.01,126.5,118.29,119.12,123.57,-4.45,-3.6,21473.65,262943.3495
300411.SZ,20151126,40.44,41.98,39.8,40.21,40.32,-0.11,-0.27,65157.38,266362.3015
300412.SZ,20151126,53.82,53.83,50.7,50.81,53.81,-3.0,-5.58,37002.58,193440.7412
300413.SZ,20151126,51.23,52.8,49.01,49.05,51.69,-2.64,-5.11,94240.63,478546.6409
300414.SZ,20151126,49.01,50.2,45.8,46.69,49.3,-2.61,-5.29,59435.12,287926.136
300415.SZ,20151126,27.07,27.2,26.06,26.18,27.26,-1.08,-3.96,90392.09,240198.536
300416.SZ,20151126,91.11,95.08,89.34,90.59,91.0,-0.41,-0.45,19005.36,174421.6909
300417.SZ,20151126,117.91,125.88,114.13,120.05,117.79,2.26,1.92,16456.84,198254.2594
300418.SZ,20151126,60.97,64.38,57.0,60.5,58.53,1.97,3.37,906814.42,5536758.6843
300420.SZ,20151126,64.5,67.49,60.2,61.52,65.31,-3.79,-5.8,17034.61,107948.9918
300421.SZ,20151126,41.0,42.05,39.35,39.35,40.93,-1.58,-3.86,25283.35,103121.2078
300422.SZ,20151126,54.0,54.1,50.78,51.15,53.25,-2.1,-3.94,28620.48,149960.3161
300423.SZ,20151126,51.0,52.49,48.0,48.95,50.9,-1.95,-3.83,29129.48,147636.574
300424.SZ,20151126,92.0,94.95,91.0,91.08,93.12,-2.04,-2.19,29560.35,273047.7367
300425.SZ,20151126,47.75,47.85,45.45,45.64,47.75,-2.11,-4.42,41444.7,193566.8444
300426.SZ,20151126,84.04,86.8,82.55,83.94,84.06,-0.12,-0.14,43886.34,371833.9089
300427.SZ,20151126,81.99,87.68,81.0,83.8,82.13,1.67,2.03,19062.89,160726.0646
300428.SZ,20151126,60.67,63.3,58.57,59.24,60.05,-0.81,-1.35,24875.6,151997.4417
300429.SZ,20151126,137.0,144.98,135.18,136.41,140.48,-4.07,-2.9,15647.61,218062.5825
300430.SZ,20151126,66.89,69.0,64.29,64.4,66.91,-2.51,-3.75,36000.69,240045.1397
300432.SZ,20151126,31.41,31.75,30.03,30.18,31.54,-1.36,-4.31,79493.48,245438.8412
300433.SZ,20151126,92.6,93.88,89.9,90.0,91.95,-1.95,-2.12,46323.43,425838.2722
300434.SZ,20151126,71.0,75.8,70.32,72.17,71.55,0.62,0.87,26106.76,191106.8918
300435.SZ,20151126,67.88,70.0,66.0,66.98,67.95,-0.97,-1.43,23403.56,159686.9147
300436.SZ,20151126,98.12,100.0,95.21,95.28,98.12,-2.84,-2.89,13444.44,131219.8876
300437.SZ,20151126,96.45,99.31,93.01,93.95,96.33,-2.38,-2.47,14424.34,139101.374
300438.SZ,20151126,136.0,137.99,129.36,129.96,133.76,-3.8,-2.84,35910.03,479993.5542
300439.SZ,20151126,47.86,50.28,47.86,47.96,48.0,-0.04,-0.08,81727.92,400298.1589
300440.SZ,20151126,90.88,93.99,86.99,88.36,89.58,-1.22,-1.36,39507.58,357329.8933
300441.SZ,20151126,50.42,50.42,48.13,50.42,45.84,4.58,9.99,230056.11,1141998.9921
300442.SZ,20151126,72.2,76.16,71.5,71.97,73.6,-1.63,-2.21,40356.74,297501.6717
300443.SZ,20151126,205.38,227.6,205.38,216.02,207.32,8.7,4.2,23436.53,508373.3582
300444.SZ,20151126,34.73,37.17,34.49,34.9,35.15,-0.25,-0.71,134412.11,481169.244
300445.SZ,20151126,65.08,68.79,64.51,65.19,65.89,-0.7,-1.06,32960.69,221036.9489
300446.SZ,20151126,130.0,137.88,127.52,128.51,130.02,-1.51,-1.16,17119.98,224889.6453
300447.SZ,20151126,108.0,114.49,106.82,109.95,108.99,0.96,0.88,28671.47,317576.9128
300448.SZ,20151126,109.55,115.37,107.17,109.2,110.55,-1.35,-1.22,30093.8,335745.38
300449.SZ,20151126,124.5,131.98,122.22,122.61,125.85,-3.24,-2.57,22498.99,285723.2376
300450.SZ,20151126,104.86,106.0,98.57,98.57,104.31,-5.74,-5.5,32677.28,331350.2187
300451.SZ,20151126,213.84,230.0,212.0,220.0,214.03,5.97,2.79,15998.15,354322.6666
300452.SZ,20151126,128.5,143.0,126.31,132.5,130.06,2.44,1.88,25207.07,339493.1566
300453.SZ,20151126,81.4,84.87,79.06,80.31,81.86,-1.55,-1.89,24164.83,198022.6428
300455.SZ,20151126,51.18,52.99,50.15,50.65,50.9,-0.25,-0.49,38896.4,201159.8064
300458.SZ,20151126,109.98,114.98,107.0,112.43,107.98,4.45,4.12,41618.51,461224.0581
300460.SZ,20151126,37.89,39.5,36.66,37.0,37.88,-0.88,-2.32,66725.37,253778.6727
300461.SZ,20151126,60.55,64.67,59.4,59.67,61.1,-1.43,-2.34,27620.41,170792.6015
300462.SZ,20151126,36.6,37.45,36.02,36.49,36.5,-0.01,-0.03,48717.17,179624.7866
300463.SZ,20151126,120.97,127.35,115.16,118.1,121.09,-2.99,-2.47,29828.84,363900.9532
300464.SZ,20151126,50.32,52.7,49.0,50.1,50.06,0.04,0.08,33712.62,172732.4968
300465.SZ,20151126,96.03,100.5,92.66,94.75,97.5,-2.75,-2.82,49378.72,474863.4928
300467.SZ,20151126,79.89,79.89,79.89,79.89,72.63,7.26,10.0,321.0,2564.469
300468.SZ,20151126,89.97,93.72,88.52,92.76,90.0,2.76,3.07,32943.85,301268.7203
300469.SZ,20151126,139.01,146.9,136.68,137.88,143.31,-5.43,-3.79,30742.64,432081.9824
300470.SZ,20151126,119.0,129.45,117.7,129.45,117.68,11.77,10.0,53676.1,670307.2743
300471.SZ,20151126,88.15,92.4,85.58,86.6,89.8,-3.2,-3.56,69863.39,620718.065
300472.SZ,20151126,59.68,62.5,58.53,59.11,59.67,-0.56,-0.94,26162.11,158147.7972
300473.SZ,20151126,90.61,101.42,90.58,101.42,92.2,9.22,10.0,61707.95,597035.9781
300475.SZ,20151126,32.95,34.33,32.72,32.97,32.9,0.07,0.21,67855.15,227100.7854
300476.SZ,20151126,57.01,61.99,56.88,60.75,56.94,3.81,6.69,71687.03,429711.0191
300477.SZ,20151126,55.49,57.97,54.22,56.36,54.9,1.46,2.66,41544.62,233726.3304
300478.SZ,20151126,66.56,70.49,63.25,65.49,66.96,-1.47,-2.2,35436.24,238943.262
300479.SZ,20151126,98.5,103.5,96.6,97.0,99.89,-2.89,-2.89,22720.83,226387.9144
300480.SZ,20151126,74.41,75.9,71.5,72.3,73.86,-1.56,-2.11,55001.63,404569.836
300481.SZ,20151126,54.8,56.95,53.42,54.13,54.99,-0.86,-1.56,35155.54,193817.168
300482.SZ,20151126,146.0,154.0,143.1,144.3,148.0,-3.7,-2.5,25222.37,372873.1896
300483.SZ,20151126,60.79,64.89,60.53,61.62,60.53,1.09,1.8,34346.48,214907.1168
300485.SZ,20151126,144.8,153.88,142.61,146.0,146.3,-0.3,-0.21,41225.82,610420.1368
300486.SZ,20151126,58.37,58.89,54.5,55.49,58.61,-3.12,-5.32,95412.92,539245.5226
300487.SZ,20151126,68.3,70.98,66.01,66.38,68.8,-2.42,-3.52,37575.49,257238.4622
300488.SZ,20151126,92.6,98.3,92.6,93.72,94.44,-0.72,-0.76,23341.83,222461.3492
300489.SZ,20151126,105.5,114.88,104.01,108.33,106.29,2.04,1.92,28581.57,314359.9706
300498.SZ,20151126,55.6,55.78,54.0,54.03,55.48,-1.45,-2.61,100633.36,549173.3963
600000.SH,20151126,19.5,19.7,19.2,19.37,19.67,-0.3,-1.53,2149442.39,4187889.901
600004.SH,20151126,13.73,14.01,13.61,13.91,13.71,0.2,1.46,134740.33,186386.502
600005.SH,20151126,3.79,3.8,3.74,3.75,3.78,-0.03,-0.79,548251.66,206897.651
600006.SH,20151126,9.56,9.59,9.4,9.41,9.56,-0.15,-1.57,401134.98,379835.47
600007.SH,20151126,16.33,16.45,16.13,16.29,16.3,-0.01,-0.06,37734.36,61502.733
600008.SH,20151126,11.42,11.58,11.11,11.14,11.07,0.07,0.63,575993.33,653254.094
600009.SH,20151126,30.1,30.19,29.7,29.74,30.06,-0.32,-1.06,80731.87,241300.937
600010.SH,20151126,4.06,4.16,4.04,4.06,4.06,0.0,0.0,1576435.29,645256.203
600011.SH,20151126,9.3,9.31,9.25,9.25,9.29,-0.04,-0.43,163748.58,151818.983
600012.SH,20151126,13.6,13.65,13.35,13.43,13.58,-0.15,-1.1,43100.02,57936.698
600015.SH,20151126,11.16,11.3,11.11,11.11,11.09,0.02,0.18,388858.14,435540.744
600016.SH,20151126,8.81,8.85,8.75,8.77,8.8,-0.03,-0.34,638905.46,562839.005
600017.SH,20151126,8.33,8.49,8.22,8.35,8.33,0.02,0.24,728561.88,608825.648
600018.SH,20151126,7.29,7.31,7.19,7.2,7.28,-0.08,-1.1,310474.12,224663.341
600019.SH,20151126,5.81,5.86,5.78,5.8,5.81,-0.01,-0.17,342404.54,199154.752
600020.SH,20151126,6.37,6.41,6.27,6.29,6.33,-0.04,-0.63,357819.68,226657.768
600021.SH,20151126,16.32,16.4,16.12,16.16,16.32,-0.16,-0.98,186267.42,302355.486
600022.SH,20151126,3.2,3.23,3.17,3.19,3.2,-0.01,-0.31,433784.41,138657.425
600023.SH,20151126,8.62,8.66,8.48,8.53,8.6,-0.07,-0.81,493926.81,423395.81
600027.SH,20151126,7.23,7.25,7.15,7.17,7.22,-0.05,-0.69,254999.4,183590.035
600028.SH,20151126,5.15,5.21,5.13,5.16,5.14,0.02,0.39,1912619.42,988968.947
600029.SH,20151126,8.68,8.72,8.5,8.54,8.66,-0.12,-1.39,777845.39,669073.558
600030.SH,20151126,20.3,20.6,19.85,19.89,20.09,-0.2,-1.0,2047845.45,4130101.929
600031.SH,20151126,6.98,7.02,6.92,6.93,6.98,-0.05,-0.72,699724.32,487660.596
600033.SH,20151126,4.28,4.3,4.24,4.24,4.28,-0.04,-0.93,241203.48,102794.173
600035.SH,20151126,5.22,5.27,5.19,5.21,5.21,0.0,0.0,172604.03,90285.602
600036.SH,20151126,17.79,17.92,17.5,17.53,17.73,-0.2,-1.13,637660.44,1127051.591
600037.SH,20151126,25.4,26.13,24.7,24.75,25.47,-0.72,-2.83,338497.43,861012.972
600038.SH,20151126,60.39,63.27,59.15,61.68,61.45,0.23,0.37,106124.46,646822.44
600039.SH,20151126,5.2,5.27,5.18,5.22,5.19,0.03,0.58,434827.77,227489.465
600048.SH,20151126,9.55,9.85,9.55,9.62,9.55,0.07,0.73,1102714.41,1071440.957
600050.SH,20151126,6.67,6.74,6.6,6.62,6.66,-0.04,-0.6,1216446.28,809553.538
600051.SH,20151126,12.26,12.93,12.25,12.74,12.25,0.49,4.0,200830.3,253445.521
600052.SH,20151126,8.12,8.27,8.0,8.05,8.06,-0.01,-0.12,245021.07,199824.593
600053.SH,20151126,37.5,37.5,37.5,37.5,34.09,3.41,10.0,1896.44,7111.65
600054.SH,20151126,23.12,23.25,22.21,22.67,23.04,-0.37,-1.61,33373.66,75621.38
600055.SH,20151126,42.76,43.07,40.66,41.02,42.73,-1.71,-4.0,61682.32,257936.359
600056.SH,20151126,16.85,16.95,16.64,16.68,16.79,-0.11,-0.66,131875.09,220721.455
600057.SH,20151126,13.02,13.08,12.6,12.64,13.02,-0.38,-2.92,195445.56,250372.06
600059.SH,20151126,10.92,10.98,10.74,10.94,10.85,0.09,0.83,169708.89,184414.212
600060.SH,20151126,18.15,18.28,17.52,17.54,17.95,-0.41,-2.28,303004.38,538938.671
600061.SH,20151126,26.5,28.3,26.32,26.79,25.73,1.06,4.12,708471.73,1955371.414
600062.SH,20151126,23.5,23.61,23.23,23.25,23.39,-0.14,-0.6,87644.26,204896.079
600063.SH,20151126,6.49,6.65,6.4,6.61,6.45,0.16,2.48,822817.69,536628.254
600064.SH,20151126,20.28,20.5,19.9,19.96,20.17,-0.21,-1.04,127917.48,257827.545
600066.SH,20151126,21.39,21.58,21.25,21.39,21.37,0.02,0.09,78539.62,168268.569
600067.SH,20151126,9.23,9.57,9.22,9.29,9.2,0.09,0.98,658134.88,618522.322
600068.SH,20151126,8.36,8.39,8.2,8.26,8.36,-0.1,-1.2,451067.98,372706.475
600069.SH,20151126,5.16,5.18,5.06,5.08,5.12,-0.04,-0.78,114729.2,58547.269
600071.SH,20151126,24.15,24.64,23.69,23.95,24.09,-0.14,-0.58,22224.79,53101.224
600073.SH,20151126,13.47,13.72,13.35,13.42,13.38,0.04,0.3,243999.42,330344.611
600074.SH,20151126,18.0,18.15,17.35,17.4,17.79,-0.39,-2.19,441462.83,780426.226
600075.SH,20151126,11.75,11.78,11.12,11.16,11.61,-0.45,-3.88,212791.48,242638.658
600076.SH,20151126,11.08,12.18,11.08,12.16,11.07,1.09,9.85,447001.72,531851.731
600077.SH,20151126,7.43,7.58,7.24,7.28,7.44,-0.16,-2.15,283460.1,208880.838
600079.SH,20151126,19.81,20.44,19.78,19.98,19.7,0.28,1.42,332144.28,669837.426
600080.SH,20151126,14.0,14.68,13.91,14.02,14.22,-0.2,-1.41,177087.47,253119.111
600081.SH,20151126,20.47,20.6,20.06,20.15,20.45,-0.3,-1.47,75723.37,153330.772
600082.SH,20151126,7.2,7.85,7.15,7.62,7.14,0.48,6.72,596862.34,449233.416
600083.SH,20151126,20.65,22.25,20.27,21.8,20.58,1.22,5.93,131569.34,283475.158
600084.SH,20151126,8.03,8.6,8.03,8.2,7.99,0.21,2.63,422817.61,351197.745
600085.SH,20151126,27.0,27.1,26.4,26.59,26.99,-0.4,-1.48,127173.97,338971.325
600086.SH,20151126,15.2,15.2,14.6,14.66,15.25,-0.59,-3.87,440056.59,652800.236
600088.SH,20151126,28.9,29.96,28.5,29.22,29.25,-0.03,-0.1,111959.18,324922.711
600089.SH,20151126,12.58,12.67,12.42,12.53,12.51,0.02,0.16,457621.54,574380.54
600090.SH,20151126,18.17,19.9,17.85,19.16,18.09,1.07,5.91,204120.3,385577.395
600093.SH,20151126,18.7,20.15,18.44,19.47,18.37,1.1,5.99,268022.85,516747.707
600094.SH,20151126,12.0,12.71,11.83,12.71,11.55,1.16,10.04,453436.33,568360.638
600095.SH,20151126,12.12,12.28,11.97,12.0,12.19,-0.19,-1.56,255326.56,307653.973
600096.SH,20151126,15.6,16.28,15.17,15.22,15.85,-0.63,-3.97,364385.38,573184.049
600097.SH,20151126,27.22,27.22,27.22,27.22,30.24,-3.02,-9.99,6801.0,18512.322
600098.SH,20151126,13.6,13.68,13.2,13.4,13.59,-0.19,-1.4,352037.55,470686.347
600100.SH,20151126,18.94,18.98,18.45,18.54,18.96,-0.42,-2.22,721535.83,1351923.651
600101.SH,20151126,13.7,13.7,13.36,13.45,13.69,-0.24,-1.75,133264.45,180029.902
600103.SH,20151126,8.5,9.1,8.42,8.93,8.42,0.51,6.06,671673.8,589890.864
600104.SH,20151126,20.09,20.09,19.8,19.82,19.92,-0.1,-0.5,123296.93,245992.639
600105.SH,20151126,24.18,24.42,23.2,23.47,24.1,-0.63,-2.61,91785.6,217498.271
600107.SH,20151126,19.0,19.36,18.35,18.51,18.88,-0.37,-1.96,99254.09,186469.871
600108.SH,20151126,7.87,8.01,7.8,7.87,7.84,0.03,0.38,886672.26,700647.096
600109.SH,20151126,17.85,18.1,17.13,17.22,17.57,-0.35,-1.99,1032255.61,1814373.423
600111.SH,20151126,15.43,15.98,15.31,15.58,15.34,0.24,1.56,924877.6,1447052.96
600112.SH,20151126,19.02,20.45,18.92,19.57,18.59,0.98,5.27,1320967.95,2642894.191
600113.SH,20151126,12.25,12.39,12.0,12.08,12.16,-0.08,-0.66,147580.86,179841.731
600114.SH,20151126,15.38,15.6,15.21,15.44,15.37,0.07,0.46,152963.25,236177.279
600115.SH,20151126,7.93,7.96,7.82,7.84,7.91,-0.07,-0.89,617932.42,486248.996
600116.SH,20151126,17.85,18.87,17.75,18.55,17.79,0.76,4.27,171652.65,315773.811
600117.SH,20151126,6.08,6.16,6.02,6.05,6.06,-0.01,-0.17,177953.7,108217.843
600118.SH,20151126,49.65,50.88,48.01,49.61,49.63,-0.02,-0.04,410201.87,2024846.382
600119.SH,20151126,23.1,23.97,22.58,23.4,22.88,0.52,2.27,284780.3,662155.543
600121.SH,20151126,6.59,7.18,6.49,6.86,6.56,0.3,4.57,240040.57,166143.108
600122.SH,20151126,17.55,17.62,16.48,16.56,17.46,-0.9,-5.15,462524.73,784564.215
600123.SH,20151126,7.97,8.3,7.97,8.15,7.98,0.17,2.13,531931.13,434244.529
600125.SH,20151126,10.35,10.44,10.2,10.24,10.3,-0.06,-0.58,341915.08,353355.387
600126.SH,20151126,8.91,9.3,8.76,8.79,9.04,-0.25,-2.77,379432.65,341057.72
600127.SH,20151126,7.55,7.72,7.41,7.6,7.5,0.1,1.33,392901.25,299319.691
600128.SH,20151126,15.71,16.13,15.6,15.65,15.6,0.05,0.32,188634.81,298632.692
600130.SH,20151126,8.86,9.28,8.8,9.18,8.86,0.32,3.61,621763.62,565456.282
600131.SH,20151126,9.68,10.09,9.64,9.89,9.63,0.26,2.7,272034.16,269426.928
600132.SH,20151126,16.86,16.89,16.45,16.48,16.82,-0.34,-2.02,70996.75,118318.272
600133.SH,20151126,12.9,12.9,12.35,12.4,12.87,-0.47,-3.65,391931.77,492636.785
600135.SH,20151126,17.45,18.6,17.12,18.37,17.42,0.95,5.45,301409.74,537240.532
600136.SH,20151126,62.18,69.01,60.0,69.01,62.74,6.27,9.99,44013.77,285588.022
600137.SH,20151126,46.06,48.5,45.0,45.71,47.38,-1.67,-3.52,58591.72,273683.575
600138.SH,20151126,20.85,20.98,20.5,20.77,20.74,0.03,0.14,106474.88,220618.592
600139.SH,20151126,16.62,17.23,16.51,16.84,16.54,0.3,1.81,363835.71,615566.347
600141.SH,20151126,14.05,14.16,13.84,13.87,14.06,-0.19,-1.35,150044.22,210163.996
600143.SH,20151126,8.94,9.28,8.8,8.88,8.84,0.04,0.45,780797.74,704506.616
600145.SH,20151126,6.98,7.33,6.97,7.15,7.34,-0.19,-2.59,451985.25,317518.055
600146.SH,20151126,32.85,33.4,31.55,32.03,32.91,-0.88,-2.67,91548.28,299539.077
600148.SH,20151126,30.7,31.47,29.82,30.89,30.89,0.0,0.0,84822.16,259783.268
600149.SH,20151126,17.61,17.72,17.0,17.11,17.38,-0.27,-1.55,197268.48,342434.342
600150.SH,20151126,38.93,40.27,38.51,39.52,38.95,0.57,1.46,300266.31,1183329.979
600151.SH,20151126,13.5,13.85,13.24,13.56,13.68,-0.12,-0.88,407988.83,550793.639
600152.SH,20151126,11.38,12.4,11.38,11.75,11.31,0.44,3.89,233969.14,280602.273
600156.SH,20151126,13.26,13.31,12.8,12.95,13.26,-0.31,-2.34,109790.19,142321.898
600157.SH,20151126,5.17,5.25,5.14,5.17,5.15,0.02,0.39,820622.01,426060.207
600158.SH,20151126,22.9,23.3,22.38,22.42,22.83,-0.41,-1.8,486859.97,1108438.108
600159.SH,20151126,6.61,7.16,6.56,7.1,6.7,0.4,5.97,989865.22,671231.851
600160.SH,20151126,19.93,19.98,18.38,18.49,19.78,-1.29,-6.52,414251.54,794802.616
600161.SH,20151126,31.48,31.7,30.85,30.87,31.37,-0.5,-1.59,50654.53,158391.816
600162.SH,20151126,9.11,9.11,8.6,8.68,9.11,-0.43,-4.72,247764.33,218114.277
600163.SH,20151126,7.33,7.36,7.25,7.25,7.28,-0.03,-0.41,54612.92,39798.665
600165.SH,20151126,19.99,19.99,19.99,19.99,18.17,1.82,10.02,4905.06,9805.215
600166.SH,20151126,6.95,6.97,6.88,6.92,6.93,-0.01,-0.14,493073.64,341288.405
600169.SH,20151126,6.8,6.81,6.53,6.54,6.7,-0.16,-2.39,832624.34,551678.804
600170.SH,20151126,7.98,8.1,7.95,7.99,7.94,0.05,0.63,574551.41,459829.73
600171.SH,20151126,22.8,23.71,22.18,23.01,22.59,0.42,1.86,443018.4,1012338.705
600172.SH,20151126,24.55,24.65,23.81,24.08,24.42,-0.34,-1.39,76510.14,184342.164
600173.SH,20151126,8.25,8.35,7.95,8.1,8.23,-0.13,-1.58,148113.65,121184.306
600175.SH,20151126,6.13,6.28,6.07,6.15,6.1,0.05,0.82,459712.14,284365.503
600176.SH,20151126,25.27,25.92,25.04,25.17,25.12,0.05,0.2,182186.25,462860.309
600177.SH,20151126,16.29,16.36,15.92,15.95,16.32,-0.37,-2.27,384193.8,620189.634
600178.SH,20151126,11.46,11.49,11.27,11.32,11.48,-0.16,-1.39,82107.34,93263.906
600179.SH,20151126,15.99,17.3,15.88,16.9,15.93,0.97,6.09,214571.11,357016.042
600180.SH,20151126,26.47,28.28,26.09,27.43,26.09,1.34,5.14,141979.9,391000.313
600182.SH,20151126,17.93,18.37,17.93,18.32,17.88,0.44,2.46,64394.67,116672.551
600183.SH,20151126,9.64,9.94,9.5,9.66,9.58,0.08,0.84,458601.56,446931.047
600184.SH,20151126,33.95,35.83,33.1,33.97,34.41,-0.44,-1.28,103891.31,353427.388
600185.SH,20151126,21.3,22.05,21.23,21.37,21.24,0.13,0.61,152398.77,330100.045
600187.SH,20151126,6.29,6.35,6.2,6.21,6.29,-0.08,-1.27,278743.71,174704.491
600188.SH,20151126,10.1,10.51,10.1,10.37,10.07,0.3,2.98,138608.34,143952.917
600190.SH,20151126,6.25,6.28,6.16,6.19,6.26,-0.07,-1.12,132693.11,82547.405
600191.SH,20151126,22.7,22.99,20.8,20.92,22.47,-1.55,-6.9,214711.64,469234.351
600192.SH,20151126,10.76,10.76,10.43,10.45,10.74,-0.29,-2.7,170180.72,179919.312
600196.SH,20151126,26.12,26.36,25.73,25.75,26.0,-0.25,-0.96,122439.87,318962.238
600197.SH,20151126,13.78,14.95,13.73,14.41,13.86,0.55,3.97,256192.67,367616.288
600198.SH,20151126,25.5,25.65,24.6,25.01,25.49,-0.48,-1.88,457379.58,1148005.963
600199.SH,20151126,9.91,9.94,9.69,9.7,9.89,-0.19,-1.92,125487.1,123414.836
600201.SH,20151126,33.49,33.8,33.35,33.5,33.46,0.04,0.12,43880.05,146988.205
600202.SH,20151126,12.77,12.94,12.31,12.36,12.8,-0.44,-3.44,264284.03,331734.01
600203.SH,20151126,14.15,14.65,13.9,14.6,14.14,0.46,3.25,194127.2,278169.01
600206.SH,20151126,14.78,15.12,14.5,14.6,14.6,0.0,0.0,425194.49,630295.283
600207.SH,20151126,16.0,16.53,14.57,14.75,15.03,-0.28,-1.86,686084.67,1075328.747
600208.SH,20151126,5.7,5.74,5.64,5.64,5.69,-0.05,-0.88,328046.89,186790.827
600209.SH,20151126,10.5,11.36,10.41,10.94,10.5,0.44,4.19,281837.12,307327.237
600210.SH,20151126,7.82,7.87,7.52,7.55,7.78,-0.23,-2.96,652487.55,499293.977
600211.SH,20151126,41.98,41.98,40.3,40.38,40.84,-0.46,-1.13,25212.66,103052.262
600212.SH,20151126,9.49,10.14,9.49,9.93,9.48,0.45,4.75,325910.0,321516.706
600213.SH,20151126,13.34,14.26,13.34,13.85,13.39,0.46,3.44,123629.49,170663.287
600215.SH,20151126,9.98,10.06,9.8,9.86,9.97,-0.11,-1.1,116860.32,115928.65
600216.SH,20151126,11.01,11.08,10.85,10.88,11.02,-0.14,-1.27,277334.88,304104.506
600217.SH,20151126,9.37,9.72,9.37,9.39,9.41,-0.02,-0.21,108082.23,102721.577
600218.SH,20151126,13.32,13.85,13.11,13.25,13.24,0.01,0.08,159441.61,214721.65
600220.SH,20151126,6.33,6.37,6.12,6.14,6.31,-0.17,-2.69,583161.55,363801.618
600221.SH,20151126,4.05,4.07,4.01,4.02,4.06,-0.04,-0.99,956518.45,385753.237
600222.SH,20151126,8.78,8.89,8.6,8.61,8.78,-0.17,-1.94,241976.29,211511.988
600223.SH,20151126,8.35,8.67,8.17,8.41,8.21,0.2,2.44,255298.53,215227.228
600225.SH,20151126,7.77,7.84,7.47,7.53,7.77,-0.24,-3.09,181224.6,139130.573
600226.SH,20151126,10.61,11.35,10.51,11.02,10.67,0.35,3.28,1144171.78,1247445.689
600228.SH,20151126,14.9,15.38,14.77,14.81,15.0,-0.19,-1.27,69626.3,104676.336
600229.SH,20151126,20.58,22.66,20.38,22.66,20.6,2.06,10.0,564914.79,1235280.595
600230.SH,20151126,12.84,13.1,12.54,12.57,12.75,-0.18,-1.41,50777.49,64709.088
600231.SH,20151126,6.43,6.53,6.27,6.36,6.51,-0.15,-2.3,189988.45,121511.848
600232.SH,20151126,12.03,12.5,11.66,11.79,11.94,-0.15,-1.26,191506.85,231148.747
600233.SH,20151126,22.7,24.45,22.53,24.23,22.92,1.31,5.72,69587.97,164119.163
600234.SH,20151126,17.78,19.5,17.5,18.82,17.77,1.05,5.91,441186.71,822946.266
600235.SH,20151126,11.45,11.86,11.37,11.39,11.39,0.0,0.0,106434.69,123978.268
600236.SH,20151126,7.67,7.71,7.55,7.56,7.66,-0.1,-1.31,148050.18,112718.145
600238.SH,20151126,16.83,17.27,16.52,16.87,17.26,-0.39,-2.26,209220.99,353552.267
600239.SH,20151126,7.36,7.48,7.33,7.4,7.33,0.07,0.96,291845.29,216092.045
600240.SH,20151126,15.32,15.44,14.42,14.52,14.93,-0.41,-2.75,464122.94,692748.04
600241.SH,20151126,14.9,15.1,14.5,14.57,14.86,-0.29,-1.95,59562.41,87488.024
600243.SH,20151126,15.08,15.42,14.63,14.67,15.2,-0.53,-3.49,166336.28,249363.302
600246.SH,20151126,5.85,6.09,5.82,5.85,5.73,0.12,2.09,284368.22,169144.829
600247.SH,20151126,17.55,17.6,17.16,17.17,17.51,-0.34,-1.94,63756.11,110575.193
600248.SH,20151126,10.57,11.57,10.57,11.57,10.52,1.05,9.98,294755.75,326264.145
600249.SH,20151126,9.2,9.2,8.75,8.85,9.18,-0.33,-3.59,268698.13,240296.163
600250.SH,20151126,16.96,17.87,16.83,17.21,16.97,0.24,1.41,76264.0,131863.973
600251.SH,20151126,12.13,12.24,11.9,11.92,12.1,-0.18,-1.49,122474.21,147289.451
600252.SH,20151126,7.6,7.63,7.35,7.48,7.54,-0.06,-0.8,1788924.11,1336936.317
600255.SH,20151126,6.11,6.39,6.0,6.19,6.1,0.09,1.48,1140263.05,706978.125
600256.SH,20151126,7.44,7.5,7.26,7.32,7.38,-0.06,-0.81,771275.81,569168.445
600257.SH,20151126,14.1,14.48,13.7,13.74,13.96,-0.22,-1.58,390151.75,552206.534
600260.SH,20151126,17.39,17.55,16.61,16.66,17.45,-0.79,-4.53,235666.11,401658.594
600261.SH,20151126,8.33,8.55,8.24,8.52,8.26,0.26,3.15,267846.18,225231.75
600262.SH,20151126,45.5,49.29,45.3,48.18,45.5,2.68,5.89,27098.0,128779.259
600265.SH,20151126,24.46,24.7,23.81,23.88,24.33,-0.45,-1.85,8870.54,21520.829
600266.SH,20151126,15.72,15.83,15.46,15.58,15.51,0.07,0.45,384367.29,602552.688
600267.SH,20151126,15.0,15.03,14.59,14.75,14.9,-0.15,-1.01,152659.55,224786.279
600268.SH,20151126,10.87,11.11,10.71,10.92,10.87,0.05,0.46,301104.99,329480.528
600269.SH,20151126,5.98,6.01,5.93,5.96,5.98,-0.02,-0.33,356112.8,212609.922
600270.SH,20151126,27.43,28.17,27.05,27.56,27.29,0.27,0.99,183487.73,507937.748
600272.SH,20151126,20.83,20.96,19.97,20.14,20.65,-0.51,-2.47,61591.48,124971.046
600273.SH,20151126,11.36,11.76,11.18,11.44,11.33,0.11,0.97,353453.66,405119.594
600275.SH,20151126,8.6,9.27,8.48,9.09,8.43,0.66,7.83,403495.86,362210.85
600276.SH,20151126,50.23,50.78,49.7,50.54,50.22,0.32,0.64,107838.36,540794.929
600277.SH,20151126,10.5,10.64,10.1,10.17,10.3,-0.13,-1.26,607440.79,627459.078
600278.SH,20151126,19.92,19.95,19.48,19.5,19.84,-0.34,-1.71,113172.92,222521.82
600279.SH,20151126,14.09,14.43,14.0,14.11,14.04,0.07,0.5,254598.98,361616.765
600280.SH,20151126,12.6,12.69,12.2,12.21,12.45,-0.24,-1.93,414107.95,510623.929
600281.SH,20151126,7.03,7.1,6.96,7.04,7.11,-0.07,-0.98,124022.98,87355.735
600282.SH,20151126,3.49,3.56,3.46,3.55,3.49,0.06,1.72,755659.65,265592.072
600283.SH,20151126,20.0,20.06,19.19,19.45,20.11,-0.66,-3.28,252204.69,494594.715
600284.SH,20151126,14.8,15.0,14.7,14.73,14.75,-0.02,-0.14,219235.19,324832.367
600285.SH,20151126,13.25,13.27,12.9,12.93,13.2,-0.27,-2.05,164323.5,214358.727
600287.SH,20151126,12.43,12.67,12.21,12.61,12.4,0.21,1.69,230588.37,287705.22
600288.SH,20151126,20.6,20.6,19.16,19.66,19.84,-0.18,-0.91,732447.6,1459299.199
600289.SH,20151126,20.91,21.34,20.3,20.46,20.79,-0.33,-1.59,200565.62,418350.621
600290.SH,20151126,15.63,15.91,15.18,15.22,15.63,-0.41,-2.62,170898.67,264003.434
600291.SH,20151126,31.36,31.36,31.36,31.36,28.51,2.85,10.0,13074.14,41000.503
600292.SH,20151126,26.5,27.49,24.8,25.12,26.21,-1.09,-4.16,524936.51,1358940.502
600293.SH,20151126,12.7,13.96,12.61,13.9,12.69,1.21,9.54,500440.88,680935.876
600295.SH,20151126,9.11,9.16,8.9,8.97,9.1,-0.13,-1.43,71520.67,64716.006
600298.SH,20151126,31.56,31.88,30.79,30.82,31.58,-0.76,-2.41,72368.23,226202.413
600299.SH,20151126,19.29,19.39,18.61,18.64,19.21,-0.57,-2.97,66424.07,125410.017
600300.SH,20151126,7.02,7.17,6.88,6.93,6.98,-0.05,-0.72,429779.28,303279.586
600301.SH,20151126,13.79,13.89,13.52,13.64,13.69,-0.05,-0.37,34054.01,46612.014
600302.SH,20151126,10.24,10.58,10.01,10.21,10.21,0.0,0.0,127444.43,132257.994
600303.SH,20151126,16.25,17.2,16.25,17.2,15.64,1.56,9.97,704612.63,1201106.667
600305.SH,20151126,23.7,23.95,23.3,23.33,23.65,-0.32,-1.35,49095.37,116126.003
600307.SH,20151126,4.4,4.49,4.38,4.41,4.4,0.01,0.23,1046993.13,463690.98
600308.SH,20151126,6.0,6.03,5.91,5.95,5.96,-0.01,-0.17,221570.1,132166.326
600309.SH,20151126,18.44,18.75,18.36,18.69,18.4,0.29,1.58,155137.07,288144.475
600310.SH,20151126,11.04,11.08,10.72,10.77,11.03,-0.26,-2.36,261501.38,283762.629
600311.SH,20151126,7.55,7.6,7.38,7.46,7.55,-0.09,-1.19,277043.2,206958.269
600312.SH,20151126,20.22,20.66,20.06,20.08,20.23,-0.15,-0.74,145624.22,294908.615
600313.SH,20151126,15.4,15.54,14.94,15.04,15.59,-0.55,-3.53,173703.9,264769.538
600315.SH,20151126,39.99,43.77,39.96,41.53,39.99,1.54,3.85,438476.05,1836024.695
600316.SH,20151126,26.58,27.3,26.04,26.81,26.71,0.1,0.37,313306.11,836639.026
600317.SH,20151126,5.04,5.05,4.98,4.99,5.04,-0.05,-0.99,233393.59,116774.762
600318.SH,20151126,36.42,39.59,35.9,37.56,36.35,1.21,3.33,122057.82,463818.27
600319.SH,20151126,10.68,10.95,10.24,10.34,10.65,-0.31,-2.91,186473.6,197054.633
600320.SH,20151126,6.63,6.65,6.55,6.55,6.61,-0.06,-0.91,200673.52,132463.258
600321.SH,20151126,5.62,5.73,5.51,5.53,5.59,-0.06,-1.07,444638.1,251192.546
600322.SH,20151126,5.51,5.64,5.47,5.51,5.5,0.01,0.18,309633.58,171756.066
600323.SH,20151126,16.5,16.68,16.19,16.21,16.2,0.01,0.06,183264.55,301609.52
600325.SH,20151126,16.08,16.6,16.01,16.11,16.04,0.07,0.44,269145.66,438512.657
600326.SH,20151126,12.18,12.35,12.02,12.05,12.22,-0.17,-1.39,228981.31,278479.976
600327.SH,20151126,10.33,10.59,10.19,10.48,10.34,0.14,1.35,194130.7,201516.07
600328.SH,20151126,16.0,16.26,15.78,16.14,15.96,0.18,1.13,119755.8,192113.423
600329.SH,20151126,22.04,22.25,21.35,21.45,22.04,-0.59,-2.68,107867.7,235035.988
600330.SH,20151126,15.45,15.57,14.9,14.93,15.43,-0.5,-3.24,325157.54,492972.095
600331.SH,20151126,8.15,8.64,7.96,8.28,8.15,0.13,1.6,487711.42,404047.537
600332.SH,20151126,29.55,29.82,29.31,29.37,29.53,-0.16,-0.54,101630.26,300477.367
600333.SH,20151126,8.31,8.35,8.18,8.21,8.3,-0.09,-1.08,162479.53,134195.764
600335.SH,20151126,18.95,19.64,18.81,19.34,18.82,0.52,2.76,203321.49,393002.209
600336.SH,20151126,9.42,9.54,9.16,9.27,9.42,-0.15,-1.59,199260.61,186245.274
600337.SH,20151126,15.81,16.13,15.58,15.88,15.79,0.09,0.57,106065.32,168530.966
600339.SH,20151126,9.54,9.88,9.1,9.16,9.19,-0.03,-0.33,966544.18,907418.334
600340.SH,20151126,27.79,27.79,26.8,26.88,27.29,-0.41,-1.5,125484.24,341932.918
600343.SH,20151126,30.6,32.2,30.0,31.45,31.31,0.14,0.45,357228.28,1106260.722
600345.SH,20151126,25.65,25.69,24.3,24.53,25.77,-1.24,-4.81,108389.76,270359.734
600346.SH,20151126,12.79,14.18,12.7,12.89,13.16,-0.27,-2.05,739723.24,985133.276
600348.SH,20151126,6.99,7.21,6.99,7.1,6.98,0.12,1.72,437552.64,311323.941
600350.SH,20151126,6.75,6.84,6.68,6.74,6.73,0.01,0.15,174511.25,117826.491
600351.SH,20151126,13.6,13.9,13.39,13.41,13.6,-0.19,-1.4,170634.01,232711.119
600352.SH,20151126,11.24,12.35,11.24,12.35,11.23,1.12,9.97,1899523.86,2288087.108
600353.SH,20151126,11.75,11.83,11.41,11.43,11.86,-0.43,-3.63,155789.72,180324.873
600354.SH,20151126,9.61,9.7,9.42,9.44,9.71,-0.27,-2.78,268893.06,256428.131
600355.SH,20151126,8.99,9.25,8.61,8.74,8.89,-0.15,-1.69,341410.35,305874.056
600356.SH,20151126,11.58,11.67,11.41,11.56,11.54,0.02,0.17,110026.73,127123.648
600358.SH,20151126,19.41,19.6,18.34,18.45,19.27,-0.82,-4.26,286199.22,533489.727
600359.SH,20151126,12.81,13.1,12.66,12.7,12.78,-0.08,-0.63,173095.5,222377.249
600360.SH,20151126,11.86,12.12,11.25,11.49,11.78,-0.29,-2.46,539282.49,627103.95
600361.SH,20151126,8.16,8.17,8.04,8.06,8.12,-0.06,-0.74,133560.23,108314.492
600362.SH,20151126,15.68,16.68,15.47,16.08,15.67,0.41,2.62,587298.47,946538.441
600363.SH,20151126,20.79,21.0,19.8,19.93,20.52,-0.59,-2.88,175119.87,353553.628
600365.SH,20151126,14.69,14.85,14.01,14.05,14.64,-0.59,-4.03,253100.49,366114.682
600366.SH,20151126,21.5,21.9,21.02,21.3,21.36,-0.06,-0.28,267422.51,571223.867
600367.SH,20151126,12.49,12.81,12.2,12.41,12.45,-0.04,-0.32,119045.64,149641.458
600368.SH,20151126,7.07,7.1,6.94,6.96,7.06,-0.1,-1.42,189259.51,132332.805
600369.SH,20151126,10.49,10.75,10.21,10.24,10.44,-0.2,-1.92,1345045.45,1408933.614
600370.SH,20151126,14.8,15.19,14.54,14.6,14.75,-0.15,-1.02,108322.73,161244.259
600371.SH,20151126,19.01,19.77,18.76,19.15,19.12,0.03,0.16,112495.56,217396.688
600372.SH,20151126,27.65,28.63,26.94,27.7,27.92,-0.22,-0.79,317052.49,879851.667
600373.SH,20151126,27.22,27.88,26.15,26.89,26.82,0.07,0.26,248990.87,675017.641
600376.SH,20151126,13.01,13.18,12.56,12.61,12.51,0.1,0.8,506204.82,649743.259
600377.SH,20151126,8.6,8.74,8.57,8.68,8.6,0.08,0.93,70815.78,61031.736
600378.SH,20151126,18.59,19.08,18.28,18.63,18.38,0.25,1.36,138864.21,258699.872
600380.SH,20151126,15.69,15.84,15.21,15.29,15.67,-0.38,-2.43,413480.93,644322.436
600381.SH,20151126,24.93,25.79,24.52,24.8,24.91,-0.11,-0.44,257623.92,647061.934
600382.SH,20151126,16.33,16.5,15.8,15.87,16.19,-0.32,-1.98,103139.59,166971.6
600383.SH,20151126,13.74,13.76,13.11,13.47,13.68,-0.21,-1.54,184293.47,247747.511
600385.SH,20151126,25.22,25.22,24.15,24.22,25.16,-0.94,-3.74,48093.72,118727.921
600386.SH,20151126,18.63,19.4,18.44,18.74,18.81,-0.07,-0.37,141178.26,266909.592
600387.SH,20151126,18.19,18.3,17.6,17.75,18.22,-0.47,-2.58,90834.42,162783.974
600388.SH,20151126,19.51,19.57,18.77,18.81,19.34,-0.53,-2.74,459645.96,877200.541
600389.SH,20151126,26.3,26.58,25.5,25.65,26.15,-0.5,-1.91,30042.26,78575.106
600390.SH,20151126,15.95,15.95,15.31,15.39,15.75,-0.36,-2.29,261742.32,407636.863
600391.SH,20151126,59.68,62.1,57.74,59.86,60.12,-0.26,-0.43,155283.55,925636.955
600392.SH,20151126,14.32,14.32,14.32,14.32,13.02,1.3,9.98,9373.6,13422.995
600393.SH,20151126,11.28,11.55,11.09,11.4,11.3,0.1,0.89,201859.05,228552.267
600395.SH,20151126,8.03,8.44,8.0,8.16,7.99,0.17,2.13,459336.0,378897.083
600396.SH,20151126,8.0,8.03,7.79,7.81,7.99,-0.18,-2.25,208231.42,164303.495
600397.SH,20151126,6.43,6.6,6.38,6.46,6.39,0.07,1.1,451738.62,293871.261
600398.SH,20151126,15.25,15.29,15.03,15.09,15.22,-0.13,-0.85,67826.78,102631.151
600399.SH,20151126,10.07,10.4,9.96,10.35,10.14,0.21,2.07,695090.48,708995.349
600400.SH,20151126,24.66,24.68,22.86,22.86,25.4,-2.54,-10.0,364256.57,861513.116
600401.SH,20151126,3.11,3.11,3.03,3.05,3.09,-0.04,-1.29,1143066.1,350766.593
600403.SH,20151126,7.54,7.59,7.38,7.39,7.49,-0.1,-1.34,175398.43,131338.974
600405.SH,20151126,18.15,18.28,17.56,17.59,18.11,-0.52,-2.87,326943.68,582400.639
600406.SH,20151126,16.71,17.19,16.71,16.85,16.74,0.11,0.66,423236.65,718012.208
600408.SH,20151126,4.97,4.97,4.73,4.93,4.73,0.2,4.23,412856.97,202374.666
600409.SH,20151126,8.4,8.42,8.21,8.26,8.41,-0.15,-1.78,309674.08,257232.76
600410.SH,20151126,26.3,26.48,25.27,25.33,25.97,-0.64,-2.46,338981.75,873201.854
600415.SH,20151126,10.53,10.7,10.37,10.39,10.53,-0.14,-1.33,940005.44,987390.478
600416.SH,20151126,20.89,21.17,20.6,20.84,21.09,-0.25,-1.19,115779.45,240975.341
600418.SH,20151126,15.73,16.15,15.66,15.82,15.56,0.26,1.67,385731.55,614197.471
600419.SH,20151126,33.38,34.38,33.1,33.64,33.18,0.46,1.39,42187.75,142766.908
600421.SH,20151126,20.0,20.98,19.8,20.71,20.0,0.71,3.55,82043.5,169037.015
600422.SH,20151126,36.82,36.98,35.6,35.61,36.65,-1.04,-2.84,98115.43,355679.772
600423.SH,20151126,7.79,8.13,7.7,7.9,7.78,0.12,1.54,253813.55,200288.375
600425.SH,20151126,6.02,6.1,5.98,6.04,6.02,0.02,0.33,298118.85,180241.864
600426.SH,20151126,14.2,14.35,14.07,14.23,14.1,0.13,0.92,175631.55,249646.096
600433.SH,20151126,11.36,11.46,10.95,11.0,11.36,-0.36,-3.17,393663.72,440358.058
600435.SH,20151126,34.6,35.28,33.61,34.32,34.93,-0.61,-1.75,383766.62,1318240.63
600436.SH,20151126,59.98,60.11,59.03,59.06,59.55,-0.49,-0.82,26560.86,158083.385
600438.SH,20151126,13.95,14.05,13.63,13.89,13.95,-0.06,-0.43,110604.62,153306.394
600439.SH,20151126,6.88,7.25,6.8,6.95,6.9,0.05,0.72,643171.24,452641.68
600444.SH,20151126,21.05,21.54,20.99,21.25,20.99,0.26,1.24,20890.76,44510.228
600446.SH,20151126,56.99,57.98,52.99,53.02,55.19,-2.17,-3.93,990644.03,5535000.128
600448.SH,20151126,9.66,9.9,9.52,9.61,9.6,0.01,0.1,302826.4,294698.49
600449.SH,20151126,12.98,13.76,12.95,13.44,12.95,0.49,3.78,245447.02,328783.076
600452.SH,20151126,29.97,30.16,28.6,29.23,29.55,-0.32,-1.08,25322.42,73931.17
600456.SH,20151126,21.8,22.29,20.88,21.4,21.93,-0.53,-2.42,232386.45,500717.647
600458.SH,20151126,21.0,21.22,20.27,20.35,20.71,-0.36,-1.74,213127.59,443060.73
600459.SH,20151126,21.15,22.49,21.0,21.75,21.35,0.4,1.87,183351.75,397845.02
600460.SH,20151126,8.56,8.96,8.47,8.85,8.58,0.27,3.15,485552.91,418296.015
600461.SH,20151126,15.67,16.63,15.55,16.08,15.64,0.44,2.81,206958.98,333484.027
600463.SH,20151126,16.14,16.39,16.0,16.18,16.11,0.07,0.43,49247.43,79499.649
600466.SH,20151126,15.33,16.5,15.2,15.7,15.37,0.33,2.15,462773.87,733967.361
600467.SH,20151126,7.81,8.19,7.76,8.11,7.79,0.32,4.11,385790.86,307856.102
600468.SH,20151126,17.58,17.88,17.37,17.7,17.52,0.18,1.03,72482.47,127722.103
600469.SH,20151126,17.65,17.66,17.15,17.19,17.62,-0.43,-2.44,88734.65,153702.383
600470.SH,20151126,9.95,9.98,9.57,9.62,9.86,-0.24,-2.43,174422.25,169860.47
600475.SH,20151126,18.63,18.7,18.06,18.1,18.45,-0.35,-1.9,48769.68,89445.493
600476.SH,20151126,34.65,36.98,34.08,35.93,34.48,1.45,4.21,81725.32,293191.575
600477.SH,20151126,12.12,12.77,12.07,12.09,12.18,-0.09,-0.74,286048.15,354674.72
600478.SH,20151126,21.58,21.7,21.03,21.12,21.4,-0.28,-1.31,153259.08,325737.507
600479.SH,20151126,19.54,20.2,18.8,19.38,19.52,-0.14,-0.72,134776.07,263111.102
600480.SH,20151126,19.6,21.2,19.46,20.42,19.44,0.98,5.04,176225.97,357581.011
600481.SH,20151126,11.4,11.68,11.23,11.28,11.28,0.0,0.0,299691.92,342936.119
600482.SH,20151126,42.5,46.65,42.1,45.7,42.43,3.27,7.71,280123.87,1257285.68
600483.SH,20151126,17.91,18.16,17.68,17.87,17.98,-0.11,-0.61,101288.98,181189.243
600485.SH,20151126,26.23,28.49,26.0,27.25,26.2,1.05,4.01,736877.39,1994980.833
600486.SH,20151126,29.75,30.15,29.0,29.03,29.78,-0.75,-2.52,75079.53,221175.69
600487.SH,20151126,14.12,14.29,13.7,13.72,13.9,-0.18,-1.3,352666.74,493382.643
600488.SH,20151126,7.45,7.47,7.32,7.35,7.44,-0.09,-1.21,126755.65,93803.535
600489.SH,20151126,9.93,10.14,9.86,9.97,10.08,-0.11,-1.09,474147.66,472237.906
600491.SH,20151126,10.49,10.49,10.26,10.3,10.42,-0.12,-1.15,143891.47,148726.269
600493.SH,20151126,16.11,16.27,15.5,15.83,16.19,-0.36,-2.22,132132.35,209190.427
600495.SH,20151126,12.5,12.62,12.17,12.19,12.39,-0.2,-1.61,485474.06,600173.649
600496.SH,20151126,6.49,6.67,6.35,6.39,6.49,-0.1,-1.54,520218.81,339668.531
600497.SH,20151126,10.82,11.7,10.68,11.08,10.77,0.31,2.88,808768.87,904114.974
600498.SH,20151126,28.52,28.94,27.88,27.99,28.76,-0.77,-2.68,138481.61,391588.016
600499.SH,20151126,23.05,23.14,22.4,22.45,22.95,-0.5,-2.18,161990.59,368172.285
600500.SH,20151126,12.55,12.84,12.44,12.71,12.48,0.23,1.84,453930.58,573579.15
600501.SH,20151126,27.57,28.83,27.01,27.92,27.92,0.0,0.0,236550.86,658761.411
600503.SH,20151126,14.03,14.8,13.85,13.94,13.74,0.2,1.46,2651145.82,3796582.453
600505.SH,20151126,11.38,11.54,11.3,11.34,11.35,-0.01,-0.09,53708.01,61268.219
600506.SH,20151126,21.28,22.0,21.27,21.55,21.28,0.27,1.27,36562.57,79229.14
600507.SH,20151126,6.72,6.77,6.63,6.65,6.71,-0.06,-0.89,115913.32,77691.289
600508.SH,20151126,10.66,11.08,10.64,10.79,10.62,0.17,1.6,188150.17,204467.552
600509.SH,20151126,10.64,10.68,10.35,10.41,10.62,-0.21,-1.98,275307.81,288827.005
600510.SH,20151126,12.5,13.08,12.23,12.86,12.53,0.33,2.63,240317.88,304761.009
600511.SH,20151126,33.63,33.7,32.89,32.97,33.4,-0.43,-1.29,95019.64,315579.511
600512.SH,20151126,5.57,5.6,5.41,5.45,5.54,-0.09,-1.62,256967.61,141714.57
600513.SH,20151126,24.28,24.67,23.82,23.98,24.06,-0.08,-0.33,72620.64,175765.879
600516.SH,20151126,11.71,12.62,11.71,12.62,11.47,1.15,10.03,2201371.96,2747387.509
600517.SH,20151126,15.98,16.23,15.23,15.31,15.83,-0.52,-3.28,292613.14,460054.666
600518.SH,20151126,18.27,18.65,17.71,18.61,18.27,0.34,1.86,1589004.36,2896566.896
600519.SH,20151126,213.49,213.79,211.83,212.84,212.98,-0.14,-0.07,18804.53,400523.684
600520.SH,20151126,25.15,26.14,24.75,25.23,25.25,-0.02,-0.08,100185.94,256009.521
600521.SH,20151126,23.82,23.95,23.61,23.77,23.78,-0.01,-0.04,48736.27,115741.714
600522.SH,20151126,24.2,24.5,23.18,23.34,22.94,0.4,1.74,609757.05,1455285.321
600523.SH,20151126,23.82,24.58,23.51,24.01,23.99,0.02,0.08,99679.43,239004.286
600525.SH,20151126,21.4,21.44,20.7,20.73,21.25,-0.52,-2.45,202770.27,423972.195
600526.SH,20151126,20.66,20.76,19.52,19.71,20.38,-0.67,-3.29,361183.51,722419.013
600527.SH,20151126,8.2,8.28,8.03,8.16,8.19,-0.03,-0.37,689908.62,562173.648
600529.SH,20151126,19.46,19.58,18.61,18.79,19.44,-0.65,-3.34,63351.85,121172.65
600531.SH,20151126,13.6,14.58,13.51,13.99,13.77,0.22,1.6,195760.84,275181.684
600532.SH,20151126,16.03,16.03,16.03,16.03,14.57,1.46,10.02,57760.62,92590.274
600535.SH,20151126,38.19,38.38,37.78,37.9,38.18,-0.28,-0.73,48131.36,182951.846
600536.SH,20151126,37.21,37.5,35.95,36.02,37.24,-1.22,-3.28,124558.62,455646.414
600537.SH,20151126,16.5,16.5,15.45,15.59,16.13,-0.54,-3.35,329199.01,524853.408
600538.SH,20151126,13.11,13.28,12.58,13.04,13.08,-0.04,-0.31,91204.5,118173.89
600539.SH,20151126,12.09,12.26,11.86,11.89,12.02,-0.13,-1.08,87585.04,105765.519
600540.SH,20151126,8.64,9.09,8.55,8.84,8.67,0.17,1.96,239517.89,213552.711
600543.SH,20151126,12.88,13.18,12.75,12.79,12.85,-0.06,-0.47,140553.74,182251.243
600545.SH,20151126,13.22,13.58,13.05,13.49,13.18,0.31,2.35,637088.73,850054.608
600546.SH,20151126,4.88,5.1,4.87,4.98,4.87,0.11,2.26,567287.11,283042.72
600547.SH,20151126,19.68,20.17,19.49,19.75,20.07,-0.32,-1.59,394477.88,779377.903
600548.SH,20151126,9.75,9.86,9.37,9.4,9.49,-0.09,-0.95,105677.52,101241.385
600549.SH,20151126,20.82,22.35,20.8,21.29,20.8,0.49,2.36,366965.17,789831.864
600550.SH,20151126,8.75,8.75,8.57,8.63,8.78,-0.15,-1.71,237823.16,205805.603
600551.SH,20151126,26.09,28.2,26.09,28.2,25.64,2.56,9.98,145061.27,400089.732
600552.SH,20151126,19.64,20.96,19.64,20.15,19.57,0.58,2.96,179013.24,364574.415
600555.SH,20151126,10.27,10.27,10.01,10.07,10.27,-0.2,-1.95,750454.74,759246.238
600556.SH,20151126,23.7,24.68,22.52,22.76,23.67,-0.91,-3.84,231928.15,542542.466
600557.SH,20151126,25.17,25.24,24.75,24.81,25.05,-0.24,-0.96,66367.31,165827.29
600558.SH,20151126,9.44,9.79,9.0,9.15,9.41,-0.26,-2.76,401967.76,376354.527
600559.SH,20151126,61.61,61.96,59.45,59.76,61.61,-1.85,-3.0,18513.24,112569.194
600560.SH,20151126,19.9,20.48,19.55,19.64,20.03,-0.39,-1.95,120260.82,239617.613
600561.SH,20151126,16.4,17.88,16.28,17.42,16.31,1.11,6.81,150776.13,259224.528
600562.SH,20151126,63.94,64.61,61.78,62.33,64.17,-1.84,-2.87,52179.24,328278.47
600563.SH,20151126,40.01,40.4,39.07,39.31,40.08,-0.77,-1.92,59910.49,238140.809
600566.SH,20151126,26.3,26.45,25.55,25.71,26.21,-0.5,-1.91,35635.99,92705.993
600567.SH,20151126,4.08,4.13,4.02,4.06,4.07,-0.01,-0.25,942119.86,382785.205
600568.SH,20151126,24.96,26.15,24.6,25.02,24.62,0.4,1.62,151376.36,385340.037
600569.SH,20151126,3.24,3.25,3.18,3.19,3.23,-0.04,-1.24,216247.47,69477.348
600570.SH,20151126,75.76,75.9,71.4,71.6,74.95,-3.35,-4.47,358965.36,2623959.858
600571.SH,20151126,72.1,73.5,69.51,69.78,71.96,-2.18,-3.03,143234.98,1013568.422
600572.SH,20151126,13.81,13.87,13.57,13.6,13.77,-0.17,-1.23,169303.9,232240.867
600573.SH,20151126,16.29,16.67,16.09,16.2,16.29,-0.09,-0.55,48198.38,78914.064
600575.SH,20151126,5.91,6.49,5.85,6.49,5.9,0.59,10.0,1009979.36,629785.451
600577.SH,20151126,7.2,7.6,7.0,7.05,6.91,0.14,2.03,2069203.14,1506836.431
600579.SH,20151126,15.25,16.49,15.16,16.01,15.25,0.76,4.98,115950.3,184603.478
600580.SH,20151126,16.72,16.79,15.88,15.91,16.57,-0.66,-3.98,254977.21,413607.02
600581.SH,20151126,7.38,7.94,7.35,7.57,7.38,0.19,2.57,501547.7,383676.866
600582.SH,20151126,16.4,16.79,16.21,16.41,16.36,0.05,0.31,226151.82,371717.558
600583.SH,20151126,10.07,10.11,9.99,10.0,10.05,-0.05,-0.5,299705.41,301217.446
600584.SH,20151126,23.7,24.94,23.0,24.36,24.06,0.3,1.25,654002.79,1570790.276
600585.SH,20151126,17.29,17.38,17.21,17.24,17.26,-0.02,-0.12,253963.21,439323.097
600586.SH,20151126,5.61,5.76,5.53,5.66,5.61,0.05,0.89,437567.06,246987.557
600587.SH,20151126,38.49,38.8,37.57,37.69,38.73,-1.04,-2.69,50582.28,192684.383
600588.SH,20151126,32.67,32.7,31.18,31.23,32.46,-1.23,-3.79,307922.79,981877.575
600590.SH,20151126,16.75,16.88,16.1,16.13,16.86,-0.73,-4.33,299187.43,489334.409
600592.SH,20151126,13.86,14.5,13.73,14.34,13.88,0.46,3.31,237504.27,334574.934
600593.SH,20151126,39.54,41.5,39.03,40.12,39.49,0.63,1.6,32078.06,130142.969
600594.SH,20151126,21.2,21.5,20.78,20.84,21.19,-0.35,-1.65,129797.7,273387.676
600595.SH,20151126,5.42,5.69,5.39,5.49,5.39,0.1,1.86,684986.85,378889.257
600596.SH,20151126,11.55,12.0,11.55,12.0,10.91,1.09,9.99,167568.12,199198.495
600597.SH,20151126,16.68,16.75,16.3,16.32,16.51,-0.19,-1.15,95294.82,157158.455
600598.SH,20151126,15.82,15.95,15.55,15.58,15.76,-0.18,-1.14,258145.92,405506.358
600599.SH,20151126,41.68,42.89,39.98,40.35,41.68,-1.33,-3.19,89123.06,365237.193
600600.SH,20151126,33.91,33.92,33.64,33.68,33.84,-0.16,-0.47,27033.26,91258.038
600601.SH,20151126,7.24,7.25,7.06,7.08,7.22,-0.14,-1.94,857841.89,611380.921
600602.SH,20151126,10.62,10.65,10.28,10.33,10.61,-0.28,-2.64,193652.9,201924.783
600604.SH,20151126,24.19,24.58,23.39,23.41,24.04,-0.63,-2.62,93637.97,222789.394
600605.SH,20151126,23.15,23.95,23.15,23.65,23.25,0.4,1.72,58935.31,139244.504
600608.SH,20151126,9.93,9.99,9.75,9.82,9.91,-0.09,-0.91,62371.1,61536.33
600609.SH,20151126,5.32,5.39,5.25,5.27,5.33,-0.06,-1.13,260036.41,138100.314
600610.SH,20151126,15.39,15.6,15.05,15.46,15.61,-0.15,-0.96,250051.05,383702.342
600611.SH,20151126,16.31,16.37,15.94,15.97,16.21,-0.24,-1.48,414304.22,670902.259
600612.SH,20151126,44.1,44.16,43.4,43.46,44.19,-0.73,-1.65,22607.99,98775.301
600613.SH,20151126,24.5,24.72,23.8,23.82,24.61,-0.79,-3.21,72670.84,175068.515
600614.SH,20151126,11.94,12.17,11.62,11.69,11.94,-0.25,-2.09,327590.05,388416.004
600615.SH,20151126,22.5,22.91,21.91,22.07,22.42,-0.35,-1.56,33890.43,75881.336
600616.SH,20151126,12.59,12.63,12.23,12.24,12.5,-0.26,-2.08,113727.93,141096.156
600617.SH,20151126,17.36,17.43,17.0,17.05,17.3,-0.25,-1.45,64778.22,111311.991
600618.SH,20151126,13.52,13.52,13.13,13.16,13.47,-0.31,-2.3,55351.42,73787.793
600619.SH,20151126,14.54,15.09,14.48,14.76,14.53,0.23,1.58,58445.65,86225.501
600621.SH,20151126,14.64,14.68,14.15,14.22,14.46,-0.24,-1.66,173199.19,248818.457
600622.SH,20151126,16.4,16.74,15.74,15.77,16.43,-0.66,-4.02,162736.46,265137.345
600623.SH,20151126,20.55,20.57,19.95,20.48,20.35,0.13,0.64,40270.28,81963.586
600624.SH,20151126,19.25,19.29,18.38,18.42,19.12,-0.7,-3.66,276171.34,516833.669
600626.SH,20151126,16.05,16.41,15.8,16.0,15.91,0.09,0.57,335936.08,540670.736
600628.SH,20151126,18.35,18.46,18.06,18.1,18.19,-0.09,-0.49,152425.18,278157.794
600629.SH,20151126,26.26,26.26,25.35,25.66,26.16,-0.5,-1.91,40325.99,103793.229
600630.SH,20151126,28.51,29.4,28.0,28.29,28.58,-0.29,-1.01,369169.05,1059584.992
600634.SH,20151126,23.39,25.56,22.81,24.73,23.24,1.49,6.41,857876.44,2055541.695
600635.SH,20151126,10.75,10.84,10.42,10.47,10.81,-0.34,-3.15,1096924.57,1163047.887
600636.SH,20151126,17.9,17.98,17.15,17.22,17.89,-0.67,-3.75,205258.86,359748.776
600637.SH,20151126,37.55,39.65,37.55,37.95,37.37,0.58,1.55,537897.3,2073344.672
600638.SH,20151126,14.81,14.98,14.47,14.51,14.71,-0.2,-1.36,102812.15,152160.497
600639.SH,20151126,25.09,25.28,24.2,24.39,24.94,-0.55,-2.21,143944.18,354780.76
600640.SH,20151126,24.04,24.4,23.65,23.78,24.17,-0.39,-1.61,99235.75,238764.197
600641.SH,20151126,16.26,18.01,16.06,17.41,16.37,1.04,6.35,765547.59,1332592.57
600642.SH,20151126,7.99,8.05,7.98,8.0,7.99,0.01,0.13,258600.06,207252.321
600644.SH,20151126,8.69,8.73,8.5,8.51,8.67,-0.16,-1.85,94636.92,81468.868
600645.SH,20151126,57.75,57.95,55.95,56.25,57.43,-1.18,-2.05,95206.61,538079.99
600647.SH,20151126,32.86,33.91,31.13,31.63,30.86,0.77,2.5,134449.73,437267.485
600648.SH,20151126,28.85,28.94,28.27,28.38,28.71,-0.33,-1.15,96805.55,276888.343
600649.SH,20151126,18.17,18.27,17.5,17.56,18.04,-0.48,-2.66,441928.38,792575.91
600650.SH,20151126,44.75,45.42,43.59,43.88,44.23,-0.35,-0.79,189629.82,843005.998
600652.SH,20151126,28.15,29.1,26.88,26.98,28.83,-1.85,-6.42,866010.53,2408103.532
600653.SH,20151126,6.09,6.1,5.93,5.94,6.02,-0.08,-1.33,488930.05,293368.084
600654.SH,20151126,34.8,34.98,33.38,33.44,34.75,-1.31,-3.77,240725.15,816450.516
600655.SH,20151126,17.88,18.56,17.84,18.1,17.74,0.36,2.03,371571.92,676771.279
600657.SH,20151126,7.09,7.28,7.06,7.1,7.04,0.06,0.85,217744.35,155528.323
600658.SH,20151126,12.05,12.27,11.76,11.81,11.99,-0.18,-1.5,111805.29,134520.801
600660.SH,20151126,14.23,14.34,14.14,14.32,14.2,0.12,0.85,98485.47,140306.042
600661.SH,20151126,44.8,47.44,43.1,45.9,44.48,1.42,3.19,98941.87,447410.035
600662.SH,20151126,17.05,17.1,16.51,16.64,17.01,-0.37,-2.18,372469.75,626140.364
600663.SH,20151126,50.61,50.66,49.6,49.73,50.0,-0.27,-0.54,64427.08,322400.928
600664.SH,20151126,12.06,12.15,11.99,11.99,12.07,-0.08,-0.66,83914.23,100871.454
600665.SH,20151126,6.73,7.3,6.73,7.05,6.72,0.33,4.91,431148.67,306151.373
600667.SH,20151126,10.91,11.57,10.84,10.86,11.15,-0.29,-2.6,549109.73,614679.138
600668.SH,20151126,15.68,15.74,15.25,15.32,15.65,-0.33,-2.11,145833.56,225220.102
600673.SH,20151126,9.45,10.22,9.31,9.71,9.44,0.27,2.86,829960.17,806096.52
600674.SH,20151126,10.82,10.85,10.75,10.77,10.81,-0.04,-0.37,297466.51,320922.792
600675.SH,20151126,8.42,8.83,8.42,8.55,8.43,0.12,1.42,638353.45,549454.868
600676.SH,20151126,13.78,13.97,13.69,13.71,13.74,-0.03,-0.22,175875.87,243106.217
600677.SH,20151126,25.18,27.5,24.75,26.43,25.74,0.69,2.68,424592.29,1104494.922
600678.SH,20151126,17.65,18.4,17.52,18.16,17.6,0.56,3.18,289506.95,522164.93
600679.SH,20151126,17.21,17.78,17.04,17.29,17.27,0.02,0.12,73972.95,128720.884
600680.SH,20151126,56.0,56.0,53.41,53.5,55.02,-1.52,-2.76,99371.38,542842.519
600681.SH,20151126,13.18,14.4,13.0,13.94,13.09,0.85,6.49,178524.33,248042.939
600683.SH,20151126,10.27,10.32,10.14,10.19,10.22,-0.03,-0.29,41757.41,42682.745
600684.SH,20151126,10.75,11.04,10.69,10.81,10.71,0.1,0.93,322332.74,350779.378
600685.SH,20151126,39.9,41.0,38.92,40.39,39.89,0.5,1.25,82911.75,331194.684
600686.SH,20151126,21.59,21.68,21.0,21.12,21.43,-0.31,-1.45,100656.13,214986.279
600687.SH,20151126,21.48,23.35,21.05,22.72,21.52,1.2,5.58,337322.52,757869.141
600688.SH,20151126,7.2,7.23,7.05,7.07,7.19,-0.12,-1.67,408588.75,291471.55
600689.SH,20151126,17.3,19.11,16.9,19.11,17.37,1.74,10.02,320915.98,574326.9
600691.SH,20151126,3.91,3.93,3.8,3.81,3.91,-0.1,-2.56,440689.98,170411.009
600692.SH,20151126,16.8,16.85,16.21,16.23,16.63,-0.4,-2.41,133791.75,220800.406
600693.SH,20151126,10.5,11.37,10.4,10.91,10.59,0.32,3.02,129526.88,142200.802
600694.SH,20151126,40.1,40.52,39.59,39.77,40.04,-0.27,-0.67,103103.2,412584.049
600695.SH,20151126,11.6,11.67,11.24,11.26,11.46,-0.2,-1.75,97392.6,110814.661
600696.SH,20151126,13.21,14.4,13.15,13.78,13.15,0.63,4.79,692282.95,958353.251
600697.SH,20151126,27.9,28.56,27.9,28.13,27.85,0.28,1.01,52209.17,147683.778
600698.SH,20151126,8.45,8.5,8.2,8.33,8.41,-0.08,-0.95,240033.49,199948.131
600701.SH,20151126,25.18,27.35,25.0,26.47,24.91,1.56,6.26,356458.89,938001.69
600702.SH,20151126,18.97,19.0,18.46,18.51,18.97,-0.46,-2.42,109004.99,204221.58
600703.SH,20151126,26.02,26.96,25.58,25.63,26.15,-0.52,-1.99,361053.82,952421.625
600704.SH,20151126,21.0,21.11,20.1,20.31,20.87,-0.56,-2.68,541066.17,1112064.828
600705.SH,20151126,18.37,18.43,17.91,17.93,18.27,-0.34,-1.86,795940.99,1442716.779
600706.SH,20151126,20.77,21.69,20.5,20.98,20.77,0.21,1.01,48351.24,102173.468
600708.SH,20151126,14.57,14.65,14.31,14.39,14.55,-0.16,-1.1,173081.01,250198.581
600711.SH,20151126,8.73,9.27,8.7,8.89,8.74,0.15,1.72,1242583.72,1118910.444
600712.SH,20151126,8.88,9.37,8.74,9.27,8.85,0.42,4.75,431298.58,392043.37
600713.SH,20151126,11.7,11.74,11.27,11.3,11.69,-0.39,-3.34,206237.72,235620.446
600714.SH,20151126,11.76,12.73,11.76,12.27,11.86,0.41,3.46,118164.54,145867.907
600715.SH,20151126,30.07,30.07,30.07,30.07,28.64,1.43,4.99,34.12,102.599
600716.SH,20151126,9.77,10.1,9.68,9.83,9.75,0.08,0.82,254039.53,251383.472
600717.SH,20151126,11.96,12.03,11.79,11.81,11.93,-0.12,-1.01,150886.81,179798.93
600719.SH,20151126,16.34,16.58,15.9,16.19,16.2,-0.01,-0.06,142776.99,230904.537
600720.SH,20151126,9.38,9.53,9.13,9.16,9.36,-0.2,-2.14,234831.32,219339.957
600722.SH,20151126,7.49,7.68,7.44,7.54,7.54,0.0,0.0,94918.0,71980.964
600723.SH,20151126,10.98,11.49,10.96,11.07,10.86,0.21,1.93,180343.09,201669.808
600724.SH,20151126,7.26,7.4,7.18,7.19,7.29,-0.1,-1.37,179353.16,130156.987
600725.SH,20151126,7.1,7.16,6.87,6.89,7.18,-0.29,-4.04,189328.42,132506.203
600726.SH,20151126,7.53,7.6,7.44,7.51,7.52,-0.01,-0.13,273629.83,205527.201
600727.SH,20151126,10.26,10.34,10.04,10.05,10.31,-0.26,-2.52,112858.71,114440.205
600728.SH,20151126,40.4,40.44,38.88,39.26,40.45,-1.19,-2.94,195830.51,774191.787
600730.SH,20151126,21.05,22.22,20.25,21.11,20.46,0.65,3.18,899292.19,1906558.297
600731.SH,20151126,10.78,11.18,10.61,10.87,10.69,0.18,1.68,133119.95,144989.936
600733.SH,20151126,41.85,43.42,41.29,41.8,41.49,0.31,0.75,19681.62,83169.719
600734.SH,20151126,14.15,15.0,14.1,14.88,13.88,1.0,7.2,198873.85,288466.513
600735.SH,20151126,19.86,19.86,19.51,19.86,18.05,1.81,10.03,319484.34,634209.464
600737.SH,20151126,17.52,17.89,17.38,17.47,17.34,0.13,0.75,785695.88,1384543.984
600738.SH,20151126,9.71,9.78,9.56,9.7,9.71,-0.01,-0.1,176680.17,170997.899
600740.SH,20151126,6.58,6.75,6.52,6.59,6.57,0.02,0.3,243026.74,161441.557
600741.SH,20151126,16.54,16.77,16.36,16.6,16.44,0.16,0.97,242235.84,400856.954
600742.SH,20151126,28.01,29.35,27.76,28.81,27.94,0.87,3.11,137127.08,391518.266
600744.SH,20151126,10.66,10.66,10.19,10.23,10.59,-0.36,-3.4,384820.07,399692.364
600747.SH,20151126,6.03,6.28,6.03,6.04,6.04,0.0,0.0,382708.03,234528.158
600748.SH,20151126,13.3,13.97,13.13,13.94,13.25,0.69,5.21,266387.03,361164.41
600749.SH,20151126,23.05,23.4,22.5,22.69,23.28,-0.59,-2.53,61835.37,141230.741
600750.SH,20151126,37.2,37.55,37.01,37.53,37.18,0.35,0.94,136282.07,507822.383
600751.SH,20151126,11.31,11.42,11.06,11.1,11.24,-0.14,-1.25,158888.07,178778.169
600753.SH,20151126,30.99,31.43,29.98,30.47,30.67,-0.2,-0.65,68347.87,208620.154
600754.SH,20151126,53.97,57.7,52.7,54.89,53.37,1.52,2.85,179264.63,988409.787
600755.SH,20151126,9.45,9.49,9.18,9.22,9.47,-0.25,-2.64,536421.69,500457.987
600756.SH,20151126,31.3,33.2,31.19,32.02,31.49,0.53,1.68,204713.07,660912.425
600757.SH,20151126,11.98,12.41,11.82,12.12,12.11,0.01,0.08,452436.47,548240.503
600758.SH,20151126,14.63,15.17,14.49,14.66,14.63,0.03,0.21,112828.3,167777.314
600760.SH,20151126,17.49,18.1,17.3,17.74,17.67,0.07,0.4,273886.45,485147.485
600761.SH,20151126,13.15,13.97,13.08,13.45,13.1,0.35,2.67,283135.46,380538.274
600764.SH,20151126,20.11,20.53,19.8,19.87,20.39,-0.52,-2.55,64774.77,130227.806
600765.SH,20151126,22.84,23.23,22.46,22.85,22.81,0.04,0.18,217418.51,496508.231
600766.SH,20151126,16.4,16.52,16.09,16.2,16.46,-0.26,-1.58,60416.09,98390.335
600768.SH,20151126,24.9,25.18,23.8,24.01,25.09,-1.08,-4.3,55340.87,135094.962
600769.SH,20151126,11.85,11.97,11.62,11.71,11.87,-0.16,-1.35,65444.82,77101.058
600770.SH,20151126,14.36,14.46,13.98,14.04,14.43,-0.39,-2.7,434267.37,616881.357
600773.SH,20151126,23.86,24.76,22.96,23.2,23.69,-0.49,-2.07,539272.11,1283093.472
600774.SH,20151126,22.62,23.0,21.5,21.55,23.05,-1.5,-6.51,62713.52,140309.551
600775.SH,20151126,19.22,19.79,18.63,18.8,19.12,-0.32,-1.67,169938.31,326030.225
600776.SH,20151126,13.06,13.09,12.74,12.8,13.05,-0.25,-1.92,250493.98,322912.16
600778.SH,20151126,12.15,12.57,12.12,12.15,12.25,-0.1,-0.82,142754.85,176092.378
600779.SH,20151126,12.85,13.12,12.61,13.0,12.78,0.22,1.72,96599.68,124680.953
600780.SH,20151126,7.7,7.74,7.63,7.67,7.68,-0.01,-0.13,105769.26,81234.925
600782.SH,20151126,5.75,5.83,5.68,5.74,5.74,0.0,0.0,104840.77,60371.233
600783.SH,20151126,40.18,40.89,38.61,39.03,40.66,-1.63,-4.01,342265.43,1354078.488
600787.SH,20151126,11.58,11.75,11.46,11.56,11.55,0.01,0.09,315752.13,366706.936
600789.SH,20151126,14.19,14.43,13.97,14.11,14.05,0.06,0.43,403189.07,572331.057
600790.SH,20151126,8.7,8.73,8.35,8.41,8.68,-0.27,-3.11,376430.44,321961.62
600791.SH,20151126,9.05,9.36,8.89,9.19,8.99,0.2,2.22,234744.41,215130.532
600792.SH,20151126,7.37,7.61,7.36,7.41,7.39,0.02,0.27,241649.4,180988.323
600794.SH,20151126,7.59,7.6,7.36,7.39,7.55,-0.16,-2.12,420007.25,313155.115
600795.SH,20151126,4.2,4.22,4.16,4.16,4.2,-0.04,-0.95,1009740.86,422673.496
600796.SH,20151126,12.16,12.3,11.85,11.91,12.18,-0.27,-2.22,135222.81,163886.355
600797.SH,20151126,15.25,15.89,15.0,15.38,15.21,0.17,1.12,924408.19,1433509.748
600798.SH,20151126,7.61,7.65,7.44,7.45,7.59,-0.14,-1.84,265869.51,199969.529
600800.SH,20151126,10.32,10.57,10.01,10.13,10.36,-0.23,-2.22,306307.87,315800.508
600801.SH,20151126,8.44,8.49,8.33,8.35,8.4,-0.05,-0.6,138308.38,116437.008
600802.SH,20151126,8.72,9.12,8.66,8.88,8.71,0.17,1.95,236877.36,211436.692
600803.SH,20151126,14.48,14.75,14.15,14.28,14.44,-0.16,-1.11,218998.07,315876.075
600804.SH,20151126,26.39,26.8,25.3,25.49,26.35,-0.86,-3.26,358812.28,932943.669
600805.SH,20151126,13.42,14.19,13.39,13.43,13.37,0.06,0.45,428762.43,590062.534
600806.SH,20151126,16.7,17.49,16.21,16.38,17.02,-0.64,-3.76,614047.88,1025416.312
600808.SH,20151126,3.7,3.73,3.66,3.67,3.68,-0.01,-0.27,427522.49,157769.18
600809.SH,20151126,18.25,18.25,17.98,18.01,18.24,-0.23,-1.26,34439.72,62342.831
600810.SH,20151126,10.3,10.48,9.76,9.84,10.08,-0.24,-2.38,412760.75,416100.201
600811.SH,20151126,9.05,9.17,9.02,9.04,9.04,0.0,0.0,332801.92,302386.441
600812.SH,20151126,8.38,8.45,8.29,8.3,8.37,-0.07,-0.84,180894.5,150680.156
600814.SH,20151126,11.9,12.3,11.9,12.24,11.88,0.36,3.03,171500.8,207778.663
600815.SH,20151126,12.0,12.68,11.8,12.04,12.24,-0.2,-1.63,771035.36,938745.333
600816.SH,20151126,19.24,19.5,18.6,18.65,19.21,-0.56,-2.92,217551.18,413649.757
600818.SH,20151126,67.9,67.9,65.45,65.66,67.59,-1.93,-2.86,60751.12,403537.167
600819.SH,20151126,8.52,8.62,8.24,8.25,8.61,-0.36,-4.18,260221.38,217698.65
600820.SH,20151126,12.02,12.11,11.88,11.89,12.0,-0.11,-0.92,468986.3,562008.773
600821.SH,20151126,9.11,9.69,9.04,9.56,9.1,0.46,5.05,300069.78,282792.76
600823.SH,20151126,12.24,12.48,12.15,12.18,12.24,-0.06,-0.49,104311.77,128464.849
600824.SH,20151126,8.95,9.23,8.88,9.0,8.88,0.12,1.35,295237.75,266830.848
600825.SH,20151126,13.09,13.18,12.64,12.96,13.06,-0.1,-0.77,275529.8,354577.344
600826.SH,20151126,33.33,35.77,32.7,34.03,32.98,1.05,3.18,133245.16,458651.746
600827.SH,20151126,19.95,20.35,19.78,19.91,19.79,0.12,0.61,350612.23,702911.891
600828.SH,20151126,9.19,9.3,8.98,9.09,9.19,-0.1,-1.09,119927.47,108796.215
600829.SH,20151126,14.3,14.98,14.12,14.75,14.29,0.46,3.22,123270.33,180018.28
600830.SH,20151126,13.21,13.65,13.07,13.25,13.19,0.06,0.45,347974.76,464346.557
600831.SH,20151126,16.32,16.47,15.74,15.78,16.31,-0.53,-3.25,237727.94,381989.475
600833.SH,20151126,20.96,21.08,20.2,20.24,20.72,-0.48,-2.32,62683.03,128356.802
600834.SH,20151126,18.9,18.96,18.5,18.59,18.84,-0.25,-1.33,103836.1,194665.409
600835.SH,20151126,31.75,31.82,30.8,30.84,31.49,-0.65,-2.06,101810.83,317587.176
600836.SH,20151126,32.21,32.51,31.73,31.78,32.13,-0.35,-1.09,122207.51,392293.19
600837.SH,20151126,17.01,17.26,16.66,16.71,16.82,-0.11,-0.65,1044234.53,1774854.4
600838.SH,20151126,16.77,17.3,16.59,16.93,16.7,0.23,1.38,331794.93,562565.944
600839.SH,20151126,6.87,6.88,6.67,6.69,6.85,-0.16,-2.34,1302437.62,878059.662
600841.SH,20151126,15.0,15.0,14.02,14.06,14.72,-0.66,-4.48,102410.51,146420.661
600843.SH,20151126,17.41,17.48,16.88,16.91,17.48,-0.57,-3.26,104919.94,179673.312
600844.SH,20151126,9.05,9.1,8.78,8.8,9.01,-0.21,-2.33,187873.43,167766.752
600845.SH,20151126,71.3,71.3,68.12,68.27,70.19,-1.92,-2.74,6119.2,42038.952
600846.SH,20151126,13.45,13.5,12.7,12.8,13.41,-0.61,-4.55,440022.71,574430.931
600848.SH,20151126,23.85,24.08,23.5,23.52,23.84,-0.32,-1.34,51446.29,121834.532
600850.SH,20151126,57.68,60.0,56.12,57.28,57.68,-0.4,-0.69,46738.4,269315.423
600851.SH,20151126,15.0,15.34,14.2,14.27,14.79,-0.52,-3.52,465878.66,689350.798
600853.SH,20151126,7.95,7.97,7.76,7.8,7.94,-0.14,-1.76,184104.13,144374.914
600854.SH,20151126,8.81,8.87,8.48,8.51,8.8,-0.29,-3.3,258135.03,223488.204
600855.SH,20151126,43.02,45.0,41.44,43.44,43.44,0.0,0.0,195410.79,840274.293
600856.SH,20151126,23.58,23.93,23.29,23.88,23.58,0.3,1.27,56481.99,133033.565
600857.SH,20151126,18.7,18.88,17.8,18.07,18.78,-0.71,-3.78,162050.35,296778.307
600858.SH,20151126,10.11,10.25,10.0,10.15,10.11,0.04,0.4,121452.98,122867.146
600859.SH,20151126,25.7,25.8,25.02,25.14,25.64,-0.5,-1.95,93039.99,236441.685
600861.SH,20151126,16.08,16.67,16.08,16.34,16.2,0.14,0.86,132909.48,217932.018
600862.SH,20151126,22.45,23.29,22.1,23.24,22.51,0.73,3.24,251283.64,572531.894
600863.SH,20151126,5.01,5.02,4.95,4.97,4.99,-0.02,-0.4,438244.12,218049.958
600865.SH,20151126,16.72,17.2,16.46,16.88,16.53,0.35,2.12,138193.1,232419.333
600866.SH,20151126,9.28,9.5,9.06,9.35,9.3,0.05,0.54,376969.5,349718.349
600867.SH,20151126,25.72,25.78,25.28,25.33,25.59,-0.26,-1.02,56617.25,143975.838
600868.SH,20151126,7.89,7.9,7.7,7.72,7.9,-0.18,-2.28,1830572.14,1421912.752
600869.SH,20151126,10.81,10.91,10.65,10.69,10.87,-0.18,-1.66,275632.26,296563.645
600870.SH,20151126,8.29,8.34,8.13,8.26,8.25,0.01,0.12,99340.97,81804.1
600871.SH,20151126,9.82,9.85,9.4,9.5,9.87,-0.37,-3.75,463384.2,446571.857
600872.SH,20151126,15.75,15.95,15.4,15.8,15.66,0.14,0.89,355790.05,559219.858
600873.SH,20151126,9.2,9.27,8.71,8.74,8.98,-0.24,-2.67,2354944.77,2108064.552
600874.SH,20151126,12.2,12.35,11.75,11.79,12.0,-0.21,-1.75,286981.73,345347.255
600875.SH,20151126,14.97,15.22,14.92,14.97,14.92,0.05,0.34,398253.94,599366.864
600876.SH,20151126,35.4,36.9,34.21,35.7,35.34,0.36,1.02,195752.11,693693.674
600877.SH,20151126,9.51,10.44,9.32,10.08,9.49,0.59,6.22,733882.22,723749.228
600879.SH,20151126,20.51,20.98,19.99,20.38,20.76,-0.38,-1.83,569551.68,1160100.49
600881.SH,20151126,8.09,8.22,7.98,7.98,8.09,-0.11,-1.36,482196.59,388890.377
600883.SH,20151126,16.78,17.1,16.36,16.6,16.96,-0.36,-2.12,77086.25,128820.648
600884.SH,20151126,34.57,34.58,33.37,33.7,34.24,-0.54,-1.58,128201.21,435083.958
600885.SH,20151126,31.77,31.98,31.31,31.71,31.81,-0.1,-0.31,26571.64,84283.324
600886.SH,20151126,9.03,9.06,8.94,8.95,9.0,-0.05,-0.56,875774.37,787406.209
600887.SH,20151126,15.45,15.58,15.41,15.48,15.41,0.07,0.45,530056.77,821923.35
600888.SH,20151126,9.13,9.48,9.05,9.24,9.12,0.12,1.32,364292.99,337756.86
600889.SH,20151126,14.85,14.95,14.49,14.52,14.8,-0.28,-1.89,96788.85,141861.0
600891.SH,20151126,9.73,9.77,9.49,9.53,9.69,-0.16,-1.65,111811.76,107419.364
600892.SH,20151126,75.0,78.45,75.0,78.45,71.32,7.13,10.0,8172.13,63198.29
600893.SH,20151126,50.6,52.3,49.7,51.06,50.91,0.15,0.29,307991.66,1571694.048
600894.SH,20151126,19.53,19.65,19.0,19.02,19.44,-0.42,-2.16,156621.48,301308.207
600895.SH,20151126,30.0,30.0,28.52,28.66,30.0,-1.34,-4.47,502619.28,1470333.334
600896.SH,20151126,17.8,19.58,17.7,19.58,17.8,1.78,10.0,517850.55,990354.812
600897.SH,20151126,24.06,24.18,23.67,23.82,24.07,-0.25,-1.04,40962.21,97912.133
600900.SH,20151126,13.23,13.27,13.12,13.17,13.26,-0.09,-0.68,424532.96,559716.002
600917.SH,20151126,14.42,14.58,14.04,14.07,14.48,-0.41,-2.83,69279.55,98769.041
600958.SH,20151126,25.91,26.49,25.1,25.19,25.49,-0.3,-1.18,496803.64,1285622.653
600959.SH,20151126,23.47,24.16,23.08,23.17,23.35,-0.18,-0.77,443346.57,1048186.798
600961.SH,20151126,13.45,14.91,13.35,14.78,13.55,1.23,9.08,346411.54,502814.27
600962.SH,20151126,18.6,19.44,18.57,18.95,18.57,0.38,2.05,43958.51,83635.204
600963.SH,20151126,8.06,8.56,8.02,8.21,8.08,0.13,1.61,614123.09,511321.521
600965.SH,20151126,16.5,16.8,15.96,16.16,16.33,-0.17,-1.04,102383.53,165520.007
600966.SH,20151126,4.13,4.14,4.07,4.08,4.12,-0.04,-0.97,362763.79,149047.609
600967.SH,20151126,20.2,21.2,20.19,20.72,20.38,0.34,1.67,521905.19,1077324.639
600969.SH,20151126,18.87,19.0,18.68,18.93,18.77,0.16,0.85,73668.2,138602.032
600970.SH,20151126,13.8,13.85,13.21,13.23,13.65,-0.42,-3.08,288935.89,390781.336
600971.SH,20151126,6.41,6.58,6.41,6.47,6.41,0.06,0.94,139091.79,90507.289
600973.SH,20151126,16.63,17.14,16.51,16.66,16.62,0.04,0.24,122026.68,204558.918
600975.SH,20151126,15.8,15.99,14.9,15.44,15.89,-0.45,-2.83,171281.11,261889.96
600976.SH,20151126,34.75,35.48,33.7,33.8,34.56,-0.76,-2.2,53839.42,186605.391
600979.SH,20151126,8.25,8.28,8.1,8.11,8.22,-0.11,-1.34,181744.5,149235.642
600980.SH,20151126,23.74,24.29,23.46,23.54,24.0,-0.46,-1.92,38265.26,91152.829
600981.SH,20151126,13.46,13.59,13.1,13.14,13.44,-0.3,-2.23,121006.11,161403.735
600984.SH,20151126,11.56,11.72,11.21,11.22,11.58,-0.36,-3.11,40504.9,46127.777
600985.SH,20151126,13.95,14.48,13.89,14.19,13.95,0.24,1.72,108710.89,154138.236
600986.SH,20151126,22.44,22.66,21.9,22.07,22.17,-0.1,-0.45,84829.78,188483.984
600987.SH,20151126,13.17,13.43,13.07,13.11,13.07,0.04,0.31,114937.7,152140.993
600992.SH,20151126,15.18,15.74,15.15,15.65,15.16,0.49,3.23,128419.93,197744.232
600993.SH,20151126,22.45,22.55,22.0,22.09,22.38,-0.29,-1.3,167901.99,373095.716
600997.SH,20151126,5.87,6.04,5.82,5.9,5.85,0.05,0.85,217749.92,129360.032
600998.SH,20151126,20.31,20.78,19.9,19.95,20.29,-0.34,-1.68,148353.61,302081.688
600999.SH,20151126,23.01,23.59,22.53,22.54,22.85,-0.31,-1.36,409473.03,944012.674
601001.SH,20151126,5.99,6.2,5.97,6.07,5.97,0.1,1.68,276851.45,169016.789
601002.SH,20151126,13.95,14.03,13.24,13.27,13.69,-0.42,-3.07,391564.02,530628.204
601003.SH,20151126,4.8,4.8,4.72,4.72,4.8,-0.08,-1.67,301147.29,143106.462
601005.SH,20151126,3.36,3.44,3.35,3.4,3.37,0.03,0.89,669281.49,227251.073
601006.SH,20151126,9.27,9.3,9.05,9.11,9.25,-0.14,-1.51,727015.02,667431.071
601007.SH,20151126,16.4,16.64,16.05,16.38,16.38,0.0,0.0,144488.42,236538.655
601008.SH,20151126,7.8,7.82,7.61,7.7,7.78,-0.08,-1.03,251932.98,193986.891
601009.SH,20151126,18.23,18.48,17.88,17.94,18.0,-0.06,-0.33,510175.38,932091.242
601010.SH,20151126,8.6,8.69,8.42,8.43,8.63,-0.2,-2.32,523101.67,446366.398
601011.SH,20151126,8.88,9.47,8.88,9.13,8.61,0.52,6.04,636790.73,584229.895
601012.SH,20151126,13.98,14.13,13.74,13.93,13.89,0.04,0.29,470451.18,654832.211
601015.SH,20151126,13.23,14.51,12.96,14.05,13.19,0.86,6.52,430160.6,597983.774
601016.SH,20151126,18.85,18.97,18.36,18.42,18.82,-0.4,-2.13,163533.98,303316.288
601021.SH,20151126,62.41,63.17,61.9,62.02,62.35,-0.33,-0.53,37826.1,235125.921
601028.SH,20151126,9.65,10.18,9.5,9.99,9.54,0.45,4.72,483548.73,472494.974
601038.SH,20151126,14.28,14.3,13.76,13.84,14.16,-0.32,-2.26,164650.87,231038.082
601058.SH,20151126,8.36,8.41,8.08,8.11,8.28,-0.17,-2.05,289691.52,236671.246
601069.SH,20151126,19.9,21.16,19.81,20.65,20.53,0.12,0.58,235643.26,481251.683
601088.SH,20151126,15.46,15.73,15.46,15.58,15.43,0.15,0.97,271500.31,423231.976
601098.SH,20151126,24.4,24.68,23.62,23.76,24.39,-0.63,-2.58,100114.33,240548.116
601099.SH,20151126,10.28,10.47,10.01,10.05,10.18,-0.13,-1.28,1763488.58,1801956.973
601100.SH,20151126,17.58,17.84,17.21,17.29,17.7,-0.41,-2.32,53781.32,94254.611
601101.SH,20151126,7.8,8.43,7.71,8.43,7.66,0.77,10.05,432450.34,357825.086
601106.SH,20151126,9.41,9.43,9.25,9.27,9.41,-0.14,-1.49,761470.58,709703.142
601107.SH,20151126,5.12,5.18,5.09,5.16,5.11,0.05,0.98,234113.89,120434.624
601111.SH,20151126,9.03,9.06,8.89,8.92,9.03,-0.11,-1.22,291930.27,261971.56
601113.SH,20151126,9.1,9.5,9.09,9.14,9.06,0.08,0.88,91155.07,84449.205
601116.SH,20151126,11.43,11.66,11.35,11.38,11.41,-0.03,-0.26,57291.32,65673.014
601117.SH,20151126,7.46,7.59,7.42,7.46,7.42,0.04,0.54,371023.24,278224.409
601118.SH,20151126,7.98,8.4,7.95,8.15,7.98,0.17,2.13,1029062.45,840901.105
601126.SH,20151126,16.4,16.4,15.62,15.7,16.24,-0.54,-3.33,130973.31,209303.128
601137.SH,20151126,25.9,26.27,25.18,25.27,25.91,-0.64,-2.47,42615.07,109045.17
601139.SH,20151126,9.83,9.86,9.67,9.7,9.82,-0.12,-1.22,123137.85,119893.546
601158.SH,20151126,10.13,10.17,9.96,9.97,10.07,-0.1,-0.99,110492.5,110942.828
601166.SH,20151126,16.2,16.35,16.07,16.08,16.17,-0.09,-0.56,784967.25,1273455.136
601168.SH,20151126,7.66,7.96,7.62,7.74,7.64,0.1,1.31,844439.97,658316.534
601169.SH,20151126,9.65,9.71,9.5,9.52,9.6,-0.08,-0.83,935509.1,898370.365
601177.SH,20151126,11.7,12.87,11.63,12.46,11.76,0.7,5.95,149235.24,185311.623
601179.SH,20151126,7.17,7.27,7.13,7.16,7.14,0.02,0.28,267621.49,192962.915
601186.SH,20151126,15.51,15.68,15.24,15.25,15.37,-0.12,-0.78,365528.24,562707.775
601188.SH,20151126,5.21,5.23,5.11,5.13,5.2,-0.07,-1.35,125024.86,64664.65
601198.SH,20151126,28.56,28.92,26.92,26.98,28.14,-1.16,-4.12,993300.57,2778465.337
601199.SH,20151126,38.36,39.32,38.13,38.85,38.12,0.73,1.92,44579.7,173121.473
601208.SH,20151126,9.4,9.41,9.15,9.18,9.38,-0.2,-2.13,167208.61,154621.194
601211.SH,20151126,24.1,24.69,23.89,24.03,23.99,0.04,0.17,663181.7,1610982.188
601216.SH,20151126,13.66,13.66,12.53,12.58,12.42,0.16,1.29,1955994.44,2569843.131
601218.SH,20151126,7.51,7.64,7.35,7.37,7.48,-0.11,-1.47,408019.39,306289.773
601222.SH,20151126,41.0,41.49,39.39,39.55,40.12,-0.57,-1.42,60494.04,245258.036
601225.SH,20151126,5.28,5.5,5.26,5.33,5.28,0.05,0.95,640222.88,345843.98
601226.SH,20151126,13.84,13.93,13.63,13.65,13.83,-0.18,-1.3,83650.51,115140.9
601231.SH,20151126,15.14,15.46,15.09,15.16,15.19,-0.03,-0.2,124034.24,189233.915
601233.SH,20151126,14.95,15.35,14.41,14.61,14.9,-0.29,-1.95,341916.7,506541.658
601238.SH,20151126,23.07,23.07,22.16,22.17,22.93,-0.76,-3.31,68154.71,152552.105
601258.SH,20151126,4.37,4.45,4.35,4.38,4.37,0.01,0.23,1657747.85,728803.81
601288.SH,20151126,3.22,3.24,3.21,3.22,3.23,-0.01,-0.31,1986038.31,640015.917
601311.SH,20151126,21.9,22.5,21.42,21.99,21.39,0.6,2.81,293031.0,646158.946
601318.SH,20151126,35.19,35.42,35.0,35.03,35.04,-0.01,-0.03,549162.43,1931733.515
601328.SH,20151126,6.57,6.59,6.51,6.52,6.56,-0.04,-0.61,930634.47,609933.767
601333.SH,20151126,4.88,4.93,4.81,4.84,4.89,-0.05,-1.02,428089.78,209055.297
601336.SH,20151126,49.19,49.96,47.98,48.06,48.68,-0.62,-1.27,180066.75,881776.982
601339.SH,20151126,7.4,7.78,7.36,7.59,7.41,0.18,2.43,303089.2,231059.811
601360.SH,20151126,16.27,16.73,16.19,16.4,16.25,0.15,0.92,182254.51,300425.819
601368.SH,20151126,20.32,20.69,19.94,19.98,20.29,-0.31,-1.53,129809.82,263697.438
601369.SH,20151126,9.55,9.56,9.21,9.27,9.52,-0.25,-2.63,204574.88,191026.187
601377.SH,20151126,12.18,12.34,11.71,11.8,12.02,-0.22,-1.83,1700047.58,2042775.27
601390.SH,20151126,12.67,12.78,12.4,12.44,12.44,0.0,0.0,849919.84,1069225.263
601398.SH,20151126,4.65,4.69,4.65,4.68,4.66,0.02,0.43,1840041.27,859312.173
601515.SH,20151126,16.26,16.4,15.8,15.98,16.09,-0.11,-0.68,98271.51,158434.114
601518.SH,20151126,5.12,5.13,5.06,5.07,5.1,-0.03,-0.59,153852.42,78350.951
601519.SH,20151126,15.2,15.25,14.5,14.7,15.23,-0.53,-3.48,655921.11,974750.276
601555.SH,20151126,17.47,17.78,16.83,16.87,17.15,-0.28,-1.63,836787.12,1450483.28
601558.SH,20151126,4.52,4.66,4.5,4.56,4.51,0.05,1.11,730745.47,334041.935
601566.SH,20151126,21.55,21.97,21.15,21.33,21.64,-0.31,-1.43,50877.96,109671.529
601567.SH,20151126,16.25,16.48,16.0,16.01,16.49,-0.48,-2.91,123504.45,199768.898
601579.SH,20151126,13.78,13.96,13.45,13.52,13.77,-0.25,-1.82,42519.12,57963.561
601588.SH,20151126,5.37,5.55,5.37,5.45,5.36,0.09,1.68,725803.68,395596.951
601599.SH,20151126,24.83,24.97,24.01,24.19,24.63,-0.44,-1.79,191690.6,467968.885
601600.SH,20151126,5.31,5.44,5.27,5.35,5.25,0.1,1.9,1518354.48,814596.379
601601.SH,20151126,27.15,27.36,27.0,27.03,27.02,0.01,0.04,151315.33,409971.412
601607.SH,20151126,20.08,20.15,19.85,19.87,20.02,-0.15,-0.75,104741.95,209211.964
601608.SH,20151126,8.46,8.57,8.26,8.31,8.6,-0.29,-3.37,850953.65,712816.56
601616.SH,20151126,7.39,7.45,7.06,7.11,7.28,-0.17,-2.34,280448.36,201729.383
601628.SH,20151126,28.35,28.59,28.06,28.08,28.18,-0.1,-0.35,136980.19,387355.059
601633.SH,20151126,13.65,13.67,13.11,13.13,13.54,-0.41,-3.03,417640.47,555233.713
601636.SH,20151126,5.88,5.9,5.7,5.73,5.91,-0.18,-3.05,766754.84,443682.164
601666.SH,20151126,5.04,5.14,5.03,5.07,5.04,0.03,0.6,367335.77,187031.972
601668.SH,20151126,6.7,6.74,6.61,6.62,6.67,-0.05,-0.75,1689070.25,1127450.956
601669.SH,20151126,9.14,9.21,9.01,9.02,9.09,-0.07,-0.77,606229.34,551611.98
601677.SH,20151126,14.97,15.6,14.89,15.35,14.97,0.38,2.54,94539.07,144711.102
601678.SH,20151126,8.02,8.23,8.02,8.11,8.02,0.09,1.12,316537.18,257232.333
601688.SH,20151126,21.15,21.75,20.75,20.77,20.94,-0.17,-0.81,609845.9,1294362.411
601689.SH,20151126,24.11,24.68,23.62,23.79,24.1,-0.31,-1.29,101464.91,245183.086
601699.SH,20151126,6.64,6.83,6.63,6.7,6.63,0.07,1.06,464701.14,313124.288
601700.SH,20151126,10.45,10.7,10.18,10.21,10.39,-0.18,-1.73,266493.42,277594.152
601717.SH,20151126,7.45,7.57,7.4,7.44,7.43,0.01,0.13,389218.57,290594.628
601718.SH,20151126,14.23,14.5,14.08,14.09,14.24,-0.15,-1.05,1141584.53,1627753.946
601766.SH,20151126,14.85,14.94,14.56,14.59,14.6,-0.01,-0.07,1447997.26,2131340.756
601777.SH,20151126,15.31,16.46,15.25,16.11,15.39,0.72,4.68,294565.79,469343.461
601788.SH,20151126,25.68,26.48,24.78,24.84,25.27,-0.43,-1.7,889488.21,2273246.52
601789.SH,20151126,12.32,12.9,12.23,12.7,12.32,0.38,3.08,266874.16,336752.763
601798.SH,20151126,14.11,14.13,13.71,13.76,14.09,-0.33,-2.34,81192.77,112808.807
601799.SH,20151126,37.53,39.37,35.0,36.39,36.81,-0.42,-1.14,126457.66,469623.268
601800.SH,20151126,16.03,16.13,15.58,15.61,15.85,-0.24,-1.51,403354.03,635971.9
601808.SH,20151126,17.63,17.76,17.48,17.5,17.53,-0.03,-0.17,107217.2,188991.522
601818.SH,20151126,4.44,4.49,4.44,4.44,4.44,0.0,0.0,1233881.71,551104.921
601857.SH,20151126,9.0,9.02,8.95,8.97,8.98,-0.01,-0.11,598629.03,538023.648
601872.SH,20151126,7.88,8.14,7.81,8.04,7.87,0.17,2.16,1173160.32,937539.054
601880.SH,20151126,6.97,6.97,6.74,6.77,6.95,-0.18,-2.59,635981.91,435299.906
601886.SH,20151126,13.08,13.88,12.92,13.64,12.98,0.66,5.08,433235.5,582661.238
601888.SH,20151126,53.51,53.78,52.65,52.82,53.42,-0.6,-1.12,59515.28,314953.541
601890.SH,20151126,14.5,15.27,14.07,14.71,14.28,0.43,3.01,928770.62,1356833.641
601898.SH,20151126,6.51,6.67,6.51,6.56,6.53,0.03,0.46,449691.38,296342.165
601899.SH,20151126,3.7,3.76,3.67,3.69,3.72,-0.03,-0.81,1586091.73,588182.624
601901.SH,20151126,10.52,10.67,10.14,10.2,10.4,-0.2,-1.92,1861321.48,1933692.442
601908.SH,20151126,9.38,9.38,9.02,9.09,9.26,-0.17,-1.84,298170.08,272956.799
601918.SH,20151126,11.5,11.77,11.43,11.45,11.42,0.03,0.26,810872.33,938492.445
601928.SH,20151126,17.9,17.99,17.0,17.02,17.88,-0.86,-4.81,612892.55,1062301.948
601929.SH,20151126,7.39,7.43,7.01,7.02,7.17,-0.15,-2.09,679338.07,486633.085
601933.SH,20151126,10.75,10.77,10.47,10.48,10.69,-0.21,-1.96,420913.92,445597.775
601939.SH,20151126,5.8,5.84,5.78,5.79,5.78,0.01,0.17,593542.69,344756.414
601958.SH,20151126,8.68,9.16,8.57,8.83,8.73,0.1,1.15,452305.74,401297.735
601965.SH,20151126,10.14,10.23,9.97,10.01,10.1,-0.09,-0.89,114976.33,116025.153
601968.SH,20151126,15.4,15.5,15.01,15.05,15.32,-0.27,-1.76,197521.44,301032.15
601969.SH,20151126,16.0,16.43,15.73,15.98,16.04,-0.06,-0.37,93595.84,150229.79
601985.SH,20151126,10.49,10.53,10.3,10.33,10.49,-0.16,-1.53,1199162.38,1245738.63
601988.SH,20151126,4.08,4.09,4.05,4.07,4.08,-0.01,-0.25,2101011.58,855399.272
601989.SH,20151126,10.98,11.3,10.88,11.09,11.01,0.08,0.73,2966845.84,3286448.913
601991.SH,20151126,5.62,5.62,5.55,5.56,5.59,-0.03,-0.54,171618.38,95796.156
601992.SH,20151126,10.15,10.47,10.15,10.25,10.1,0.15,1.49,200395.25,206780.752
601996.SH,20151126,10.3,10.34,10.05,10.11,10.29,-0.18,-1.75,181846.57,185544.934
601998.SH,20151126,7.61,7.9,7.56,7.58,7.59,-0.01,-0.13,993893.6,764385.572
601999.SH,20151126,13.5,14.09,13.26,13.58,13.45,0.13,0.97,210863.07,288223.403
603000.SH,20151126,23.5,23.52,22.57,22.99,23.46,-0.47,-2.0,330121.62,759161.853
603001.SH,20151126,34.38,35.15,34.02,34.11,34.01,0.1,0.29,57260.78,197558.379
603002.SH,20151126,12.66,12.67,12.4,12.41,12.61,-0.2,-1.59,105996.49,132705.251
603003.SH,20151126,23.56,23.83,22.95,23.2,23.61,-0.41,-1.74,53632.99,124400.45
603005.SH,20151126,48.0,48.0,45.5,45.91,47.62,-1.71,-3.59,42965.88,198931.814
603006.SH,20151126,52.86,53.2,51.18,52.7,52.38,0.32,0.61,14678.89,76719.005
603008.SH,20151126,23.45,24.4,22.98,24.18,23.56,0.62,2.63,153935.72,364882.056
603009.SH,20151126,39.0,39.92,37.92,38.55,38.94,-0.39,-1.0,25086.95,98101.832
603010.SH,20151126,44.8,46.44,44.3,44.6,44.56,0.04,0.09,12686.99,57436.477
603011.SH,20151126,26.59,27.34,25.63,25.76,26.93,-1.17,-4.34,46529.51,123208.162
603012.SH,20151126,27.26,27.96,26.66,26.81,27.25,-0.44,-1.61,89379.46,243652.999
603015.SH,20151126,35.58,37.0,34.33,34.69,35.51,-0.82,-2.31,62312.72,222682.993
603017.SH,20151126,48.53,50.12,48.31,48.81,48.53,0.28,0.58,28892.21,142152.009
603018.SH,20151126,82.41,84.96,80.4,80.81,82.74,-1.93,-2.33,29692.78,246019.149
603019.SH,20151126,101.19,101.19,97.31,98.07,101.7,-3.63,-3.57,34451.23,340328.499
603020.SH,20151126,59.6,62.98,58.9,59.68,59.53,0.15,0.25,50972.1,310930.813
603021.SH,20151126,50.5,53.34,50.01,51.22,50.49,0.73,1.45,46397.15,239939.845
603022.SH,20151126,51.86,57.84,51.86,57.84,52.58,5.26,10.0,35788.68,201084.939
603023.SH,20151126,39.3,42.84,38.16,41.09,39.3,1.79,4.55,74531.34,301350.007
603025.SH,20151126,47.85,48.66,46.81,46.85,47.61,-0.76,-1.6,51114.42,243995.196
603026.SH,20151126,28.92,29.96,28.42,28.57,29.45,-0.88,-2.99,59305.65,172109.347
603030.SH,20151126,35.89,39.48,35.89,39.48,35.89,3.59,10.0,42762.07,165248.816
603066.SH,20151126,58.0,63.0,58.0,59.33,57.83,1.5,2.59,51331.13,311292.743
603077.SH,20151126,8.14,8.18,7.83,7.88,8.2,-0.32,-3.9,961843.07,771111.638
603085.SH,20151126,49.8,50.75,48.18,48.34,49.2,-0.86,-1.75,43000.32,212644.101
603088.SH,20151126,62.3,63.6,60.09,60.39,62.02,-1.63,-2.63,9907.28,60994.041
603099.SH,20151126,24.1,24.19,23.14,23.2,24.05,-0.85,-3.53,72747.7,171586.406
603100.SH,20151126,20.52,20.65,19.9,20.01,20.5,-0.49,-2.39,194270.07,393608.212
603108.SH,20151126,99.55,106.2,99.3,99.92,100.34,-0.42,-0.42,32764.06,337623.821
603111.SH,20151126,33.4,33.65,32.7,32.74,33.33,-0.59,-1.77,38725.66,128256.17
603116.SH,20151126,34.24,35.18,33.81,34.0,34.31,-0.31,-0.9,70316.58,242008.871
603117.SH,20151126,30.09,30.6,29.6,29.64,29.97,-0.33,-1.1,78205.09,235296.885
603118.SH,20151126,48.56,50.96,48.56,49.37,48.21,1.16,2.41,89763.07,446514.669
603123.SH,20151126,11.57,11.57,11.32,11.33,11.58,-0.25,-2.16,60192.03,68799.709
603126.SH,20151126,17.17,17.17,16.23,16.25,16.98,-0.73,-4.3,221544.85,367547.302
603128.SH,20151126,13.93,13.93,13.92,13.93,12.66,1.27,10.03,222222.28,309554.094
603158.SH,20151126,58.67,60.97,57.7,58.19,58.61,-0.42,-0.72,25234.63,149912.459
603166.SH,20151126,30.5,33.2,30.35,31.7,30.24,1.46,4.83,81772.14,260701.266
603167.SH,20151126,12.69,13.14,12.36,13.12,12.61,0.51,4.04,285659.84,363753.166
603168.SH,20151126,58.2,60.8,57.25,59.94,57.75,2.19,3.79,44018.25,260926.753
603169.SH,20151126,20.4,20.5,20.01,20.04,20.44,-0.4,-1.96,103627.63,209302.079
603188.SH,20151126,23.58,24.5,23.51,24.05,23.65,0.4,1.69,179384.18,432158.902
603198.SH,20151126,33.35,33.86,32.85,32.89,33.29,-0.4,-1.2,84336.09,281137.551
603199.SH,20151126,52.06,53.08,50.7,51.32,52.31,-0.99,-1.89,26176.09,136003.429
603222.SH,20151126,37.79,38.83,36.92,38.69,37.79,0.9,2.38,61361.27,232087.547
603223.SH,20151126,41.72,43.49,41.2,41.57,41.66,-0.09,-0.22,44969.83,190074.051
603227.SH,20151126,30.4,31.25,29.53,30.25,30.45,-0.2,-0.66,134489.83,408626.705
603268.SH,20151126,68.46,72.45,63.11,64.06,67.12,-3.06,-4.56,52792.94,356932.266
603288.SH,20151126,34.53,35.0,34.53,34.66,34.51,0.15,0.43,31337.26,109014.077
603300.SH,20151126,31.75,34.9,31.74,34.9,31.73,3.17,9.99,101474.12,337688.338
603306.SH,20151126,43.9,44.89,43.0,43.77,43.78,-0.01,-0.02,34022.31,150298.012
603308.SH,20151126,25.82,25.97,24.75,25.41,25.79,-0.38,-1.47,103387.34,262433.928
603309.SH,20151126,44.2,44.2,42.52,42.73,44.2,-1.47,-3.33,64106.24,276680.619
603311.SH,20151126,32.06,33.2,32.06,32.4,32.26,0.14,0.43,61195.29,200325.509
603315.SH,20151126,50.09,52.75,49.5,51.17,50.29,0.88,1.75,35859.48,183765.066
603328.SH,20151126,33.35,33.89,32.32,32.39,33.19,-0.8,-2.41,64266.63,212103.877
603333.SH,20151126,10.03,10.17,9.8,9.81,10.03,-0.22,-2.19,138128.04,137347.435
603338.SH,20151126,59.7,59.8,56.95,57.03,59.51,-2.48,-4.17,38531.83,224034.398
603355.SH,20151126,50.9,54.0,50.3,53.12,50.87,2.25,4.42,57644.93,300296.898
603366.SH,20151126,11.4,11.42,11.06,11.31,11.33,-0.02,-0.18,162164.09,182002.35
603368.SH,20151126,100.99,104.82,98.45,100.73,102.86,-2.13,-2.07,13351.12,135720.258
603369.SH,20151126,37.95,38.22,37.12,37.75,38.19,-0.44,-1.15,22504.5,84748.188
603399.SH,20151126,15.17,15.5,14.52,14.57,14.87,-0.3,-2.02,293156.46,438056.251
603456.SH,20151126,70.5,70.79,68.5,68.76,70.56,-1.8,-2.55,10093.55,70086.736
603518.SH,20151126,36.03,36.51,34.8,34.85,35.89,-1.04,-2.9,33920.6,121033.351
603519.SH,20151126,54.33,57.87,54.1,54.77,54.97,-0.2,-0.36,25467.63,142571.128
603555.SH,20151126,38.78,41.47,38.61,39.46,39.05,0.41,1.05,30750.51,123340.657
603558.SH,20151126,24.5,25.98,24.0,24.14,24.62,-0.48,-1.95,126416.91,315000.245
603566.SH,20151126,56.6,58.45,55.0,55.39,56.53,-1.14,-2.02,43412.01,246641.874
603567.SH,20151126,61.5,62.78,58.6,58.8,60.77,-1.97,-3.24,75875.54,460828.249
603568.SH,20151126,61.99,63.99,61.68,62.47,61.62,0.85,1.38,47152.3,297349.439
603588.SH,20151126,83.9,84.0,81.4,82.02,83.38,-1.36,-1.63,9493.02,78858.875
603589.SH,20151126,40.7,41.2,39.5,39.73,40.48,-0.75,-1.85,67306.32,272127.739
603598.SH,20151126,66.0,69.29,64.2,65.79,65.44,0.35,0.53,47294.07,314956.925
603599.SH,20151126,54.4,57.48,53.3,55.55,54.17,1.38,2.55,83590.3,466291.295
603600.SH,20151126,92.4,95.58,88.89,89.04,93.39,-4.35,-4.66,62188.58,574899.261
603601.SH,20151126,44.01,46.5,42.4,44.43,44.47,-0.04,-0.09,63992.84,281628.185
603606.SH,20151126,21.56,21.56,20.57,20.58,21.39,-0.81,-3.79,85228.45,178496.805
603609.SH,20151126,14.38,14.5,14.0,14.01,14.37,-0.36,-2.51,118215.5,167850.243
603611.SH,20151126,35.07,36.47,35.01,36.21,35.31,0.9,2.55,51931.0,186619.91
603616.SH,20151126,40.91,43.0,40.91,41.77,41.17,0.6,1.46,74925.53,315369.132
603618.SH,20151126,31.85,34.68,31.23,33.94,31.53,2.41,7.64,98976.77,323972.42
603636.SH,20151126,110.44,113.2,104.4,107.15,113.23,-6.08,-5.37,28537.97,310668.87
603669.SH,20151126,36.69,37.36,36.0,36.1,36.72,-0.62,-1.69,61735.24,225925.516
603678.SH,20151126,99.9,100.0,95.2,95.66,98.86,-3.2,-3.24,8284.44,80678.216
603686.SH,20151126,44.15,44.5,42.24,42.4,44.12,-1.72,-3.9,75884.91,327595.773
603688.SH,20151126,24.05,24.45,23.56,23.61,23.87,-0.26,-1.09,57982.13,139455.956
603698.SH,20151126,39.4,40.22,38.99,39.14,39.6,-0.46,-1.16,83218.73,329884.773
603699.SH,20151126,23.05,23.06,22.29,22.31,22.8,-0.49,-2.15,49727.51,112459.605
603703.SH,20151126,90.27,90.27,90.27,90.27,82.06,8.21,10.0,6037.55,54500.964
603718.SH,20151126,50.86,50.87,49.0,49.14,50.89,-1.75,-3.44,18960.69,94578.638
603729.SH,20151126,125.0,132.96,118.61,121.6,123.54,-1.94,-1.57,28074.54,347703.653
603766.SH,20151126,22.38,22.89,22.08,22.33,22.2,0.13,0.59,240999.89,540126.492
603788.SH,20151126,39.99,41.2,38.0,39.05,39.83,-0.78,-1.96,45854.43,182994.841
603789.SH,20151126,45.71,47.66,45.0,45.57,45.51,0.06,0.13,71284.87,331638.681
603799.SH,20151126,29.0,31.6,28.0,29.65,29.25,0.4,1.37,200687.32,596154.883
603806.SH,20151126,45.38,46.88,45.12,45.58,45.3,0.28,0.62,40524.59,186132.892
603808.SH,20151126,53.82,56.18,52.16,52.45,54.03,-1.58,-2.92,54676.96,295737.292
603818.SH,20151126,22.28,22.88,22.15,22.19,22.28,-0.09,-0.4,156330.63,352470.878
603838.SH,20151126,40.1,41.48,39.01,39.45,40.09,-0.64,-1.6,57601.69,232129.429
603883.SH,20151126,76.46,81.27,76.19,81.27,73.88,7.39,10.0,211322.87,1671324.893
603885.SH,20151126,75.03,75.46,72.17,72.21,75.11,-2.9,-3.86,59217.0,434629.674
603889.SH,20151126,31.76,31.97,30.83,31.2,31.64,-0.44,-1.39,40499.25,127456.102
603898.SH,20151126,36.58,36.74,35.05,35.23,36.58,-1.35,-3.69,91222.84,327070.924
603899.SH,20151126,42.05,42.21,41.21,41.5,41.92,-0.42,-1.0,29718.88,124027.45
603901.SH,20151126,33.25,33.55,32.5,32.59,33.39,-0.8,-2.4,50679.51,167164.323
603918.SH,20151126,90.27,98.5,90.0,90.94,91.8,-0.86,-0.94,33660.44,314339.12
603939.SH,20151126,45.92,48.12,45.87,46.64,45.92,0.72,1.57,99074.62,466715.589
603968.SH,20151126,31.91,32.5,31.05,31.2,31.86,-0.66,-2.07,56871.74,181205.9
603969.SH,20151126,20.01,20.35,19.55,19.58,19.95,-0.37,-1.85,69355.26,138246.643
603979.SH,20151126,33.43,34.75,32.93,33.07,33.31,-0.24,-0.72,109594.08,370285.388
603988.SH,20151126,50.5,51.54,49.18,49.27,50.55,-1.28,-2.53,29409.43,148447.685
603989.SH,20151126,40.2,40.28,38.5,38.75,39.8,-1.05,-2.64,80739.26,318187.362
603993.SH,20151126,5.49,5.79,5.35,5.54,5.58,-0.04,-0.72,3569292.43,1970106.338
603997.SH,20151126,29.1,30.67,28.95,29.2,29.02,0.18,0.62,141173.55,422879.646
603998.SH,20151126,45.89,50.38,45.7,48.61,45.89,2.72,5.93,52851.12,256926.115
